-504089.981095
-504089.981095
-497488.684450
-497488.684450
-494018.590161
-494018.590161
-491498.441864
-491498.441864
-489285.429256
-489285.429256
-487043.519931
-487043.519931
-484570.510150
-484570.510150
-481810.927817
-481810.927817
-478885.549883
-478885.549883
-464777.587573
-464777.587573
-462115.875916
-462115.875916
-459716.736622
-459716.736622
-450336.982259
-450336.982259
-448565.952443
-448565.952443
-447091.241672
-447091.241672
-443483.871160
-443483.871160
-442573.139320
-442573.139320
-439445.340404
-439445.340404
-438862.403470
-438862.403470
-433529.466622
-433529.466622
-433108.579078
-433108.579078
-432730.007725
-432730.007725
-432385.777928
-432385.777928
-432070.819215
-432070.819215
-429372.213681
-429372.213681
-429107.476239
-429107.476239
-428868.648871
-428868.648871
-428654.970219
-428654.970219
-428458.503860
-428458.503860
-428283.903702
-428283.903702
-428126.792044
-428126.792044
-425631.650691
-425631.650691
-425498.600118
-425498.600118
-425381.857665
-425381.857665
-425277.247093
-425277.247093
-425180.847712
-425180.847712
-425092.208184
-425092.208184
-425009.810965
-425009.810965
-424931.868986
-424931.868986
-424857.229599
-424857.229599
-424787.691876
-424787.691876
-424721.108745
-424721.108745
-424657.172191
-424657.172191
-424594.846512
-424594.846512
-424534.811102
-424534.811102
-424476.066973
-424476.066973
-424422.378739
-424422.378739
-424372.476355
-424372.476355
-424326.524142
-424326.524142
-424282.131646
-424282.131646
-424240.990715
-424240.990715
-424201.163768
-424201.163768
-424161.868471
-424161.868471
-424123.310109
-424123.310109
-424084.576839
-424084.576839
-424045.730205
-424045.730205
-424008.982934
-424008.982934
-423974.643884
-423974.643884
-423941.712553
-423941.712553
-423909.126389
-423909.126389
-423877.137639
-423877.137639
-423845.638202
-423845.638202
-421673.735678
-421673.735678
-421616.703206
-421616.703206
-421578.743728
-421578.743728
-421546.394420
-421546.394420
-421517.037385
-421517.037385
-421490.892485
-421490.892485
-421466.993915
-421466.993915
-421443.767948
-421443.767948
-421421.844557
-421421.844557
-421401.802690
-421401.802690
-419285.443000
-419285.443000
-419247.557248
-419247.557248
-419220.747063
-419220.747063
-419199.646854
-419199.646854
-419179.577215
-419179.577215
-417294.268162
-417294.268162
-417196.700196
-417196.700196
-417142.044468
-417142.044468
-417103.491004
-417103.491004
-417072.886966
-417072.886966
-417046.624203
-417046.624203
-417023.292296
-417023.292296
-417000.256393
-417000.256393
-416977.865838
-416977.865838
-416959.059698
-416959.059698
-416943.627306
-416943.627306
-416927.819594
-416927.819594
-416911.915722
-416911.915722
-416896.401355
-416896.401355
-416881.291725
-416881.291725
-414702.989916
-414702.989916
-414663.743395
-414663.743395
-414640.213990
-414640.213990
-414624.412750
-414624.412750
-414610.976363
-414610.976363
-414597.813669
-414597.813669
-414586.916679
-414586.916679
-414576.301088
-414576.301088
-414566.719415
-414566.719415
-414557.169746
-414557.169746
-414548.510074
-414548.510074
-414540.006385
-414540.006385
-414532.153756
-414532.153756
-414524.806944
-414524.806944
-414519.357587
-414519.357587
-414513.911533
-414513.911533
-414507.968845
-414507.968845
-414502.032903
-414502.032903
-414496.235349
-414496.235349
-414490.967402
-414490.967402
-414485.401921
-414485.401921
-414478.749547
-414478.749547
-414471.680155
-414471.680155
-414465.871988
-414465.871988
-414460.945233
-414460.945233
-414456.150393
-414456.150393
-414450.929254
-414450.929254
-414445.223641
-414445.223641
-414439.980004
-414439.980004
-414435.429888
-414435.429888
-414431.120949
-414431.120949
-414426.264029
-414426.264029
-414421.551048
-414421.551048
-414417.060679
-414417.060679
-414412.806808
-414412.806808
-414408.190859
-414408.190859
-414403.026300
-414403.026300
-414398.251459
-414398.251459
-414394.611937
-414394.611937
-414391.918167
-414391.918167
-414389.238496
-414389.238496
-414386.326716
-414386.326716
-414383.257646
-414383.257646
-414380.472508
-414380.472508
-414377.491538
-414377.491538
-414373.962447
-414373.962447
-414370.206454
-414370.206454
-414366.522141
-414366.522141
-414362.775129
-414362.775129
-414358.232184
-414358.232184
-414353.631125
-414353.631125
-414350.472500
-414350.472500
-414347.836284
-414347.836284
-414344.982058
-414344.982058
-414341.679754
-414341.679754
-414337.613550
-414337.613550
-414333.165422
-414333.165422
-414329.039159
-414329.039159
-412236.376198
-412236.376198
-412200.855505
-412200.855505
-412183.710383
-412183.710383
-412171.980514
-412171.980514
-412162.958698
-412162.958698
-412156.255204
-412156.255204
-412150.888273
-412150.888273
-412146.485023
-412146.485023
-412142.860256
-412142.860256
-412139.748486
-412139.748486
-412137.006638
-412137.006638
-412134.537332
-412134.537332
-412132.247277
-412132.247277
-412130.003596
-412130.003596
-412127.568352
-412127.568352
-412125.559936
-412125.559936
-412124.073597
-412124.073597
-412122.743446
-412122.743446
-412121.500845
-412121.500845
-412120.328811
-412120.328811
-412119.215436
-412119.215436
-412118.150347
-412118.150347
-412117.124123
-412117.124123
-412116.127886
-412116.127886
-412115.152838
-412115.152838
-412114.189647
-412114.189647
-412113.227484
-412113.227484
-412112.252273
-412112.252273
-412111.243092
-412111.243092
-412110.164023
-412110.164023
-412108.948400
-412108.948400
-412107.546796
-412107.546796
-412106.274121
-412106.274121
-412104.936900
-412104.936900
-412103.480087
-412103.480087
-412102.430657
-412102.430657
-410375.318146
-410375.318146
-410212.234084
-410212.234084
-410139.537195
-410139.537195
-410104.165913
-410104.165913
-410084.868837
-410084.868837
-410073.186295
-410073.186295
-410065.436262
-410065.436262
-410059.815964
-410059.815964
-410055.295023
-410055.295023
-410051.284875
-410051.284875
-410047.953725
-410047.953725
-410044.550545
-410044.550545
-410041.312504
-410041.312504
-410038.450075
-410038.450075
-410036.207372
-410036.207372
-410034.611199
-410034.611199
-410032.942810
-410032.942810
-410030.917222
-410030.917222
-410029.532540
-410029.532540
-410028.399999
-410028.399999
-410027.277281
-410027.277281
-410026.109575
-410026.109575
-410024.884054
-410024.884054
-410023.588128
-410023.588128
-410022.207213
-410022.207213
-410020.728598
-410020.728598
-410019.172501
-410019.172501
-410017.630641
-410017.630641
-410016.086778
-410016.086778
-410014.438447
-410014.438447
-410012.604975
-410012.604975
-410010.485422
-410010.485422
-410008.585869
-410008.585869
-410006.899400
-410006.899400
-410005.117250
-410005.117250
-410003.125967
-410003.125967
-410001.208532
-410001.208532
-409999.683644
-409999.683644
-409998.179880
-409998.179880
-409996.618599
-409996.618599
-409994.903433
-409994.903433
-409993.334740
-409993.334740
-409992.198807
-409992.198807
-409991.149604
-409991.149604
-409990.152804
-409990.152804
-409989.197124
-409989.197124
-409988.267692
-409988.267692
-409987.340127
-409987.340127
-409986.384132
-409986.384132
-409985.458807
-409985.458807
-409984.767901
-409984.767901
-409984.176300
-409984.176300
-409983.601441
-409983.601441
-409983.024662
-409983.024662
-409982.422178
-409982.422178
-409981.753114
-409981.753114
-409980.947906
-409980.947906
-409980.023442
-409980.023442
-409979.219877
-409979.219877
-409978.369356
-409978.369356
-409978.010034
-409978.010034
-409977.759604
-409977.759604
-409977.518570
-409977.518570
-409977.278220
-409977.278220
-409977.035428
-409977.035428
-409976.787238
-409976.787238
-409976.530293
-409976.530293
-409976.260501
-409976.260501
-409975.972521
-409975.972521
-409975.658832
-409975.658832
-409975.307879
-409975.307879
-409974.899947
-409974.899947
-409974.396507
-409974.396507
-409973.708054
-409973.708054
-409972.613315
-409972.613315
-409971.297083
-409971.297083
-409970.038797
-409970.038797
-409969.473858
-409969.473858
-409969.187938
-409969.187938
-409968.925291
-409968.925291
-409968.633690
-409968.633690
-409968.300290
-409968.300290
-409967.905046
-409967.905046
-409967.410096
-409967.410096
-409966.736070
-409966.736070
-409965.737519
-409965.737519
-409964.719737
-409964.719737
-409964.373225
-409964.373225
-409964.100553
-409964.100553
-409963.783971
-409963.783971
-409963.385778
-409963.385778
-409962.838040
-409962.838040
-409961.966390
-409961.966390
-409960.398490
-409960.398490
-409959.358015
-409959.358015
-409959.091629
-409959.091629
-409958.909803
-409958.909803
-409958.711575
-409958.711575
-409958.483014
-409958.483014
-409958.208235
-409958.208235
-409957.854803
-409957.854803
-409957.342060
-409957.342060
-409956.485953
-409956.485953
-409955.814736
-409955.814736
-409955.537987
-409955.537987
-409955.272373
-409955.272373
-409954.947194
-409954.947194
-409954.516205
-409954.516205
-409953.871338
-409953.871338
-409952.658133
-409952.658133
-409951.650144
-409951.650144
-409949.880900
-409949.880900
-409948.862934
-409948.862934
-409948.058182
-409948.058182
-409947.794172
-409947.794172
-409947.750139
-409947.750139
-409947.714297
-409947.714297
-409947.678345
-409947.678345
-409947.641999
-409947.641999
-409947.605195
-409947.605195
-409947.567876
-409947.567876
-409947.529982
-409947.529982
-409947.491452
-409947.491452
-409947.452220
-409947.452220
-409947.412215
-409947.412215
-409947.371361
-409947.371361
-409947.329574
-409947.329574
-409947.286764
-409947.286764
-409947.242830
-409947.242830
-409947.197662
-409947.197662
-409947.151138
-409947.151138
-409947.103122
-409947.103122
-409947.053460
-409947.053460
-409947.001980
-409947.001980
-409946.948485
-409946.948485
-409946.892753
-409946.892753
-409946.834526
-409946.834526
-409946.773504
-409946.773504
-409946.709340
-409946.709340
-409946.641619
-409946.641619
-409946.569852
-409946.569852
-409946.493442
-409946.493442
-409946.411663
-409946.411663
-409946.323608
-409946.323608
-409946.228129
-409946.228129
-409946.123739
-409946.123739
-409946.008456
-409946.008456
-409945.879556
-409945.879556
-409945.733133
-409945.733133
-409945.563281
-409945.563281
-409945.360411
-409945.360411
-409945.107361
-409945.107361
-409944.768912
-409944.768912
-409944.258945
-409944.258945
-409943.383920
-409943.383920
-409942.658417
-409942.658417
-409942.204015
-409942.204015
-409941.377933
-409941.377933
-409940.724444
-409940.724444
-409939.679514
-409939.679514
-409939.566598
-409939.566598
-409939.465067
-409939.465067
-409939.333190
-409939.333190
-409939.148142
-409939.148142
-409938.856046
-409938.856046
-409938.308789
-409938.308789
-409937.523729
-409937.523729
-409937.348047
-409937.348047
-409937.299190
-409937.299190
-409937.256294
-409937.256294
-409937.209156
-409937.209156
-409937.156107
-409937.156107
-409937.095336
-409937.095336
-409937.024188
-409937.024188
-409936.938500
-409936.938500
-409936.831266
-409936.831266
-409936.689542
-409936.689542
-409936.486397
-409936.486397
-409936.158960
-409936.158960
-409935.604457
-409935.604457
-409935.253112
-409935.253112
-409935.222666
-409935.222666
-409935.214916
-409935.214916
