-200991.539089
0
0.000000 0.000108 0.000000 0.000000 0.000000 0.000000 0.000000 0.000151 0.002749 0.010791 0.004199 0.005267 0.000180 0.000000 0.000000 0.001663 0.000923 0.000000 0.000000 0.002220 0.000000 0.000000 0.000000 0.001459 0.000426 0.000000 0.000000 0.000017 0.000000 0.000000 0.000000 0.000000 0.048590 0.053797 0.012906 0.043506 0.000000 0.001072 0.000000 0.000823 0.000551 0.000525 0.000000 0.001961 0.000000 0.000000 0.000000 0.000000 0.000000 0.000000 0.000000 0.000000 0.000000 0.000000 0.000000 0.000000 0.003464 0.012566 0.000792 0.012800 0.000167 0.000000 0.000248 0.000352 0.000000 0.000001 0.000000 0.004824 0.000000 0.000000 0.000000 0.000000 0.005792 0.001550 0.000000 0.010742 0.014999 0.000830 0.000452 0.032134 0.252511 0.191873 0.095105 0.157871 0.000542 0.000273 0.000000 0.002243 0.000399 0.001001 0.000552 0.000676 0.000000 0.000000 0.000862 0.000491 
0.017540 0.013899 0.004111 0.012921 0.007448 0.004218 0.001335 0.007131 0.017340 0.009094 0.035729 0.012092 0.007121 0.005286 0.007208 0.010175 0.016136 0.007982 0.015083 0.013299 0.005259 0.002750 0.003390 0.006987 0.016756 0.020209 0.003417 0.023968 0.005820 0.005419 0.002109 0.007395 0.011949 0.008737 0.027661 0.013598 0.005339 0.006716 0.012254 0.009629 0.007825 0.008474 0.014229 0.011063 0.004378 0.002937 0.006914 0.013588 0.013695 0.011773 0.004432 0.013909 0.003764 0.004485 0.001602 0.005713 0.018142 0.020113 0.035802 0.018700 0.003762 0.003844 0.005230 0.005462 0.009504 0.007582 0.007982 0.009117 0.001442 0.001415 0.004912 0.005446 0.022515 0.017207 0.002990 0.066588 0.003094 0.006156 0.000863 0.005926 0.000001 0.005781 0.039783 0.008276 0.007721 0.005488 0.006487 0.009420 0.009370 0.009276 0.007931 0.011680 0.008863 0.004458 0.005745 0.022635 
0.929011 0.070989 
0.480745 0.519255 
0.087201 0.912799 
0.000879 0.999121 
0.556911 0.443089 
0.027690 0.972310 
0.238338 0.761662 
0.073599 0.926401 
0.427238 0.572762 
0.071377 0.928623 
0.099497 0.900503 
0.038017 0.961983 
0.142997 0.857003 
0.078731 0.921269 
0.004795 0.995205 
0.075452 0.924548 
0.165451 0.834549 
0.691221 0.308779 
0.343504 0.656496 
0.047215 0.952785 
0.073571 0.926429 
0.080955 0.919045 
0.034400 0.965600 
0.068340 0.931660 
0.986790 0.013210 
0.130792 0.869208 
0.042533 0.957467 
0.867922 0.132078 
0.252967 0.747033 
0.048737 0.951263 
0.690758 0.309242 
0.363822 0.636178 
0.029399 0.970601 
0.103519 0.896481 
0.715610 0.284390 
0.034908 0.965092 
0.069653 0.930347 
0.081317 0.918683 
0.064283 0.935717 
0.236783 0.763217 
0.202482 0.797518 
0.551055 0.448945 
0.255223 0.744777 
0.144485 0.855515 
0.130947 0.869053 
0.910140 0.089860 
0.026486 0.973514 
0.082310 0.917690 
0.427059 0.572941 
0.002221 0.997779 
0.000907 0.999093 
0.962610 0.037390 
0.106759 0.893241 
0.416766 0.583234 
0.645687 0.354313 
0.024156 0.975844 
0.637184 0.362816 
0.250302 0.749698 
0.864609 0.135391 
0.604665 0.395335 
0.153273 0.846727 
0.001046 0.998954 
0.311103 0.688897 
0.030724 0.969276 
0.948899 0.051101 
0.012782 0.987218 
0.014257 0.985743 
0.088964 0.911036 
0.488454 0.511546 
0.714206 0.285794 
0.652849 0.347151 
0.006947 0.993053 
0.191145 0.808855 
0.368157 0.631843 
0.357846 0.642154 
0.190217 0.809783 
0.021667 0.978333 
0.103912 0.896088 
0.091133 0.908867 
0.621876 0.378124 
0.446931 0.553069 
0.005982 0.994018 
0.050093 0.949907 
0.048323 0.951677 
0.765678 0.234322 
0.948471 0.051529 
0.493926 0.506074 
0.542270 0.457730 
0.094250 0.905750 
0.013120 0.986880 
0.016724 0.983276 
0.002466 0.997534 
0.147958 0.852042 
0.503368 0.496632 
0.002838 0.997162 
0.346755 0.653245 
0.046019 0.953981 
0.065690 0.934310 
0.047378 0.952622 
0.045443 0.954557 
0.085104 0.914896 
0.022133 0.977867 
0.028762 0.971238 
0.141961 0.858039 
0.032070 0.967930 
0.083634 0.916366 
0.507385 0.492615 
0.024925 0.975075 
0.311640 0.688360 
0.071772 0.928228 
0.071811 0.928189 
0.030201 0.969799 
0.108866 0.891134 
0.984600 0.015400 
0.206045 0.793955 
0.041701 0.958299 
0.042617 0.957383 
0.147737 0.852263 
0.349529 0.650471 
0.300289 0.699711 
0.083689 0.916311 
0.018906 0.981094 
0.940197 0.059803 
0.455116 0.544884 
0.391149 0.608851 
0.136286 0.863714 
0.025987 0.974013 
0.008112 0.991888 
0.026166 0.973834 
0.490121 0.509879 
0.010699 0.989301 
0.503278 0.496722 
0.944920 0.055080 
0.614897 0.385103 
0.033732 0.966268 
0.777354 0.222646 
0.055022 0.944978 
0.090980 0.909020 
0.379568 0.620432 
0.167717 0.832283 
0.048585 0.951415 
0.278396 0.721604 
0.065405 0.934595 
0.058236 0.941764 
0.379843 0.620157 
0.055546 0.944454 
0.045896 0.954104 
0.836085 0.163915 
0.463052 0.536948 
0.992250 0.007750 
0.554455 0.445545 
0.411885 0.588115 
0.182434 0.817566 
0.189708 0.810292 
0.026061 0.973939 
0.101386 0.898614 
0.154617 0.845383 
0.058600 0.941400 
0.262898 0.737102 
0.500103 0.499897 
0.079269 0.920731 
0.184137 0.815863 
0.113968 0.886032 
0.680088 0.319912 
0.815548 0.184452 
0.080403 0.919597 
0.290960 0.709040 
0.062480 0.937520 
0.082158 0.917842 
0.044016 0.955984 
0.845027 0.154973 
0.062303 0.937697 
0.135982 0.864018 
0.005696 0.994304 
0.006877 0.993123 
0.314555 0.685445 
0.512849 0.487151 
0.254454 0.745546 
0.007591 0.992409 
0.137716 0.862284 
0.137988 0.862012 
0.465036 0.534964 
0.005671 0.994329 
0.100897 0.899103 
0.031122 0.968878 
0.073490 0.926510 
0.038700 0.961300 
0.399265 0.600735 
0.043521 0.956479 
0.038737 0.961263 
0.243374 0.756626 
0.000696 0.999304 
0.554263 0.445737 
0.099010 0.900990 
0.154125 0.845875 
0.172150 0.827850 
0.019247 0.980753 
0.079802 0.920198 
0.202652 0.797348 
0.049276 0.950724 
0.809543 0.190457 
0.035840 0.964160 
0.005346 0.994654 
0.021386 0.978614 
0.341714 0.658286 
0.042152 0.957848 
0.077634 0.922366 
0.442290 0.557710 
0.614569 0.385431 
0.083347 0.916653 
0.491143 0.508857 
0.033891 0.966109 
0.006615 0.993385 
0.421640 0.578360 
0.530424 0.469576 
0.001033 0.998967 
0.018357 0.981643 
0.062503 0.937497 
0.898476 0.101524 
0.387151 0.612849 
0.591921 0.408079 
0.000426 0.999574 
0.192916 0.807084 
0.640972 0.359028 
0.527419 0.472581 
0.057788 0.942212 
0.227863 0.772137 
0.002750 0.997250 
0.931798 0.068202 
0.012110 0.987890 
0.845303 0.154697 
0.671725 0.328275 
0.927818 0.072182 
0.001964 0.998036 
0.058508 0.941492 
0.128777 0.871223 
0.047288 0.952712 
0.141544 0.858456 
0.036842 0.963158 
0.943592 0.056408 
0.206888 0.793112 
0.107661 0.892339 
0.568690 0.431310 
0.859339 0.140661 
0.044075 0.955925 
0.181715 0.818285 
0.132185 0.867815 
0.082225 0.917775 
0.051241 0.948759 
0.042062 0.957938 
0.118218 0.881782 
0.981914 0.018086 
0.700775 0.299225 
0.036244 0.963756 
0.058047 0.941953 
0.039623 0.960377 
0.434431 0.565569 
0.282267 0.717733 
0.476435 0.523565 
0.001055 0.998945 
0.233486 0.766514 
0.043081 0.956919 
0.026169 0.973831 
0.922599 0.077401 
0.005315 0.994685 
0.039368 0.960632 
0.146405 0.853595 
0.482365 0.517635 
0.083918 0.916082 
0.071108 0.928892 
0.000461 0.999539 
0.017078 0.982922 
0.159420 0.840580 
0.065631 0.934369 
0.021332 0.978668 
0.015236 0.984764 
0.003673 0.996327 
0.032322 0.967678 
0.279588 0.720412 
0.083981 0.916019 
0.030536 0.969464 
0.026145 0.973855 
0.269765 0.730235 
0.181776 0.818224 
0.205111 0.794889 
0.282304 0.717696 
0.081682 0.918318 
0.083141 0.916859 
0.075270 0.924730 
0.017177 0.982823 
0.006383 0.993617 
0.249921 0.750079 
0.874955 0.125045 
0.887672 0.112328 
0.073312 0.926688 
0.040241 0.959759 
0.041814 0.958186 
0.579276 0.420724 
0.017805 0.982195 
0.008120 0.991880 
0.001511 0.998489 
0.502731 0.497269 
0.000346 0.999654 
0.101729 0.898271 
0.021035 0.978965 
0.046185 0.953815 
0.098870 0.901130 
0.466710 0.533290 
0.012985 0.987015 
0.894975 0.105025 
0.087511 0.912489 
0.793533 0.206467 
0.224075 0.775925 
0.092392 0.907608 
0.053032 0.946968 
0.001390 0.998610 
0.855047 0.144953 
0.033733 0.966267 
0.930849 0.069151 
0.001864 0.998136 
0.009857 0.990143 
0.961126 0.038874 
0.448105 0.551895 
0.786189 0.213811 
0.813523 0.186477 
0.114331 0.885669 
0.150297 0.849703 
0.001194 0.998806 
0.171474 0.828526 
0.035494 0.964506 
0.002153 0.997847 
0.049393 0.950607 
0.048284 0.951716 
0.087221 0.912779 
0.562264 0.437736 
0.659311 0.340689 
0.074839 0.925161 
0.090812 0.909188 
0.194196 0.805804 
0.002523 0.997477 
0.918181 0.081819 
0.036351 0.963649 
0.043881 0.956119 
0.516370 0.483630 
0.052230 0.947770 
0.929972 0.070028 
0.041010 0.958990 
0.487657 0.512343 
0.076660 0.923340 
0.572185 0.427815 
0.923856 0.076144 
0.651470 0.348530 
0.503227 0.496773 
0.661733 0.338267 
0.323001 0.676999 
0.238782 0.761218 
0.614657 0.385343 
0.040722 0.959278 
0.238084 0.761916 
0.132773 0.867227 
0.028585 0.971415 
0.255578 0.744422 
0.172362 0.827638 
0.005025 0.994975 
0.058990 0.941010 
0.001115 0.998885 
0.268349 0.731651 
0.351898 0.648102 
0.031861 0.968139 
0.089760 0.910240 
0.532998 0.467002 
0.055190 0.944810 
0.094159 0.905841 
0.915250 0.084750 
0.176895 0.823105 
0.067659 0.932341 
0.558698 0.441302 
0.095273 0.904727 
0.438877 0.561123 
0.030574 0.969426 
0.150052 0.849948 
0.034212 0.965788 
0.644197 0.355803 
0.000531 0.999469 
0.000511 0.999489 
0.042597 0.957403 
0.006353 0.993647 
0.255846 0.744154 
0.001807 0.998193 
0.638417 0.361583 
0.018644 0.981356 
0.053802 0.946198 
0.173391 0.826609 
0.086221 0.913779 
0.050571 0.949429 
0.018122 0.981878 
0.065698 0.934302 
0.063498 0.936502 
0.002549 0.997451 
0.403969 0.596031 
0.014889 0.985111 
0.003462 0.996538 
0.907940 0.092060 
0.140476 0.859524 
0.009284 0.990716 
0.379294 0.620706 
0.683483 0.316517 
0.090603 0.909397 
0.970968 0.029032 
0.006478 0.993522 
0.001304 0.998696 
0.194145 0.805855 
0.072040 0.927960 
0.874088 0.125912 
0.014241 0.985759 
0.473659 0.526341 
0.329002 0.670998 
0.878538 0.121462 
0.368482 0.631518 
0.038121 0.961879 
0.067729 0.932271 
0.069790 0.930210 
0.178387 0.821613 
0.408143 0.591857 
0.039733 0.960267 
0.127709 0.872291 
0.091059 0.908941 
0.071915 0.928085 
0.142955 0.857045 
0.893693 0.106307 
0.019960 0.980040 
0.737776 0.262224 
0.061901 0.938099 
0.902192 0.097808 
0.516729 0.483271 
0.437413 0.562587 
0.034701 0.965299 
0.086107 0.913893 
0.231032 0.768968 
0.496640 0.503360 
0.005803 0.994197 
0.961791 0.038209 
0.018688 0.981312 
0.002556 0.997444 
0.001176 0.998824 
0.136603 0.863397 
0.041759 0.958241 
0.970463 0.029537 
0.051237 0.948763 
0.516089 0.483911 
0.786254 0.213746 
0.107861 0.892139 
0.140599 0.859401 
0.000715 0.999285 
0.091201 0.908799 
0.078626 0.921374 
0.025557 0.974443 
0.000567 0.999433 
0.098597 0.901403 
0.300711 0.699289 
0.018209 0.981791 
0.021685 0.978315 
0.032465 0.967535 
0.120510 0.879490 
0.877050 0.122950 
0.048754 0.951246 
0.897534 0.102466 
0.016175 0.983825 
0.054565 0.945435 
0.092968 0.907032 
0.572145 0.427855 
0.102004 0.897996 
0.002708 0.997292 
0.544973 0.455027 
0.112389 0.887611 
0.037658 0.962342 
0.237025 0.762975 
0.050861 0.949139 
0.066064 0.933936 
0.049882 0.950118 
0.830378 0.169622 
0.111455 0.888545 
0.513272 0.486728 
0.373316 0.626684 
0.111979 0.888021 
0.896880 0.103120 
0.122800 0.877200 
0.010523 0.989477 
0.122886 0.877114 
0.252636 0.747364 
0.089221 0.910779 
0.074066 0.925934 
0.030217 0.969783 
0.052424 0.947576 
0.082719 0.917281 
0.533178 0.466822 
0.260310 0.739690 
0.620357 0.379643 
0.087751 0.912249 
0.130624 0.869376 
0.474257 1.24635 
