-196415.957147
0
0.002148 0.000000 0.000000 0.000000 0.000000 0.000000 0.000000 0.001716 0.031070 0.020351 0.159566 0.018931 0.000000 0.003800 0.000000 0.003980 0.011014 0.006933 0.018317 0.003029 0.000000 0.001412 0.000000 0.000002 0.007531 0.017146 0.005728 0.039781 0.000000 0.000000 0.000000 0.000000 0.009310 0.010495 0.108512 0.009145 0.000000 0.000574 0.000000 0.000000 0.005590 0.000923 0.024499 0.002023 0.000000 0.003053 0.001441 0.004849 0.000000 0.003574 0.000000 0.004789 0.000000 0.002200 0.000000 0.000000 0.056232 0.070474 0.141566 0.052369 0.000000 0.001353 0.000000 0.000440 0.014994 0.007055 0.008447 0.008015 0.000000 0.001118 0.000000 0.001430 0.000016 0.001431 0.000000 0.000001 0.000000 0.000000 0.000000 0.000000 0.000000 0.009054 0.048591 0.000141 0.001114 0.000000 0.000000 0.000002 0.007353 0.002954 0.012978 0.003782 0.000000 0.000807 0.000634 0.004218 
0.026946 0.022037 0.006501 0.017577 0.011779 0.006670 0.002111 0.010725 0.016279 0.006949 0.000000 0.011443 0.011356 0.006960 0.011399 0.014178 0.020479 0.008939 0.017111 0.019322 0.008317 0.002619 0.005362 0.007326 0.023631 0.025648 0.003296 0.020643 0.009203 0.008570 0.003335 0.011694 0.015434 0.009679 0.002158 0.017404 0.008443 0.010416 0.019378 0.015662 0.010608 0.012514 0.013485 0.016886 0.006589 0.003301 0.009707 0.014880 0.021657 0.017302 0.007008 0.018536 0.005953 0.006283 0.002533 0.009034 0.008124 0.004192 0.000000 0.007655 0.006037 0.005581 0.008401 0.008661 0.008179 0.006672 0.008897 0.008418 0.002280 0.001496 0.007595 0.007197 0.026271 0.024142 0.003903 0.027093 0.004905 0.009919 0.001604 0.009483 0.000000 0.003084 0.000067 0.007284 0.011822 0.008481 0.010259 0.014506 0.011338 0.010579 0.006314 0.015182 0.012793 0.004887 0.008235 0.015205 
0.000000 0.000000 0.000000 0.011440 0.000000 0.000000 0.000000 0.000000 0.000006 0.000777 0.000000 0.003749 0.000000 0.000000 0.000000 0.001791 0.004261 0.004531 0.000000 0.002937 0.000000 0.004847 0.000000 0.016241 0.001281 0.000000 0.000000 0.010497 0.000000 0.000000 0.000000 0.000000 0.000023 0.002215 0.010656 0.002857 0.000000 0.000001 0.000000 0.000000 0.000000 0.002696 0.000000 0.000004 0.001340 0.000878 0.002788 0.019315 0.000000 0.000000 0.000000 0.006790 0.000000 0.000000 0.000000 0.000000 0.000006 0.009297 0.019773 0.014546 0.000000 0.000000 0.000000 0.000000 0.005335 0.010895 0.002469 0.013433 0.000000 0.001323 0.000693 0.003558 0.039390 0.011067 0.003306 0.336090 0.000000 0.000000 0.000000 0.000000 0.000000 0.022010 0.230234 0.035488 0.000001 0.001370 0.000000 0.002357 0.003939 0.014141 0.006977 0.008006 0.004900 0.007476 0.002713 0.077285 
0.000000 0.000000 0.000000 0.000000 0.000000 0.000000 0.000000 0.000000 0.002354 0.011077 0.000000 0.005201 0.000000 0.000000 0.000000 0.001787 0.000830 0.000002 0.000000 0.002101 0.000000 0.000000 0.000000 0.000893 0.000002 0.000000 0.000000 0.000014 0.000000 0.000000 0.000000 0.000000 0.052225 0.057192 0.011807 0.046747 0.000000 0.001136 0.000000 0.000000 0.000000 0.000307 0.000000 0.001828 0.000000 0.000001 0.000001 0.000004 0.000000 0.000000 0.000000 0.000002 0.000000 0.000000 0.000000 0.000000 0.003452 0.012187 0.000000 0.011738 0.000000 0.000000 0.000000 0.000000 0.000002 0.000003 0.000001 0.004563 0.000000 0.000000 0.000000 0.000001 0.005194 0.001218 0.000000 0.000001 0.016076 0.000517 0.000000 0.034271 0.271087 0.200372 0.076738 0.163184 0.000536 0.000000 0.000000 0.002007 0.000003 0.000005 0.000004 0.000520 0.000000 0.000000 0.000801 0.000009 
0.003353 0.098055 0.000149 0.898444 
0.066524 0.024305 0.569766 0.339405 
0.083617 0.820220 0.000092 0.096072 
0.138428 0.859997 0.000039 0.001536 
0.140886 0.310111 0.000072 0.548931 
0.112416 0.817002 0.040893 0.029689 
0.135025 0.340733 0.344278 0.179965 
0.198645 0.407690 0.343550 0.050115 
0.000673 0.573570 0.000048 0.425710 
0.266240 0.652457 0.000065 0.081238 
0.566859 0.330718 0.000098 0.102325 
0.269539 0.682610 0.000082 0.047769 
0.012193 0.780276 0.040905 0.166626 
0.165771 0.227343 0.571253 0.035634 
0.045371 0.932591 0.000084 0.021954 
0.225411 0.693984 0.000085 0.080519 
0.342825 0.425730 0.074068 0.157377 
0.104195 0.216234 0.000102 0.679469 
0.225163 0.436337 0.000083 0.338417 
0.000617 0.951100 0.000041 0.048242 
0.134971 0.793619 0.000030 0.071379 
0.073499 0.846829 0.000045 0.079627 
0.215296 0.699063 0.044762 0.040878 
0.837179 0.054383 0.061914 0.046524 
0.004572 0.011148 0.000035 0.984245 
0.144692 0.023714 0.822581 0.009014 
0.337165 0.585475 0.029834 0.047526 
0.042551 0.048137 0.094016 0.815295 
0.048982 0.689075 0.000084 0.261859 
0.001641 0.150001 0.846701 0.001657 
0.002434 0.296002 0.000057 0.701506 
0.227261 0.379615 0.042327 0.350797 
0.214700 0.724127 0.031591 0.029582 
0.077611 0.501279 0.340721 0.080389 
0.051418 0.190516 0.079211 0.678856 
0.014439 0.722067 0.238928 0.024566 
0.168975 0.762759 0.000063 0.068203 
0.026457 0.714068 0.189548 0.069926 
0.412915 0.517987 0.000070 0.069029 
0.099793 0.005537 0.842631 0.052039 
0.344891 0.360965 0.104881 0.189263 
0.090101 0.331256 0.038117 0.540527 
0.699157 0.078304 0.000041 0.222497 
0.209201 0.648674 0.000059 0.142066 
0.553953 0.080821 0.277162 0.088064 
0.002514 0.089234 0.000034 0.908218 
0.043206 0.929828 0.000036 0.026931 
0.509519 0.405783 0.000046 0.084653 
0.496294 0.108137 0.000149 0.395420 
0.275815 0.720318 0.000065 0.003802 
0.198645 0.799507 0.000079 0.001768 
0.025761 0.034413 0.000044 0.939783 
0.260346 0.558618 0.079949 0.101087 
0.048698 0.524107 0.000033 0.427163 
0.045918 0.294914 0.000058 0.659111 
0.063110 0.905405 0.000086 0.031399 
0.193238 0.161640 0.044393 0.600729 
0.278109 0.408960 0.082926 0.230006 
0.023772 0.140822 0.000104 0.835302 
0.111652 0.297593 0.000097 0.590659 
0.174615 0.662449 0.000051 0.162885 
0.900003 0.078270 0.015619 0.006108 
0.186139 0.277260 0.270360 0.266241 
0.517504 0.453935 0.000076 0.028485 
0.017197 0.048251 0.013194 0.921358 
0.181279 0.806281 0.000041 0.012399 
0.089858 0.867234 0.027871 0.015037 
0.657501 0.169224 0.102004 0.071271 
0.027410 0.450740 0.028818 0.493031 
0.095214 0.145904 0.093357 0.665525 
0.001593 0.339319 0.000070 0.659018 
0.021222 0.949102 0.000095 0.029581 
0.517036 0.237921 0.083276 0.161767 
0.046381 0.073371 0.629056 0.251192 
0.506866 0.173804 0.000115 0.319214 
0.129370 0.682839 0.000093 0.187697 
0.235169 0.373805 0.388695 0.002331 
0.376388 0.466127 0.062019 0.095467 
0.444030 0.471061 0.000067 0.084842 
0.007900 0.043412 0.442758 0.505930 
0.079973 0.066511 0.583314 0.270202 
0.209364 0.658014 0.127646 0.004976 
0.057591 0.769390 0.124592 0.048427 
0.663094 0.147590 0.152704 0.036612 
0.130698 0.095709 0.098429 0.675165 
0.001626 0.053169 0.000036 0.945169 
0.372209 0.037597 0.173881 0.416313 
0.009289 0.435670 0.000068 0.554973 
0.559303 0.299733 0.055512 0.085453 
0.803664 0.163038 0.026272 0.007026 
0.084784 0.897809 0.000052 0.017355 
0.903392 0.094921 0.000028 0.001659 
0.030482 0.568865 0.267205 0.133449 
0.275856 0.202889 0.061848 0.459407 
0.050027 0.600176 0.348496 0.001301 
0.024810 0.632710 0.000059 0.342421 
0.491244 0.228277 0.274860 0.005619 
0.133050 0.792445 0.000097 0.074408 
0.291588 0.660255 0.000088 0.048069 
0.009548 0.942780 0.000074 0.047598 
0.001102 0.915830 0.000047 0.083021 
0.016105 0.958509 0.000029 0.025356 
0.004172 0.834015 0.133875 0.027938 
0.001857 0.859533 0.000069 0.138541 
0.004600 0.335433 0.658384 0.001583 
0.096073 0.500834 0.334066 0.069027 
0.103762 0.327968 0.082722 0.485548 
0.037257 0.938505 0.000050 0.024189 
0.514895 0.163476 0.037636 0.283993 
0.327167 0.599621 0.000029 0.073183 
0.176314 0.752064 0.000044 0.071579 
0.073699 0.885421 0.000046 0.040834 
0.488566 0.407171 0.000073 0.104191 
0.000910 0.020385 0.013520 0.965185 
0.098046 0.594434 0.112316 0.195204 
0.128807 0.615702 0.231575 0.023916 
0.080132 0.675482 0.207139 0.037247 
0.418443 0.347361 0.100036 0.134160 
0.062681 0.083367 0.619020 0.234932 
0.708344 0.040639 0.013259 0.237758 
0.072213 0.797740 0.042110 0.087937 
0.002952 0.865645 0.110976 0.020427 
0.038977 0.056250 0.000044 0.904729 
0.027245 0.305747 0.269664 0.397345 
0.073204 0.521733 0.000078 0.404984 
0.113506 0.751704 0.000060 0.134730 
0.001618 0.968534 0.000035 0.029814 
0.003827 0.975183 0.000042 0.020948 
0.058931 0.911082 0.000098 0.029889 
0.069101 0.399394 0.058492 0.473013 
0.072681 0.867110 0.045671 0.014537 
0.003119 0.427394 0.055330 0.514157 
0.000975 0.054509 0.028945 0.915571 
0.034854 0.254913 0.141006 0.569228 
0.055306 0.851049 0.056557 0.037088 
0.242940 0.009995 0.028082 0.718984 
0.679951 0.270081 0.000098 0.049871 
0.132876 0.771026 0.000069 0.096028 
0.044488 0.564067 0.000053 0.391392 
0.197071 0.636820 0.000053 0.166057 
0.003478 0.946083 0.000014 0.050424 
0.027187 0.472901 0.245729 0.254183 
0.066919 0.689547 0.188478 0.055055 
0.009714 0.914073 0.000053 0.076160 
0.144397 0.480070 0.000026 0.375506 
0.838310 0.046461 0.068572 0.046657 
0.035296 0.611771 0.330186 0.022747 
0.003103 0.155205 0.000059 0.841634 
0.486722 0.113957 0.000042 0.399279 
0.016649 0.002832 0.032734 0.947784 
0.053174 0.147219 0.288715 0.510892 
0.103923 0.494079 0.000080 0.401918 
0.074022 0.675158 0.064639 0.186181 
0.070755 0.329008 0.475493 0.124744 
0.111715 0.746879 0.114854 0.026553 
0.444043 0.445283 0.000067 0.110607 
0.037532 0.129062 0.767965 0.065441 
0.057945 0.019285 0.921733 0.001037 
0.541819 0.200419 0.000030 0.257731 
0.391336 0.112859 0.048946 0.446859 
0.723398 0.192998 0.000093 0.083511 
0.053944 0.255587 0.592709 0.097760 
0.149262 0.381456 0.400014 0.069268 
0.057348 0.205305 0.084046 0.653301 
0.075517 0.130194 0.000115 0.794174 
0.562481 0.355953 0.000080 0.081486 
0.051887 0.665197 0.000029 0.282887 
0.127810 0.808343 0.000047 0.063801 
0.560680 0.191879 0.179932 0.067509 
0.039433 0.919737 0.000047 0.040783 
0.001069 0.162632 0.000065 0.836235 
0.181442 0.714051 0.039030 0.065477 
0.005878 0.239598 0.707343 0.047181 
0.032166 0.815142 0.148902 0.003791 
0.083594 0.081097 0.834746 0.000563 
0.140254 0.417133 0.157957 0.284656 
0.111520 0.273046 0.130355 0.485079 
0.357571 0.392956 0.000076 0.249398 
0.035641 0.774555 0.185996 0.003808 
0.075708 0.788652 0.000031 0.135609 
0.063649 0.068866 0.864749 0.002736 
0.140488 0.289765 0.136099 0.433648 
0.038245 0.951655 0.000076 0.010024 
0.245031 0.536057 0.126889 0.092023 
0.001825 0.932204 0.031823 0.034148 
0.186289 0.736354 0.000080 0.077277 
0.139240 0.748011 0.072603 0.040146 
0.069586 0.515799 0.000082 0.414533 
0.119312 0.800930 0.026715 0.053044 
0.601203 0.332276 0.031490 0.035032 
0.076997 0.677850 0.000061 0.245093 
0.727609 0.271749 0.000070 0.000572 
0.145911 0.048239 0.377439 0.428410 
0.537088 0.254098 0.123785 0.085029 
0.439641 0.363696 0.058782 0.137880 
0.063893 0.756189 0.000076 0.179841 
0.134322 0.845549 0.000043 0.020086 
0.085109 0.792214 0.045414 0.077263 
0.244384 0.435962 0.139907 0.179748 
0.126499 0.818292 0.000059 0.055151 
0.002762 0.170342 0.040394 0.786502 
0.122847 0.836619 0.000054 0.040480 
0.070497 0.909176 0.000082 0.020245 
0.111008 0.475438 0.409773 0.003782 
0.031285 0.638694 0.000066 0.329956 
0.251557 0.697764 0.000084 0.050595 
0.708421 0.222423 0.000087 0.069069 
0.122491 0.438744 0.000046 0.438719 
0.063477 0.147950 0.257507 0.531066 
0.162801 0.745196 0.000076 0.091928 
0.006896 0.301937 0.278193 0.412974 
0.038307 0.926410 0.000046 0.035238 
0.083101 0.877905 0.024270 0.014724 
0.062223 0.511069 0.000097 0.426611 
0.275937 0.185389 0.058378 0.480296 
0.004186 0.800872 0.194085 0.000856 
0.304535 0.677044 0.000059 0.018362 
0.089543 0.697348 0.153320 0.059789 
0.057054 0.071758 0.000060 0.871128 
0.064154 0.541979 0.000101 0.393766 
0.132413 0.033307 0.337598 0.496682 
0.712906 0.286745 0.000039 0.000311 
0.388902 0.382165 0.045130 0.183802 
0.067132 0.135263 0.243550 0.554055 
0.026853 0.395367 0.063844 0.513936 
0.134086 0.808507 0.000020 0.057387 
0.194641 0.570491 0.000049 0.234819 
0.673121 0.275103 0.049286 0.002490 
0.094886 0.025188 0.013205 0.866721 
0.035611 0.952359 0.000067 0.011963 
0.039010 0.104631 0.047179 0.809180 
0.261656 0.066705 0.047748 0.623891 
0.021498 0.064521 0.000041 0.913940 
0.033737 0.951696 0.000096 0.014472 
0.078625 0.641184 0.231463 0.048728 
0.067223 0.749477 0.051088 0.132212 
0.107901 0.844430 0.000047 0.047622 
0.087033 0.671855 0.105833 0.135280 
0.307901 0.589502 0.063190 0.039406 
0.082116 0.009363 0.018248 0.890273 
0.002755 0.183034 0.692996 0.121215 
0.170053 0.363233 0.430091 0.036623 
0.025459 0.122645 0.379705 0.472190 
0.001112 0.088474 0.124182 0.786231 
0.541700 0.352396 0.072890 0.033014 
0.375232 0.119397 0.394458 0.110912 
0.049525 0.734884 0.077628 0.137963 
0.170071 0.706675 0.036166 0.087088 
0.132966 0.805405 0.000063 0.061566 
0.470932 0.081714 0.427018 0.020336 
0.154778 0.731486 0.000052 0.113685 
0.005172 0.029888 0.000041 0.964899 
0.036546 0.273992 0.000091 0.689371 
0.082554 0.878210 0.000053 0.039183 
0.071058 0.865407 0.000069 0.063467 
0.072389 0.337378 0.588470 0.001763 
0.200338 0.374373 0.000094 0.425195 
0.301542 0.428584 0.000077 0.269797 
0.026152 0.433820 0.064752 0.475276 
0.030979 0.876407 0.091314 0.001300 
0.001068 0.769469 0.000054 0.229409 
0.076942 0.555200 0.357160 0.010697 
0.105949 0.866536 0.000093 0.027423 
0.051238 0.048180 0.012336 0.888247 
0.000750 0.990538 0.000043 0.008670 
0.060759 0.747803 0.164979 0.026459 
0.002790 0.725149 0.125446 0.146616 
0.000996 0.318117 0.247844 0.433043 
0.144951 0.362618 0.451758 0.040672 
0.021348 0.896512 0.000081 0.082059 
0.146620 0.852811 0.000056 0.000512 
0.138282 0.746782 0.097888 0.017048 
0.626339 0.223185 0.000107 0.150369 
0.332555 0.599223 0.000054 0.068168 
0.030192 0.900079 0.046462 0.023267 
0.092720 0.881714 0.000055 0.025510 
0.052006 0.898245 0.045441 0.004307 
0.107610 0.777545 0.084104 0.030740 
0.347914 0.149531 0.313169 0.189385 
0.103071 0.012255 0.882575 0.002100 
0.079701 0.211776 0.706595 0.001928 
0.026549 0.904280 0.040598 0.028573 
0.056625 0.474570 0.225433 0.243371 
0.650821 0.160011 0.047423 0.141745 
0.007231 0.279404 0.539298 0.174067 
0.135103 0.576874 0.000091 0.287932 
0.076886 0.159063 0.756185 0.007867 
0.055349 0.706844 0.158553 0.079255 
0.046930 0.874164 0.000034 0.078871 
0.420880 0.560337 0.000034 0.018749 
0.018397 0.952044 0.000112 0.029447 
0.164882 0.579626 0.000039 0.255453 
0.029473 0.113586 0.000077 0.856865 
0.004081 0.042859 0.126433 0.826627 
0.040489 0.098592 0.859472 0.001447 
0.003423 0.782870 0.179003 0.034704 
0.691851 0.268696 0.000111 0.039342 
0.002115 0.401825 0.000078 0.595982 
0.067851 0.868716 0.030108 0.033325 
0.041042 0.948197 0.000022 0.010739 
0.322330 0.618200 0.057045 0.002426 
0.018478 0.487666 0.000097 0.493759 
0.077562 0.879352 0.042763 0.000324 
0.459046 0.434595 0.000095 0.106264 
0.012048 0.938210 0.000075 0.049667 
0.815813 0.069861 0.083857 0.030468 
0.179562 0.571693 0.164644 0.084102 
0.043144 0.301490 0.243558 0.411808 
0.101792 0.883267 0.000085 0.014857 
0.004399 0.094970 0.000094 0.900537 
0.504845 0.409540 0.000029 0.085586 
0.132854 0.105804 0.018132 0.743211 
0.207363 0.571497 0.000081 0.221060 
0.097715 0.739203 0.068002 0.095080 
0.019923 0.707679 0.225792 0.046607 
0.177410 0.819669 0.000084 0.002837 
0.080939 0.089927 0.000041 0.829093 
0.050010 0.707406 0.220806 0.021779 
0.038119 0.053493 0.000044 0.908344 
0.043064 0.300582 0.655837 0.000517 
0.063350 0.908303 0.000092 0.028256 
0.001627 0.049233 0.000034 0.949106 
0.496873 0.044631 0.035226 0.423270 
0.001478 0.215218 0.000081 0.783223 
0.056927 0.089548 0.104248 0.749276 
0.008862 0.749170 0.130105 0.111864 
0.003036 0.839625 0.000029 0.157310 
0.466312 0.532323 0.000089 0.001276 
0.679687 0.164518 0.000064 0.155731 
0.020697 0.941717 0.000064 0.037522 
0.132613 0.862494 0.000079 0.004814 
0.558819 0.037196 0.378585 0.025400 
0.156862 0.794745 0.000048 0.048345 
0.180520 0.728716 0.000083 0.090681 
0.060225 0.371442 0.000064 0.568269 
0.295179 0.070075 0.015764 0.618982 
0.727030 0.192235 0.000110 0.080625 
0.066626 0.733735 0.106806 0.092832 
0.107970 0.395730 0.368526 0.127774 
0.063567 0.876646 0.055588 0.004198 
0.001146 0.064270 0.056453 0.878131 
0.004194 0.957129 0.000032 0.038644 
0.013108 0.921277 0.000109 0.065507 
0.021100 0.451821 0.000071 0.527009 
0.059273 0.883784 0.000085 0.056858 
0.003462 0.071819 0.000038 0.924682 
0.047771 0.907399 0.000072 0.044758 
0.003749 0.086841 0.543563 0.365848 
0.048900 0.871336 0.000043 0.079721 
0.127235 0.232086 0.092837 0.547842 
0.006317 0.065531 0.000047 0.928105 
0.061455 0.294786 0.000101 0.643659 
0.035839 0.461791 0.000061 0.502309 
0.284153 0.095155 0.000049 0.620643 
0.553172 0.129614 0.048489 0.268725 
0.028195 0.718570 0.000048 0.253187 
0.006669 0.374080 0.000044 0.619207 
0.857465 0.122736 0.000057 0.019742 
0.245819 0.510486 0.000042 0.243653 
0.434523 0.434745 0.000072 0.130660 
0.372645 0.595984 0.000023 0.031347 
0.398456 0.308596 0.054379 0.238568 
0.687953 0.137287 0.008699 0.166061 
0.058632 0.926989 0.000070 0.014309 
0.040196 0.888417 0.000083 0.071303 
0.749731 0.245894 0.000039 0.004337 
0.116495 0.015671 0.748281 0.119553 
0.067967 0.020399 0.706236 0.205398 
0.044118 0.924319 0.000061 0.031502 
0.027474 0.851809 0.000087 0.120630 
0.106093 0.356705 0.000081 0.537121 
0.835816 0.120861 0.000116 0.043207 
0.028066 0.859697 0.000047 0.112189 
0.034318 0.059557 0.027510 0.878616 
0.245192 0.518414 0.066789 0.169605 
0.258129 0.395030 0.316552 0.030289 
0.145190 0.241951 0.086870 0.525989 
0.068171 0.044729 0.882976 0.004123 
0.130220 0.368302 0.081693 0.419785 
0.930893 0.011993 0.031403 0.025711 
0.415675 0.432218 0.000039 0.152068 
0.126129 0.842723 0.000059 0.031089 
0.002511 0.336518 0.000036 0.660935 
0.077863 0.920992 0.000111 0.001033 
0.919871 0.079601 0.000163 0.000364 
0.530855 0.427414 0.000052 0.041678 
0.121484 0.819435 0.046596 0.012485 
0.529020 0.206991 0.020155 0.243833 
0.085091 0.911174 0.000073 0.003663 
0.034679 0.322725 0.016973 0.625623 
0.082417 0.807186 0.092014 0.018383 
0.001047 0.948241 0.000030 0.050682 
0.157600 0.657710 0.000077 0.184613 
0.308579 0.602541 0.000070 0.088811 
0.051650 0.881684 0.000214 0.066451 
0.166747 0.798814 0.014759 0.019679 
0.018501 0.412313 0.546982 0.022204 
0.502662 0.411399 0.025707 0.060232 
0.040521 0.910658 0.041826 0.006995 
0.026305 0.562748 0.000072 0.410875 
0.015427 0.971157 0.000044 0.013372 
0.095261 0.809151 0.091224 0.004364 
0.000887 0.112569 0.000113 0.886431 
0.070482 0.089196 0.812486 0.027837 
0.225649 0.489767 0.281559 0.003025 
0.030498 0.568837 0.000100 0.400565 
0.095742 0.234368 0.000090 0.669800 
0.017339 0.667998 0.240367 0.074295 
0.001269 0.037139 0.015680 0.945912 
0.028000 0.957173 0.000043 0.014784 
0.054236 0.905806 0.037515 0.002443 
0.048788 0.476418 0.325830 0.148964 
0.097723 0.821625 0.000058 0.080594 
0.002824 0.094515 0.051040 0.851622 
0.001756 0.984172 0.000040 0.014032 
0.202406 0.311924 0.026353 0.459318 
0.209806 0.459748 0.000152 0.330293 
0.145357 0.011282 0.035973 0.807388 
0.090788 0.026312 0.715110 0.167790 
0.101500 0.857878 0.000043 0.040578 
0.051538 0.816791 0.058307 0.073364 
0.087811 0.830341 0.000097 0.081751 
0.431035 0.116655 0.325194 0.127116 
0.033456 0.419936 0.165366 0.381243 
0.047149 0.873597 0.038034 0.041221 
0.024601 0.836004 0.000088 0.139306 
0.189352 0.098749 0.708444 0.003454 
0.671121 0.260345 0.000079 0.068455 
0.025967 0.747739 0.079287 0.147007 
0.020754 0.099422 0.000052 0.879772 
0.096276 0.829798 0.053839 0.020087 
0.018813 0.144397 0.137219 0.699570 
0.049886 0.414025 0.532790 0.003299 
0.059401 0.037718 0.031464 0.871418 
0.219447 0.280553 0.000028 0.499973 
0.347750 0.095955 0.191037 0.365258 
0.095774 0.832747 0.033283 0.038196 
0.592950 0.320222 0.000085 0.086743 
0.491696 0.194209 0.132256 0.181839 
0.094350 0.352332 0.076942 0.476375 
0.034941 0.889005 0.063824 0.012230 
0.001418 0.052453 0.000033 0.946096 
0.078749 0.902401 0.000072 0.018778 
0.013368 0.939513 0.039718 0.007401 
0.122828 0.869245 0.005438 0.002489 
0.766577 0.124189 0.000040 0.109195 
0.054162 0.856645 0.048196 0.040998 
0.017027 0.012987 0.029636 0.940350 
0.100565 0.843296 0.000058 0.056082 
0.047417 0.145340 0.389547 0.417695 
0.056782 0.169438 0.000053 0.773728 
0.342171 0.552256 0.000044 0.105528 
0.089780 0.099976 0.741643 0.068601 
0.678685 0.320286 0.000026 0.001003 
0.078002 0.824361 0.000092 0.097545 
0.033568 0.199660 0.765298 0.001474 
0.668487 0.309248 0.000101 0.022164 
0.085666 0.912959 0.000089 0.001286 
0.033962 0.034639 0.929733 0.001666 
0.051960 0.060161 0.699046 0.188832 
0.056095 0.918087 0.000029 0.025789 
0.804901 0.151244 0.016670 0.027185 
0.061900 0.895542 0.000069 0.042490 
0.018567 0.430059 0.472565 0.078809 
0.020199 0.114588 0.000103 0.865110 
0.311505 0.499117 0.155110 0.034267 
0.004484 0.076192 0.035066 0.884258 
0.432027 0.327761 0.236644 0.003568 
0.524080 0.244358 0.191228 0.040334 
0.003560 0.167443 0.822557 0.006440 
0.046090 0.371126 0.000056 0.582727 
0.176453 0.011176 0.809003 0.003367 
0.030338 0.867523 0.098975 0.003164 
0.137142 0.280151 0.058835 0.523872 
0.105041 0.595028 0.208106 0.091824 
0.876563 0.097630 0.000033 0.025774 
0.291026 0.476803 0.000061 0.232110 
0.020193 0.926454 0.000043 0.053310 
0.193150 0.602010 0.148736 0.056103 
0.183347 0.688170 0.079040 0.049443 
0.001156 0.150055 0.038578 0.810211 
0.064871 0.233316 0.680704 0.021109 
0.005347 0.456640 0.000058 0.537955 
0.297646 0.342696 0.000087 0.359571 
0.451560 0.126013 0.352819 0.069608 
0.019995 0.066109 0.057580 0.856316 
0.114040 0.430538 0.378184 0.077238 
0.117567 0.450358 0.430024 0.002051 
0.071944 0.566599 0.256846 0.104611 
0.060351 0.331110 0.416539 0.192000 
0.439251 0.444543 0.022703 0.093502 
0.367905 0.049222 0.558292 0.024582 
0.156706 0.812284 0.000073 0.030936 
0.034687 0.914649 0.000030 0.050634 
0.111383 0.537403 0.310847 0.040366 
0.097138 0.376865 0.000046 0.525952 
0.089540 0.573763 0.069774 0.266924 
0.180298 0.221582 0.000095 0.598025 
0.088720 0.821766 0.000050 0.089463 
0.049487 0.809237 0.000060 0.141216 
0.478543 1.00233 0.206308 0.507589 
