-1002077.945013
0
0.018017 0.015529 0.004170 0.014761 0.007900 0.004612 0.001509 0.006838 0.017642 0.009084 0.043025 0.012604 0.007019 0.005232 0.006461 0.009987 0.014884 0.007182 0.013505 0.014301 0.005066 0.002138 0.003963 0.006928 0.018516 0.020699 0.003479 0.025023 0.005962 0.005177 0.001716 0.007011 0.011448 0.008587 0.029988 0.013128 0.004993 0.006908 0.011272 0.009814 0.007010 0.007315 0.011230 0.010302 0.003407 0.003182 0.006446 0.012353 0.014852 0.013176 0.004809 0.013826 0.003568 0.005054 0.001247 0.005139 0.016804 0.018774 0.037474 0.017305 0.004432 0.004118 0.005993 0.005789 0.009640 0.007319 0.007387 0.009024 0.001530 0.001315 0.004349 0.004468 0.022282 0.018760 0.003435 0.067617 0.003452 0.005870 0.001044 0.006504 0.000000 0.004613 0.043407 0.007447 0.007683 0.005165 0.005707 0.009931 0.008058 0.008057 0.007215 0.011129 0.007968 0.004385 0.004648 0.020905 
0.000389 0.000606 0.000000 0.000111 0.000000 0.000198 0.000000 0.000268 0.002785 0.010979 0.001022 0.003384 0.000256 0.000563 0.000721 0.001905 0.001303 0.000119 0.000426 0.001137 0.000000 0.000000 0.000414 0.000196 0.000469 0.000000 0.000000 0.000300 0.000000 0.000268 0.000210 0.000403 0.047137 0.056473 0.011958 0.046244 0.000000 0.001038 0.000329 0.000825 0.000472 0.000924 0.000260 0.002360 0.000164 0.000197 0.000468 0.000034 0.000000 0.000000 0.000000 0.000000 0.000000 0.000140 0.000000 0.000000 0.002781 0.011711 0.000000 0.009927 0.000000 0.000000 0.000000 0.000880 0.000000 0.000000 0.000000 0.004929 0.000000 0.000000 0.000791 0.000291 0.007086 0.003860 0.001224 0.009412 0.016477 0.000162 0.000638 0.029694 0.253912 0.193622 0.086896 0.157596 0.000280 0.000629 0.000554 0.002985 0.000913 0.000966 0.000996 0.001179 0.000000 0.000675 0.000672 0.000808 
0.999657 0.000343 
0.928948 0.071052 
0.030928 0.969072 
0.837697 0.162303 
0.617939 0.382061 
0.971857 0.028143 
0.961947 0.038053 
0.862437 0.137563 
0.002748 0.997252 
0.942985 0.057015 
0.980872 0.019128 
0.994786 0.005214 
0.800337 0.199663 
0.711720 0.288280 
0.952774 0.047226 
0.457535 0.542465 
0.900654 0.099346 
0.943433 0.056567 
0.921414 0.078586 
0.221076 0.778924 
0.711445 0.288555 
0.950657 0.049343 
0.765348 0.234652 
0.946570 0.053430 
0.169153 0.830847 
0.951844 0.048156 
0.774001 0.225999 
0.453820 0.546180 
0.972630 0.027370 
0.949507 0.050493 
0.506215 0.493785 
0.964607 0.035393 
0.731675 0.268325 
0.769347 0.230653 
0.147648 0.852352 
0.977815 0.022185 
0.646376 0.353624 
0.184461 0.815539 
0.907536 0.092464 
0.956980 0.043020 
0.891211 0.108789 
0.957811 0.042189 
0.959376 0.040624 
0.926111 0.073889 
0.477118 0.522882 
0.654079 0.345921 
0.976044 0.023956 
0.989720 0.010280 
0.847087 0.152913 
0.789453 0.210547 
0.766700 0.233300 
0.453803 0.546197 
0.368326 0.631674 
0.441155 0.558845 
0.816182 0.183818 
0.748213 0.251787 
0.008692 0.991308 
0.032894 0.967106 
0.923557 0.076443 
0.941338 0.058662 
0.949908 0.050092 
0.860208 0.139792 
0.893325 0.106675 
0.329686 0.670314 
0.782235 0.217765 
0.912615 0.087385 
0.838914 0.161086 
0.047744 0.952256 
0.896184 0.103816 
0.981420 0.018580 
0.102118 0.897882 
0.937067 0.062933 
0.975538 0.024462 
0.526076 0.473924 
0.153803 0.846197 
0.863324 0.136676 
0.954647 0.045353 
0.648713 0.351287 
0.896488 0.103512 
0.858575 0.141425 
0.957220 0.042780 
0.895720 0.104280 
0.972952 0.027048 
0.833358 0.166642 
0.072500 0.927500 
0.955032 0.044968 
0.451558 0.548442 
0.954461 0.045539 
0.943840 0.056160 
0.706761 0.293239 
0.024875 0.975125 
0.936531 0.063469 
0.909521 0.090479 
0.927245 0.072755 
0.999751 0.000249 
0.923145 0.076855 
0.010568 0.989432 
0.973794 0.026206 
0.951487 0.048513 
0.846245 0.153755 
0.798306 0.201694 
0.969872 0.030128 
0.994756 0.005244 
0.101282 0.898718 
0.956180 0.043820 
0.972809 0.027191 
0.957801 0.042199 
0.924620 0.075380 
0.793263 0.206737 
0.906440 0.093560 
0.856317 0.143683 
0.777334 0.222666 
0.903507 0.096493 
0.494315 0.505685 
0.869845 0.130155 
0.920337 0.079663 
0.985589 0.014411 
0.893452 0.106548 
0.671892 0.328108 
0.727428 0.272572 
0.608385 0.391615 
0.931002 0.068998 
0.933266 0.066734 
0.895530 0.104470 
0.952556 0.047444 
0.993007 0.006993 
0.740641 0.259359 
0.923063 0.076937 
0.954622 0.045378 
0.936223 0.063777 
0.924684 0.075316 
0.976989 0.023011 
0.982798 0.017202 
0.165814 0.834186 
0.926528 0.073472 
0.905999 0.094001 
0.981825 0.018175 
0.914216 0.085784 
0.955507 0.044493 
0.928281 0.071719 
0.869853 0.130147 
0.827555 0.172445 
0.900403 0.099597 
0.728530 0.271470 
0.840584 0.159416 
0.980008 0.019992 
0.977122 0.022878 
0.940096 0.059904 
0.789812 0.210188 
0.883395 0.116605 
0.954336 0.045664 
0.018852 0.981148 
0.653456 0.346544 
0.983329 0.016671 
0.957860 0.042140 
0.573739 0.426261 
0.975786 0.024214 
0.778447 0.221553 
0.981250 0.018750 
0.947673 0.052327 
0.968737 0.031263 
0.374901 0.625099 
0.926430 0.073570 
0.989626 0.010374 
0.981789 0.018211 
0.756639 0.243361 
0.136907 0.863093 
0.965342 0.034658 
0.775024 0.224976 
0.971243 0.028757 
0.402770 0.597230 
0.901377 0.098623 
0.927492 0.072508 
0.656791 0.343209 
0.978254 0.021746 
0.937555 0.062445 
0.985719 0.014281 
0.935565 0.064435 
0.950950 0.049050 
0.759990 0.240010 
0.509953 0.490047 
0.926979 0.073021 
0.585606 0.414394 
0.963347 0.036653 
0.814964 0.185036 
0.912709 0.087291 
0.985631 0.014369 
0.953480 0.046520 
0.290049 0.709951 
0.890648 0.109352 
0.615467 0.384533 
0.253116 0.746884 
0.985444 0.014556 
0.978126 0.021874 
0.221660 0.778340 
0.944617 0.055383 
0.972899 0.027101 
0.955627 0.044373 
0.553464 0.446536 
0.969069 0.030931 
0.918221 0.081779 
0.899205 0.100795 
0.903978 0.096022 
0.963299 0.036701 
0.400715 0.599285 
0.912399 0.087601 
0.776726 0.223274 
0.942568 0.057432 
0.700006 0.299994 
0.977822 0.022178 
0.027243 0.972757 
0.993934 0.006066 
0.941850 0.058150 
0.473955 0.526045 
0.983065 0.016935 
0.971093 0.028907 
0.988392 0.011608 
0.930705 0.069295 
0.841014 0.158986 
0.592194 0.407806 
0.432707 0.567293 
0.574011 0.425989 
0.926467 0.073533 
0.937623 0.062377 
0.936279 0.063721 
0.865712 0.134288 
0.295794 0.704206 
0.765246 0.234754 
0.981656 0.018344 
0.961435 0.038565 
0.318326 0.681674 
0.045863 0.954137 
0.915451 0.084549 
0.684176 0.315824 
0.975006 0.024994 
0.753489 0.246511 
0.288461 0.711539 
0.904729 0.095271 
0.073111 0.926889 
0.982136 0.017864 
0.900625 0.099375 
0.918937 0.081063 
0.976407 0.023593 
0.130684 0.869316 
0.353106 0.646894 
0.870126 0.129874 
0.950446 0.049554 
0.946876 0.053124 
0.861599 0.138401 
0.567688 0.432312 
0.985585 0.014415 
0.989619 0.010381 
0.965103 0.034897 
0.705861 0.294139 
0.465406 0.534594 
0.319573 0.680427 
0.980078 0.019922 
0.627306 0.372694 
0.959862 0.040138 
0.330634 0.669366 
0.848948 0.151052 
0.886122 0.113878 
0.947398 0.052602 
0.983989 0.016011 
0.357518 0.642482 
0.468538 0.531462 
0.518457 0.481543 
0.824439 0.175561 
0.956584 0.043416 
0.575945 0.424055 
0.954838 0.045162 
0.960686 0.039314 
0.958471 0.041529 
0.869842 0.130158 
0.891729 0.108271 
0.952600 0.047400 
0.385663 0.614337 
0.330793 0.669207 
0.071354 0.928646 
0.908114 0.091886 
0.739481 0.260519 
0.923934 0.076066 
0.666282 0.333718 
0.611854 0.388146 
0.974359 0.025641 
0.929875 0.070125 
0.928070 0.071930 
0.992194 0.007806 
0.267346 0.732654 
0.985577 0.014423 
0.928398 0.071602 
0.657853 0.342147 
0.988094 0.011906 
0.938165 0.061835 
0.839816 0.160184 
0.985387 0.014613 
0.219529 0.780471 
0.971453 0.028547 
0.256325 0.743675 
0.627775 0.372225 
0.857113 0.142887 
0.408139 0.591861 
0.896504 0.103496 
0.229346 0.770654 
0.246271 0.753729 
0.011415 0.988585 
0.929697 0.070303 
0.979723 0.020277 
0.203329 0.796671 
0.807728 0.192272 
0.966416 0.033584 
0.975708 0.024292 
0.882865 0.117135 
0.401166 0.598834 
0.454164 0.545836 
0.114262 0.885738 
0.293262 0.706738 
0.984156 0.015844 
0.907673 0.092327 
0.721415 0.278585 
0.973703 0.026297 
0.821709 0.178291 
0.989086 0.010914 
0.906129 0.093871 
0.039741 0.960259 
0.875119 0.124881 
0.963640 0.036360 
0.968579 0.031421 
0.932554 0.067446 
0.246611 0.753389 
0.968670 0.031330 
0.919461 0.080539 
0.986088 0.013912 
0.975360 0.024640 
0.951151 0.048849 
0.892935 0.107065 
0.957771 0.042229 
0.955604 0.044396 
0.960164 0.039836 
0.963341 0.036659 
0.975650 0.024350 
0.239967 0.760033 
0.825132 0.174868 
0.291822 0.708178 
0.826078 0.173922 
0.359882 0.640118 
0.916913 0.083087 
0.952008 0.047992 
0.779031 0.220969 
0.600097 0.399903 
0.012379 0.987621 
0.381448 0.618552 
0.926263 0.073737 
0.960012 0.039988 
0.922178 0.077822 
0.984254 0.015746 
0.072581 0.927419 
0.966504 0.033496 
0.013755 0.986245 
0.946075 0.053925 
0.956273 0.043727 
0.983475 0.016525 
0.955515 0.044485 
0.910881 0.089119 
0.923888 0.076112 
0.929672 0.070328 
0.847945 0.152055 
0.388830 0.611170 
0.976635 0.023365 
0.680273 0.319727 
0.984643 0.015357 
0.969092 0.030908 
0.927629 0.072371 
0.986790 0.013210 
0.919159 0.080841 
0.079278 0.920722 
0.923403 0.076597 
0.185624 0.814376 
0.919906 0.080094 
0.988483 0.011517 
0.936323 0.063677 
0.873296 0.126704 
0.958291 0.041709 
0.808253 0.191747 
0.560152 0.439848 
0.381665 0.618335 
0.297694 0.702306 
0.367814 0.632186 
0.850490 0.149510 
0.973843 0.026157 
0.768000 0.232000 
0.980218 0.019782 
0.956608 0.043392 
0.837829 0.162171 
0.984702 0.015298 
0.493483 0.506517 
0.572808 0.427192 
0.268094 0.731906 
0.958638 0.041362 
0.800206 0.199794 
0.987738 0.012262 
0.951379 0.048621 
0.007635 0.992365 
0.965209 0.034791 
0.474230 0.525770 
0.977271 0.022729 
0.923963 0.076037 
0.855142 0.144858 
0.816083 0.183917 
0.840093 0.159907 
0.973220 0.026780 
0.467863 0.532137 
0.956389 0.043611 
0.966374 0.033626 
0.937970 0.062030 
0.954708 0.045292 
0.699759 0.300241 
0.987911 0.012089 
0.824249 0.175751 
0.011005 0.988995 
0.944190 0.055810 
0.856529 0.143471 
0.843022 0.156978 
0.970215 0.029785 
0.671669 0.328331 
0.914527 0.085473 
0.960283 0.039717 
0.538971 0.461029 
0.875408 0.124592 
0.924764 0.075236 
0.983646 0.016354 
0.882266 0.117734 
0.966542 0.033458 
0.684449 0.315551 
0.369177 0.630823 
0.928556 0.071444 
0.952550 0.047450 
0.970934 0.029066 
0.937542 0.062458 
0.935440 0.064560 
0.286474 0.713526 
0.931495 0.068505 
0.913840 0.086160 
0.329581 0.670419 
0.882659 0.117341 
0.026436 0.973564 
0.919709 0.080291 
0.947913 0.052087 
0.960895 0.039105 
0.956468 0.043532 
0.980920 0.019080 
0.916844 0.083156 
0.751918 0.248082 
0.166718 0.833282 
0.998220 0.001780 
0.473956 0.526044 
0.921499 0.078501 
0.991688 0.008312 
0.964878 0.035122 
0.372562 0.627438 
0.216102 0.783898 
0.952498 0.047502 
0.930698 0.069302 
0.523846 0.476154 
0.930644 0.069356 
0.518864 0.481136 
0.923756 0.076244 
0.803083 0.196917 
0.986405 0.013595 
0.949722 0.050278 
0.751919 0.248081 
0.652745 0.347255 
0.625321 0.374679 
0.988938 0.011062 
0.890290 0.109710 
0.964395 0.035605 
0.986093 0.013907 
0.986950 0.013050 
0.981164 0.018836 
0.687546 0.312454 
0.954141 0.045859 
0.485586 0.514414 
0.906295 0.093705 
0.985102 0.014898 
0.944707 0.055293 
0.955127 0.044873 
0.946689 0.053311 
0.774330 0.225670 
0.975352 0.024648 
0.950751 0.049249 
0.978167 0.021833 
0.907125 0.092875 
0.924802 0.075198 
0.326369 0.673631 
0.061286 0.938714 
0.445345 0.554655 
0.996370 0.003630 
0.464729 0.535271 
0.417922 0.582078 
0.300777 0.699223 
1.31305 0.505868 
