-2013879.918500
0
0.022576 0.018556 0.005220 0.017318 0.009124 0.005308 0.001714 0.008576 0.019174 0.009280 0.037801 0.014059 0.008156 0.006519 0.008778 0.012088 0.017705 0.008219 0.015503 0.015995 0.005852 0.001831 0.004803 0.005812 0.023062 0.024433 0.004077 0.028435 0.007028 0.006060 0.002526 0.008455 0.012648 0.008811 0.024973 0.014535 0.006392 0.009405 0.014412 0.011979 0.008574 0.008871 0.013044 0.012753 0.003964 0.003435 0.007386 0.012265 0.018702 0.017119 0.005931 0.015848 0.004399 0.005488 0.001695 0.006483 0.017587 0.016864 0.031980 0.015487 0.004753 0.004419 0.006982 0.006869 0.010154 0.006644 0.008119 0.008439 0.001994 0.001005 0.005420 0.005569 0.021078 0.021638 0.003562 0.029084 0.003343 0.007230 0.001157 0.006757 0.000000 0.003197 0.007032 0.005247 0.009738 0.006138 0.007323 0.012095 0.008931 0.007948 0.007350 0.012005 0.009183 0.003389 0.005672 0.015460 
0.000000 0.000258 0.000000 0.000855 0.000154 0.000184 0.000111 0.000203 0.004699 0.010364 0.020597 0.004284 0.000202 0.000204 0.000160 0.001089 0.001699 0.001495 0.001344 0.001483 0.000000 0.001061 0.000368 0.003488 0.000588 0.000116 0.000057 0.003412 0.000000 0.000073 0.000060 0.000084 0.033922 0.041422 0.024130 0.033871 0.000000 0.000256 0.000000 0.000677 0.000689 0.000932 0.001006 0.001837 0.000215 0.000854 0.000864 0.004740 0.000000 0.000000 0.000083 0.001157 0.000000 0.000000 0.000000 0.000111 0.005524 0.017483 0.020146 0.014410 0.000000 0.000093 0.000000 0.000180 0.002275 0.002821 0.002163 0.006959 0.000000 0.000451 0.000688 0.000647 0.013783 0.004521 0.001478 0.091012 0.011998 0.000152 0.000541 0.020212 0.165197 0.135635 0.132996 0.108092 0.000126 0.000515 0.000156 0.002042 0.002082 0.003051 0.003220 0.002986 0.000544 0.003011 0.000656 0.016699 
0.649966 0.350034 
0.796739 0.203261 
0.666815 0.333185 
0.833553 0.166447 
0.885061 0.114939 
0.826725 0.173275 
0.493532 0.506468 
0.412878 0.587122 
0.479694 0.520306 
0.271686 0.728314 
0.176395 0.823605 
0.780850 0.219150 
0.861729 0.138271 
0.553233 0.446767 
0.953900 0.046100 
0.189718 0.810282 
0.468589 0.531411 
0.931357 0.068643 
0.141962 0.858038 
0.197105 0.802895 
0.768067 0.231933 
0.319140 0.680860 
0.528846 0.471154 
0.643579 0.356421 
0.803158 0.196842 
0.015549 0.984451 
0.499045 0.500955 
0.944625 0.055375 
0.973597 0.026403 
0.550497 0.449503 
0.976169 0.023831 
0.961442 0.038558 
0.777563 0.222437 
0.875800 0.124200 
0.921533 0.078467 
0.493747 0.506253 
0.838750 0.161250 
0.436372 0.563628 
0.817935 0.182065 
0.258599 0.741401 
0.880641 0.119359 
0.616272 0.383728 
0.963133 0.036867 
0.169486 0.830514 
0.940650 0.059350 
0.476291 0.523709 
0.934654 0.065346 
0.966297 0.033703 
0.012681 0.987319 
0.200653 0.799347 
0.976033 0.023967 
0.886534 0.113466 
0.192084 0.807916 
0.393065 0.606935 
0.491361 0.508639 
0.935166 0.064834 
0.486410 0.513590 
0.119251 0.880749 
0.394040 0.605960 
0.927599 0.072401 
0.960189 0.039811 
0.976225 0.023775 
0.481535 0.518465 
0.919215 0.080785 
0.960656 0.039344 
0.985042 0.014958 
0.678215 0.321785 
0.269198 0.730802 
0.723241 0.276759 
0.964916 0.035084 
0.435935 0.564065 
0.110104 0.889896 
0.698740 0.301260 
0.558820 0.441180 
0.954283 0.045717 
0.362179 0.637821 
0.448049 0.551951 
0.932786 0.067214 
0.382963 0.617037 
0.958649 0.041351 
0.392879 0.607121 
0.891773 0.108227 
0.962114 0.037886 
0.128025 0.871975 
0.557440 0.442560 
0.908318 0.091682 
0.930188 0.069812 
0.948467 0.051533 
0.954157 0.045843 
0.071494 0.928506 
0.923293 0.076707 
0.983789 0.016211 
0.945514 0.054486 
0.193788 0.806212 
0.380735 0.619265 
0.681488 0.318512 
0.974078 0.025922 
0.883439 0.116561 
0.825170 0.174830 
0.833623 0.166377 
0.917027 0.082973 
0.916987 0.083013 
0.513161 0.486839 
0.941840 0.058160 
0.502669 0.497331 
0.941689 0.058311 
0.613397 0.386603 
0.789769 0.210231 
0.880921 0.119079 
0.818066 0.181934 
0.256462 0.743538 
0.003421 0.996579 
0.220341 0.779659 
0.870943 0.129057 
0.714955 0.285045 
0.489286 0.510714 
0.170050 0.829950 
0.982295 0.017705 
0.935345 0.064655 
0.732735 0.267265 
0.712148 0.287852 
0.791866 0.208134 
0.938484 0.061516 
0.513426 0.486574 
0.763468 0.236532 
0.897025 0.102975 
0.456313 0.543687 
0.974268 0.025732 
0.941125 0.058875 
0.937764 0.062236 
0.128249 0.871751 
0.729925 0.270075 
0.976346 0.023654 
0.963511 0.036489 
0.955747 0.044253 
0.983549 0.016451 
0.552435 0.447565 
0.920582 0.079418 
0.835468 0.164532 
0.770026 0.229974 
0.913067 0.086933 
0.267277 0.732723 
0.468748 0.531252 
0.977263 0.022737 
0.736138 0.263862 
0.300101 0.699899 
0.887659 0.112341 
0.697635 0.302365 
0.904540 0.095460 
0.061029 0.938971 
0.810625 0.189375 
0.735404 0.264596 
0.971629 0.028371 
0.462151 0.537849 
0.488820 0.511180 
0.955273 0.044727 
0.220807 0.779193 
0.045177 0.954823 
0.797264 0.202736 
0.622544 0.377456 
0.322841 0.677159 
0.137232 0.862768 
0.647388 0.352612 
0.573517 0.426483 
0.302271 0.697729 
0.475343 0.524657 
0.988827 0.011173 
0.860875 0.139125 
0.949744 0.050256 
0.815609 0.184391 
0.770349 0.229651 
0.952108 0.047892 
0.964655 0.035345 
0.913057 0.086943 
0.973214 0.026786 
0.446248 0.553752 
0.913994 0.086006 
0.934451 0.065549 
0.287167 0.712833 
0.618283 0.381717 
0.569807 0.430193 
0.829938 0.170062 
0.873144 0.126856 
0.322328 0.677672 
0.976992 0.023008 
0.004462 0.995538 
0.507511 0.492489 
0.648117 0.351883 
0.247042 0.752958 
0.254361 0.745639 
0.682397 0.317603 
0.981302 0.018698 
0.913039 0.086961 
0.971096 0.028904 
0.266920 0.733080 
0.055792 0.944208 
0.971590 0.028410 
0.701930 0.298070 
0.843727 0.156273 
0.171536 0.828464 
0.796699 0.203301 
0.890372 0.109628 
0.024201 0.975799 
0.956142 0.043858 
0.873865 0.126135 
0.975726 0.024274 
0.976161 0.023839 
0.843931 0.156069 
0.889179 0.110821 
0.721690 0.278310 
0.779460 0.220540 
0.149491 0.850509 
0.641874 0.358126 
0.404462 0.595538 
0.708931 0.291069 
0.012716 0.987284 
0.520157 0.479843 
0.437110 0.562890 
0.034473 0.965527 
0.953074 0.046926 
0.136325 0.863675 
0.490177 0.509823 
0.858803 0.141197 
0.772131 0.227869 
0.982118 0.017882 
0.609825 0.390175 
0.956917 0.043083 
0.948176 0.051824 
0.973046 0.026954 
0.515475 0.484525 
0.161301 0.838699 
0.976379 0.023621 
0.983901 0.016099 
0.029562 0.970438 
0.037188 0.962812 
0.093386 0.906614 
0.937908 0.062092 
0.493161 0.506839 
0.938405 0.061595 
0.542496 0.457504 
0.101355 0.898645 
0.964294 0.035706 
0.849201 0.150799 
0.261639 0.738361 
0.878032 0.121968 
0.936629 0.063371 
0.713992 0.286008 
0.937101 0.062899 
0.241202 0.758798 
0.926728 0.073272 
0.137265 0.862735 
0.937830 0.062170 
0.965205 0.034795 
0.101645 0.898355 
0.865013 0.134987 
0.914691 0.085309 
0.971900 0.028100 
0.713376 0.286624 
0.819908 0.180092 
0.380948 0.619052 
0.586499 0.413501 
0.082780 0.917220 
0.937449 0.062551 
0.934531 0.065469 
0.004295 0.995705 
0.972413 0.027587 
0.950002 0.049998 
0.817938 0.182062 
0.818545 0.181455 
0.612689 0.387311 
0.980558 0.019442 
0.955518 0.044482 
0.966821 0.033179 
0.967939 0.032061 
0.950692 0.049308 
0.972874 0.027126 
0.902275 0.097725 
0.217698 0.782302 
0.923138 0.076862 
0.607759 0.392241 
0.779993 0.220007 
0.612388 0.387612 
0.942374 0.057626 
0.007276 0.992724 
0.294352 0.705648 
0.979704 0.020296 
0.919505 0.080495 
0.646006 0.353994 
0.342728 0.657272 
0.711500 0.288500 
0.492673 0.507327 
0.899417 0.100583 
0.809812 0.190188 
0.263868 0.736132 
0.718305 0.281695 
0.781966 0.218034 
0.343531 0.656469 
0.359360 0.640640 
0.891327 0.108673 
0.186059 0.813941 
0.952084 0.047916 
0.794065 0.205935 
0.834473 0.165527 
0.969736 0.030264 
0.983907 0.016093 
0.606622 0.393378 
0.956824 0.043176 
0.952957 0.047043 
0.783565 0.216435 
0.869150 0.130850 
0.974369 0.025631 
0.977227 0.022773 
0.211191 0.788809 
0.186970 0.813030 
0.040721 0.959279 
0.624733 0.375267 
0.850781 0.149219 
0.946089 0.053911 
0.940803 0.059197 
0.116752 0.883248 
0.936292 0.063708 
0.101053 0.898947 
0.412200 0.587800 
0.957741 0.042259 
0.666010 0.333990 
0.633321 0.366679 
0.913167 0.086833 
0.159815 0.840185 
0.032791 0.967209 
0.934238 0.065762 
0.493943 0.506057 
0.331115 0.668885 
0.346423 0.653577 
0.108345 0.891655 
0.386902 0.613098 
0.074697 0.925303 
0.673860 0.326140 
0.817627 0.182373 
0.753032 0.246968 
0.946989 0.053011 
0.898192 0.101808 
0.968755 0.031245 
0.838874 0.161126 
0.057287 0.942713 
0.920055 0.079945 
0.862825 0.137175 
0.965056 0.034944 
0.756863 0.243137 
0.055143 0.944857 
0.337674 0.662326 
0.993162 0.006838 
0.324254 0.675746 
0.711986 0.288014 
0.727129 0.272871 
0.408720 0.591280 
0.550853 0.449147 
0.896830 0.103170 
0.521902 0.478098 
0.963624 0.036376 
0.800333 0.199667 
0.684713 0.315287 
0.559541 0.440459 
0.368374 0.631626 
0.925467 0.074533 
0.982360 0.017640 
0.868370 0.131630 
0.969860 0.030140 
0.456619 0.543381 
0.009944 0.990056 
0.321494 0.678506 
0.209312 0.790688 
0.977212 0.022788 
0.164796 0.835204 
0.203412 0.796588 
0.975165 0.024835 
0.185861 0.814139 
0.663404 0.336596 
0.766211 0.233789 
0.503146 0.496854 
0.913607 0.086393 
0.865765 0.134235 
0.420424 0.579576 
0.810723 0.189277 
0.963280 0.036720 
0.541384 0.458616 
0.937981 0.062019 
0.926313 0.073687 
0.968024 0.031976 
0.859307 0.140693 
0.872898 0.127102 
0.662560 0.337440 
0.968226 0.031774 
0.471748 0.528252 
0.292284 0.707716 
0.665515 0.334485 
0.463035 0.536965 
0.283108 0.716892 
0.939749 0.060251 
0.113025 0.886975 
0.412195 0.587805 
0.739665 0.260335 
0.725990 0.274010 
0.231702 0.768298 
0.268628 0.731372 
0.349374 0.650626 
0.102866 0.897134 
0.787504 0.212496 
0.467376 0.532624 
0.514844 0.485156 
0.504102 0.495898 
0.963055 0.036945 
0.899536 0.100464 
0.164135 0.835865 
0.714682 0.285318 
0.278143 0.721857 
0.729539 0.270461 
0.369761 0.630239 
0.475779 0.524221 
0.757473 0.242527 
0.925367 0.074633 
0.099390 0.900610 
0.511402 0.488598 
0.695410 0.304590 
0.400823 0.599177 
0.939653 0.060347 
0.909791 0.090209 
0.970155 0.029845 
0.892545 0.107455 
0.983548 0.016452 
0.244090 0.755910 
0.141649 0.858351 
0.953548 0.046452 
0.948081 0.051919 
0.004030 0.995970 
0.976311 0.023689 
0.879442 0.120558 
0.045406 0.954594 
0.388599 0.611401 
0.879636 0.120364 
0.722786 0.277214 
0.859442 0.140558 
0.618842 0.381158 
0.112253 0.887747 
0.960649 0.039351 
0.778727 0.221273 
0.581087 0.418913 
0.965097 0.034903 
0.697273 0.302727 
0.199816 0.800184 
0.542132 0.457868 
0.777432 0.222568 
0.019512 0.980488 
0.982807 0.017193 
0.824863 0.175137 
0.198187 0.801813 
0.123632 0.876368 
0.281197 0.718803 
0.563078 0.436922 
0.930197 0.069803 
0.990732 0.009268 
0.812624 0.187376 
0.979699 0.020301 
0.924571 0.075429 
0.484767 0.515233 
0.859206 0.140794 
0.880682 0.119318 
0.971633 0.028367 
0.281110 0.718890 
0.153878 0.846122 
0.098878 0.901122 
0.108367 0.891633 
0.821021 0.178979 
0.748048 0.251952 
0.954562 0.045438 
0.705712 0.294288 
0.685111 0.314889 
0.780807 0.219193 
0.687123 0.312877 
0.971059 0.028941 
0.922842 0.077158 
0.517311 0.482689 
0.967418 0.032582 
0.938707 0.061293 
0.208879 0.791121 
0.666861 0.333139 
0.258938 0.741062 
0.832335 0.167665 
0.725796 0.274204 
0.270527 0.729473 
0.880613 0.119387 
0.792173 0.207827 
0.372364 0.627636 
0.348624 0.651376 
0.919242 0.080758 
0.961731 0.038269 
0.495624 0.504376 
0.932450 0.067550 
0.842653 0.157347 
0.413812 0.586188 
0.500845 0.499155 
1.07106 0.640709 
