-2207394.518999
-2207394.518999
-2201056.286036
-2201056.286036
-2197415.272376
-2197415.272376
-2194770.792892
-2194770.792892
-2192598.372104
-2192598.372104
-2190619.081125
-2190619.081125
-2188606.062313
-2188606.062313
-2186300.514079
-2186300.514079
-2183348.138871
-2183348.138871
-2179240.863577
-2179240.863577
-2173291.594504
-2173291.594504
-2164760.604971
-2164760.604971
-2153356.293259
-2153356.293259
-2136317.691621
-2136317.691621
-2118972.637981
-2118972.637981
-2098660.278805
-2098660.278805
-2086979.438582
-2086979.438582
-2073650.475741
-2073650.475741
-2062380.436825
-2062380.436825
-2056763.734396
-2056763.734396
-2048967.843056
-2048967.843056
-2045673.984757
-2045673.984757
-2042931.154794
-2042931.154794
-2040578.777493
-2040578.777493
-2035155.700614
-2035155.700614
-2033358.304271
-2033358.304271
-2031764.429602
-2031764.429602
-2030334.246066
-2030334.246066
-2029039.593916
-2029039.593916
-2024373.326445
-2024373.326445
-2023311.035365
-2023311.035365
-2022357.590832
-2022357.590832
-2021511.487075
-2021511.487075
-2020771.514927
-2020771.514927
-2020131.637629
-2020131.637629
-2019581.723068
-2019581.723068
-2019109.229094
-2019109.229094
-2018702.998954
-2018702.998954
-2018351.100070
-2018351.100070
-2018043.993581
-2018043.993581
-2017773.125191
-2017773.125191
-2017533.186905
-2017533.186905
-2017319.916475
-2017319.916475
-2017128.278969
-2017128.278969
-2016954.151483
-2016954.151483
-2016795.146857
-2016795.146857
-2016649.082214
-2016649.082214
-2016514.553358
-2016514.553358
-2016391.983553
-2016391.983553
-2016278.791340
-2016278.791340
-2016173.264894
-2016173.264894
-2016075.608034
-2016075.608034
-2015984.323154
-2015984.323154
-2015897.832085
-2015897.832085
-2015815.516398
-2015815.516398
-2015736.250742
-2015736.250742
-2015660.438619
-2015660.438619
-2015587.781014
-2015587.781014
-2015517.986721
-2015517.986721
-2015451.986894
-2015451.986894
-2015389.525419
-2015389.525419
-2015328.585245
-2015328.585245
-2015269.878538
-2015269.878538
-2015213.782818
-2015213.782818
-2015159.981419
-2015159.981419
-2015108.095548
-2015108.095548
-2015057.867372
-2015057.867372
-2015008.332641
-2015008.332641
-2014960.234453
-2014960.234453
-2014913.635334
-2014913.635334
-2014868.727999
-2014868.727999
-2014824.536349
-2014824.536349
-2014781.474716
-2014781.474716
-2014739.834562
-2014739.834562
-2014699.634008
-2014699.634008
-2014660.645871
-2014660.645871
-2014622.119508
-2014622.119508
-2014583.380586
-2014583.380586
-2014544.932852
-2014544.932852
-2014507.867315
-2014507.867315
-2014471.167696
-2014471.167696
-2014435.983468
-2014435.983468
-2014400.330375
-2014400.330375
-2014364.743650
-2014364.743650
-2014331.190179
-2014331.190179
-2011898.904367
-2011898.904367
-2011589.817883
-2011589.817883
-2011420.562740
-2011420.562740
-2011315.438155
-2011315.438155
-2011242.182448
-2011242.182448
-2011187.091857
-2011187.091857
-2011140.617550
-2011140.617550
-2011099.766578
-2011099.766578
-2011064.383548
-2011064.383548
-2011031.591358
-2011031.591358
-2008388.279382
-2008388.279382
-2008241.754186
-2008241.754186
-2008135.895021
-2008135.895021
-2008055.801005
-2008055.801005
-2007994.046251
-2007994.046251
-2007944.716286
-2007944.716286
-2007902.925964
-2007902.925964
-2007864.963340
-2007864.963340
-2007832.807006
-2007832.807006
-2007804.570736
-2007804.570736
-2007778.435829
-2007778.435829
-2007755.608465
-2007755.608465
-2007733.916602
-2007733.916602
-2007712.583148
-2007712.583148
-2005359.759513
-2005359.759513
-2005183.524516
-2005183.524516
-2005078.807574
-2005078.807574
-2005003.342751
-2005003.342751
-2004942.769279
-2004942.769279
-2004890.399035
-2004890.399035
-2004843.713634
-2004843.713634
-2004801.059550
-2004801.059550
-2004761.284175
-2004761.284175
-2004723.430054
-2004723.430054
-2004687.497828
-2004687.497828
-2004653.526269
-2004653.526269
-2004621.273282
-2004621.273282
-2004589.728941
-2004589.728941
-2004558.326104
-2004558.326104
-2004528.448007
-2004528.448007
-2004499.829152
-2004499.829152
-2004471.218462
-2004471.218462
-2004443.532850
-2004443.532850
-2004417.613174
-2004417.613174
-2004393.401249
-2004393.401249
-2004370.530938
-2004370.530938
-2004348.140328
-2004348.140328
-2004325.642181
-2004325.642181
-2004304.001377
-2004304.001377
-2004282.550688
-2004282.550688
-2004261.070928
-2004261.070928
-2004239.042770
-2004239.042770
-2004218.110563
-2004218.110563
-2004199.501725
-2004199.501725
-2004181.836190
-2004181.836190
-2004166.242484
-2004166.242484
-2004151.579662
-2004151.579662
-2004137.240247
-2004137.240247
-2004122.771808
-2004122.771808
-2004108.105463
-2004108.105463
-2004093.936940
-2004093.936940
-2004079.435927
-2004079.435927
-2004065.191067
-2004065.191067
-2004051.366601
-2004051.366601
-2004038.196953
-2004038.196953
-2004024.355096
-2004024.355096
-2004011.430695
-2004011.430695
-2004000.097654
-2004000.097654
-2003988.831620
-2003988.831620
-2003977.489305
-2003977.489305
-2003966.736451
-2003966.736451
-2003956.331442
-2003956.331442
-2004279.984423
-2004279.984423
-2003898.318083
-2003898.318083
-2003650.674768
-2003650.674768
-2003469.643858
-2003469.643858
-2003335.170796
-2003335.170796
-2003233.324574
-2003233.324574
-2003153.331417
-2003153.331417
-2003088.077641
-2003088.077641
-2003032.771263
-2003032.771263
-2002983.634530
-2002983.634530
-2002940.913650
-2002940.913650
-2002901.965114
-2002901.965114
-2002865.044510
-2002865.044510
-2002830.480041
-2002830.480041
-2002797.693436
-2002797.693436
-2002765.810025
-2002765.810025
-2002735.861378
-2002735.861378
-2002706.538470
-2002706.538470
-2002679.083063
-2002679.083063
-2002653.260667
-2002653.260667
-2002628.035543
-2002628.035543
-2002602.897245
-2002602.897245
-2002578.170378
-2002578.170378
-2002555.179914
-2002555.179914
-2002532.590077
-2002532.590077
-2002510.120422
-2002510.120422
-2002487.997648
-2002487.997648
-2002466.810003
-2002466.810003
-2002446.073582
-2002446.073582
-2002425.757835
-2002425.757835
-2002406.016207
-2002406.016207
-2002387.188484
-2002387.188484
-2002368.516422
-2002368.516422
-2002349.926058
-2002349.926058
-2002331.700033
-2002331.700033
-2002313.429938
-2002313.429938
-2002295.120122
-2002295.120122
-2002276.659675
-2002276.659675
-2002259.232674
-2002259.232674
-2002243.453630
-2002243.453630
-2002228.729229
-2002228.729229
-2002214.091554
-2002214.091554
-2002199.698990
-2002199.698990
-2002186.004054
-2002186.004054
-2002172.728788
-2002172.728788
-2002159.415397
-2002159.415397
-2002146.085692
-2002146.085692
-2002132.405538
-2002132.405538
-2002119.461311
-2002119.461311
-2002106.892660
-2002106.892660
-2002093.753676
-2002093.753676
-2002080.732464
-2002080.732464
-2002068.271880
-2002068.271880
-2002055.241049
-2002055.241049
-2002042.667240
-2002042.667240
-2002029.574817
-2002029.574817
-2002016.462800
-2002016.462800
-2002003.935916
-2002003.935916
-2001992.064360
-2001992.064360
-2001981.370964
-2001981.370964
-2001970.617202
-2001970.617202
-2001959.962623
-2001959.962623
-2001949.483089
-2001949.483089
-2001938.638795
-2001938.638795
-2001926.992392
-2001926.992392
-2001917.074782
-2001917.074782
-2001906.306349
-2001906.306349
-2001897.603097
-2001897.603097
-2001888.805563
-2001888.805563
-2001879.718320
-2001879.718320
-2001869.925909
-2001869.925909
-2001860.243859
-2001860.243859
-2001850.712342
-2001850.712342
-2001841.960340
-2001841.960340
-2001833.321857
-2001833.321857
-2001824.754314
-2001824.754314
-2001817.050989
-2001817.050989
-2001809.118184
-2001809.118184
-2001800.854980
-2001800.854980
-2001792.457972
-2001792.457972
-2001783.530570
-2001783.530570
-2001775.824427
-2001775.824427
-2001768.754223
-2001768.754223
-2001762.268578
-2001762.268578
-2001755.925639
-2001755.925639
-2001749.694925
-2001749.694925
-2001743.164880
-2001743.164880
-2001735.874546
-2001735.874546
-2001729.882393
-2001729.882393
-2001724.334544
-2001724.334544
-2001718.673334
-2001718.673334
-2001712.820743
-2001712.820743
-2001707.222084
-2001707.222084
-2001701.731107
-2001701.731107
-2001696.451405
-2001696.451405
-2001691.226527
-2001691.226527
-2001686.211152
-2001686.211152
-2001681.110766
-2001681.110766
-2001676.162852
-2001676.162852
-2001671.215929
-2001671.215929
-2001666.272217
-2001666.272217
-2001661.757762
-2001661.757762
-2001657.274877
-2001657.274877
-2001653.112803
-2001653.112803
-2001648.945187
-2001648.945187
-2001644.646761
-2001644.646761
-2001640.240225
-2001640.240225
-2001635.932030
-2001635.932030
-2001631.516579
-2001631.516579
-2001626.455516
-2001626.455516
-2001622.033802
-2001622.033802
-2001618.581560
-2001618.581560
-2001615.240834
-2001615.240834
-2001611.848291
-2001611.848291
-2001608.442886
-2001608.442886
-2001605.232086
-2001605.232086
-2001602.052765
-2001602.052765
-2001598.744265
-2001598.744265
-2001595.168301
-2001595.168301
-2001591.810752
-2001591.810752
-2001588.922375
-2001588.922375
-2001586.097356
-2001586.097356
-2001583.247658
-2001583.247658
-2001580.338255
-2001580.338255
-2001577.336729
-2001577.336729
-2001574.192329
-2001574.192329
-2001570.801065
-2001570.801065
-2001567.451606
-2001567.451606
-2001563.973932
-2001563.973932
-2001560.902120
-2001560.902120
-2001557.420136
-2001557.420136
-2001553.642802
-2001553.642802
-2001550.694628
-2001550.694628
-2001547.865732
-2001547.865732
-2001545.020236
-2001545.020236
-2001541.788328
-2001541.788328
-2001538.577542
-2001538.577542
-2001535.692011
-2001535.692011
-2001533.454593
-2001533.454593
-2001531.391125
-2001531.391125
-2001529.229367
-2001529.229367
-2001526.811252
-2001526.811252
-2001523.980231
-2001523.980231
-2001521.779909
-2001521.779909
-2001519.537079
-2001519.537079
-2001516.904740
-2001516.904740
-2001514.571037
-2001514.571037
-2001512.222229
-2001512.222229
-2001510.452113
-2001510.452113
-2001508.821860
-2001508.821860
-2001507.182905
-2001507.182905
-2001505.515539
-2001505.515539
-2001503.798031
-2001503.798031
-2001501.988447
-2001501.988447
-2001499.980184
-2001499.980184
-2001497.448583
-2001497.448583
-2001494.990189
-2001494.990189
-2001493.018073
-2001493.018073
-2001490.931326
-2001490.931326
-2001488.737253
-2001488.737253
-2001486.542073
-2001486.542073
-2001483.715619
-2001483.715619
-2001481.392185
-2001481.392185
-2001479.051639
-2001479.051639
-2001477.371335
-2001477.371335
-2001475.728090
-2001475.728090
-2001473.981900
-2001473.981900
-2001472.090176
-2001472.090176
-2001470.120546
-2001470.120546
-2001468.197913
-2001468.197913
-2001466.203402
-2001466.203402
-2001463.933152
-2001463.933152
-2001461.089443
-2001461.089443
-2001458.822246
-2001458.822246
-2001456.740165
-2001456.740165
-2001454.185978
-2001454.185978
-2001451.651342
-2001451.651342
-2001449.089536
-2001449.089536
-2001446.294790
-2001446.294790
-2001444.255719
-2001444.255719
-2001441.701574
-2001441.701574
-2001439.798294
-2001439.798294
-2001438.120886
-2001438.120886
-2001436.777794
-2001436.777794
-2001435.461362
-2001435.461362
-2001434.020253
-2001434.020253
-2001432.361221
-2001432.361221
-2001430.316317
-2001430.316317
-2001427.825471
-2001427.825471
-2001425.826996
-2001425.826996
-2001424.317389
-2001424.317389
-2001422.801707
-2001422.801707
-2001420.785110
-2001420.785110
-2001418.936424
-2001418.936424
-2001417.265369
-2001417.265369
-2001415.202090
-2001415.202090
-2001413.443835
-2001413.443835
-2001411.799494
-2001411.799494
-2001410.446289
-2001410.446289
-2001408.727578
-2001408.727578
-2001407.009772
-2001407.009772
-2001405.752849
-2001405.752849
-2001404.852330
-2001404.852330
-2001403.983642
-2001403.983642
-2001403.097414
-2001403.097414
-2001402.185810
-2001402.185810
-2001401.239253
-2001401.239253
-2001400.242299
-2001400.242299
-2001399.166938
-2001399.166938
-2001397.957476
-2001397.957476
-2001396.521567
-2001396.521567
-2001395.008077
-2001395.008077
-2001393.601134
-2001393.601134
-2001392.436401
-2001392.436401
-2001391.491493
-2001391.491493
-2001390.489198
-2001390.489198
-2001389.364609
-2001389.364609
-2001387.988846
-2001387.988846
-2001386.559955
-2001386.559955
-2001385.599184
-2001385.599184
-2001384.622270
-2001384.622270
-2001383.556508
-2001383.556508
-2001382.345148
-2001382.345148
-2001381.136823
-2001381.136823
-2001380.211714
-2001380.211714
-2001379.298418
-2001379.298418
-2001378.349591
-2001378.349591
-2001377.351782
-2001377.351782
-2001376.285779
-2001376.285779
-2001375.119964
-2001375.119964
-2001373.805049
-2001373.805049
-2001372.313191
-2001372.313191
-2001370.733426
-2001370.733426
-2001369.234319
-2001369.234319
-2001367.816822
-2001367.816822
-2001365.915953
-2001365.915953
-2001364.429476
-2001364.429476
-2001363.101574
-2001363.101574
-2001361.499160
-2001361.499160
-2001359.912259
-2001359.912259
-1999445.875465
-1999445.875465
-1999350.951970
-1999350.951970
-1999305.005612
-1999305.005612
-1999276.598990
-1999276.598990
-1999256.270774
-1999256.270774
-1999240.187882
-1999240.187882
-1999228.040920
-1999228.040920
-1999218.279713
-1999218.279713
-1999210.048114
-1999210.048114
-1999202.956203
-1999202.956203
-1999196.754949
-1999196.754949
-1999191.266355
-1999191.266355
-1999186.357707
-1999186.357707
-1999181.927071
-1999181.927071
-1999177.894047
-1999177.894047
-1999174.193430
-1999174.193430
-1999170.770534
-1999170.770534
-1999167.577258
-1999167.577258
-1999164.567934
-1999164.567934
-1999161.693159
-1999161.693159
-1999158.887834
-1999158.887834
-1999156.058863
-1999156.058863
-1999153.284390
-1999153.284390
-1999150.905679
-1999150.905679
-2001141.969321
-2001141.969321
-2000749.157179
-2000749.157179
-2000565.271643
-2000565.271643
-2000461.418994
-2000461.418994
-2000397.570592
-2000397.570592
-2000355.141120
-2000355.141120
-2000324.976370
-2000324.976370
-2000302.126189
-2000302.126189
-2000283.666337
-2000283.666337
-2000268.490470
-2000268.490470
-2000256.193401
-2000256.193401
-2000245.640426
-2000245.640426
-2000236.083507
-2000236.083507
-2000226.991187
-2000226.991187
-2000218.335580
-2000218.335580
-2000210.732168
-2000210.732168
-2000203.802922
-2000203.802922
-2000197.564911
-2000197.564911
-2000192.749977
-2000192.749977
-2000188.488423
-2000188.488423
-2000184.296450
-2000184.296450
-2000179.942309
-2000179.942309
-2000175.947449
-2000175.947449
-2000172.470254
-2000172.470254
-2000169.029948
-2000169.029948
-2000165.501801
-2000165.501801
-2000161.641899
-2000161.641899
-2000157.883454
-2000157.883454
-2000154.599301
-2000154.599301
-2000151.093863
-2000151.093863
-2000147.616008
-2000147.616008
-2000144.202692
-2000144.202692
-2000140.070438
-2000140.070438
-2000135.839314
-2000135.839314
-2000131.799197
-2000131.799197
-2000128.565993
-2000128.565993
-2000125.404995
-2000125.404995
-2000122.079728
-2000122.079728
-2000119.194403
-2000119.194403
-2000116.029725
-2000116.029725
-2000113.294794
-2000113.294794
-2000110.639790
-2000110.639790
-2000108.193358
-2000108.193358
-2000105.904920
-2000105.904920
-2000103.606725
-2000103.606725
-2000101.285634
-2000101.285634
-2000098.929757
-2000098.929757
-2000096.517654
-2000096.517654
-2000094.003177
-2000094.003177
-2000091.283636
-2000091.283636
-2000088.434936
-2000088.434936
-2000086.039375
-2000086.039375
-2000083.676153
-2000083.676153
-2000081.260732
-2000081.260732
-2000078.760763
-2000078.760763
-2000076.119976
-2000076.119976
-2000073.220296
-2000073.220296
-2000069.827327
-2000069.827327
-2000066.221412
-2000066.221412
-2000063.195046
-2000063.195046
-2000060.251070
-2000060.251070
-2000057.750553
-2000057.750553
-2000055.739198
-2000055.739198
-2000053.759109
-2000053.759109
-2000051.769373
-2000051.769373
-2000049.758908
-2000049.758908
-2000047.713216
-2000047.713216
-2000045.607758
-2000045.607758
-2000043.395166
-2000043.395166
-2000040.972490
-2000040.972490
-2000038.153417
-2000038.153417
-2000035.258342
-2000035.258342
-2000033.079776
-2000033.079776
-2000030.862776
-2000030.862776
-2000028.186656
-2000028.186656
-2000026.057317
-2000026.057317
-2000024.252882
-2000024.252882
-2000022.469930
-2000022.469930
-2000020.671460
-2000020.671460
-2000018.846434
-2000018.846434
-2000016.981061
-2000016.981061
-2000015.051078
-2000015.051078
-2000013.005836
-2000013.005836
-2000010.722933
-2000010.722933
-2000008.127486
-2000008.127486
-2000005.983469
-2000005.983469
-2000003.773086
-2000003.773086
-2000001.197895
-2000001.197895
-1999998.966345
-1999998.966345
-1999996.841495
-1999996.841495
-1999994.307092
-1999994.307092
-1999991.727386
-1999991.727386
-1999989.729876
-1999989.729876
-1999987.646228
-1999987.646228
-1999985.156348
-1999985.156348
-1999982.246274
-1999982.246274
-1999980.059341
-1999980.059341
-1999977.930828
-1999977.930828
-1999975.232028
-1999975.232028
-1999972.552604
-1999972.552604
-1999970.110989
-1999970.110989
-1999968.021221
-1999968.021221
-1999966.209536
-1999966.209536
-1999964.529128
-1999964.529128
-1999962.833863
-1999962.833863
-1999961.116776
-1999961.116776
-1999959.373554
-1999959.373554
-1999957.598657
-1999957.598657
-1999955.783725
-1999955.783725
-1999953.915300
-1999953.915300
-1999951.971126
-1999951.971126
-1999949.918299
-1999949.918299
-1999947.737892
-1999947.737892
-1999945.411641
-1999945.411641
-1999942.690758
-1999942.690758
-1999940.710009
-1999940.710009
-1999938.955475
-1999938.955475
-1999937.213625
-1999937.213625
-1999935.463654
-1999935.463654
-1999933.704644
-1999933.704644
-1999931.936732
-1999931.936732
-1999930.160081
-1999930.160081
-1999928.374794
-1999928.374794
-1999926.580878
-1999926.580878
-1999924.778198
-1999924.778198
-1999922.966408
-1999922.966408
-1999921.144857
-1999921.144857
-1999919.312445
-1999919.312445
-1999917.467380
-1999917.467380
-1999915.606789
-1999915.606789
-1999913.726016
-1999913.726016
-1999911.817259
-1999911.817259
-1999909.866713
-1999909.866713
-1999907.847783
-1999907.847783
-1999905.702631
-1999905.702631
-1999903.288020
-1999903.288020
-1999900.381919
-1999900.381919
-1999897.906545
-1999897.906545
-1999896.159225
-1999896.159225
-1999894.474637
-1999894.474637
-1999892.802949
-1999892.802949
-1999891.140708
-1999891.140708
-1999889.487833
-1999889.487833
-1999887.844609
-1999887.844609
-1999886.211303
-1999886.211303
-1999884.588104
-1999884.588104
-1999882.975107
-1999882.975107
-1999881.372297
-1999881.372297
-1999879.779531
-1999879.779531
-1999878.196512
-1999878.196512
-1999876.622757
-1999876.622757
-1999875.057551
-1999875.057551
-1999873.499885
-1999873.499885
-1999871.948353
-1999871.948353
-1999870.401017
-1999870.401017
-1999868.855170
-1999868.855170
-1999867.306962
-1999867.306962
-1999865.750736
-1999865.750736
-1999864.177779
-1999864.177779
-1999862.573785
-1999862.573785
-1999860.913167
-1999860.913167
-1999859.145627
-1999859.145627
-1999857.176341
-1999857.176341
-1999855.036547
-1999855.036547
-1999852.979528
-1999852.979528
-1999850.963904
-1999850.963904
-1999849.315183
-1999849.315183
-1999847.395112
-1999847.395112
-1999845.343178
-1999845.343178
-1999843.933170
-1999843.933170
-1999842.556431
-1999842.556431
-1999841.128225
-1999841.128225
-1999839.570056
-1999839.570056
-1999837.653568
-1999837.653568
-1999835.653395
-1999835.653395
-1999834.377399
-1999834.377399
-1999833.172470
-1999833.172470
-1999831.947311
-1999831.947311
-1999830.673436
-1999830.673436
-1999829.297262
-1999829.297262
-1999827.655064
-1999827.655064
-1999825.249456
-1999825.249456
-1999823.522173
-1999823.522173
-1999822.023875
-1999822.023875
-1999820.586443
-1999820.586443
-1999818.764213
-1999818.764213
-1999817.268643
-1999817.268643
-1999816.157766
-1999816.157766
-1999815.024882
-1999815.024882
-1999813.803839
-1999813.803839
-1999812.409345
-1999812.409345
-1999810.819668
-1999810.819668
-1999809.393412
-1999809.393412
-1999807.683084
-1999807.683084
-1999806.576801
-1999806.576801
-1999805.734987
-1999805.734987
-1999804.905409
-1999804.905409
-1999804.068083
-1999804.068083
-1999803.216565
-1999803.216565
-1999802.342029
-1999802.342029
-1999801.429299
-1999801.429299
-1999800.447938
-1999800.447938
-1999799.320871
-1999799.320871
-1999797.767329
-1999797.767329
-1999796.359265
-1999796.359265
-1999793.899784
-1999793.899784
-1999792.790002
-1999792.790002
-1999791.509087
-1999791.509087
-1999790.102855
-1999790.102855
-1999789.328391
-1999789.328391
-1999788.585481
-1999788.585481
-1999787.801915
-1999787.801915
-1999786.939206
-1999786.939206
-1999785.933214
-1999785.933214
-1999784.800526
-1999784.800526
-1999783.929256
-1999783.929256
-1999783.090606
-1999783.090606
-1999782.103138
-1999782.103138
-1999780.801172
-1999780.801172
-1999779.536058
-1999779.536058
-1999778.589590
-1999778.589590
-1999777.417448
-1999777.417448
-1999776.454257
-1999776.454257
-1999775.738029
-1999775.738029
-1999774.911387
-1999774.911387
-1999773.750193
-1999773.750193
-1999772.128372
-1999772.128372
-1999771.375576
-1999771.375576
-1999770.848516
-1999770.848516
-1999770.335280
-1999770.335280
-1999769.817790
-1999769.817790
-1999769.293989
-1999769.293989
-1999768.762008
-1999768.762008
-1999768.219529
-1999768.219529
-1999767.663565
-1999767.663565
-1999767.090130
-1999767.090130
-1999766.493665
-1999766.493665
-1999765.865956
-1999765.865956
-1999765.193882
-1999765.193882
-1999764.454159
-1999764.454159
-1999763.599814
-1999763.599814
-1999762.534432
-1999762.534432
-1999761.320677
-1999761.320677
-1999760.464347
-1999760.464347
-1999759.556664
-1999759.556664
-1999758.434654
-1999758.434654
-1999756.868828
-1999756.868828
-1999754.343842
-1999754.343842
-1999751.371022
-1999751.371022
-1999750.255118
-1999750.255118
-1999749.764436
-1999749.764436
-1999749.297475
-1999749.297475
-1999748.814041
-1999748.814041
-1999748.303818
-1999748.303818
-1999747.754772
-1999747.754772
-1999747.145879
-1999747.145879
-1999746.433286
-1999746.433286
-1999745.499184
-1999745.499184
-1999743.918853
-1999743.918853
-1999742.431000
-1999742.431000
-1999741.061543
-1999741.061543
-1999739.628885
-1999739.628885
-1999738.299598
-1999738.299598
-1999737.418965
-1999737.418965
-1999737.078294
-1999737.078294
-1999736.765886
-1999736.765886
-1999736.450869
-1999736.450869
-1999736.129444
-1999736.129444
-1999735.799148
-1999735.799148
-1999735.456624
-1999735.456624
-1999735.096656
-1999735.096656
-1999734.710384
-1999734.710384
-1999734.280918
-1999734.280918
-1999733.770405
-1999733.770405
-1999733.073353
-1999733.073353
-1999731.914579
-1999731.914579
-1999731.165139
-1999731.165139
-1999730.843328
-1999730.843328
-1999730.560734
-1999730.560734
-1999730.274765
-1999730.274765
-1999729.980516
-1999729.980516
-1999729.675323
-1999729.675323
-1999729.355744
-1999729.355744
-1999729.016787
-1999729.016787
-1999728.650782
-1999728.650782
-1999728.245104
-1999728.245104
-1999727.776913
-1999727.776913
-1999727.199107
-1999727.199107
-1999726.394269
-1999726.394269
-1999724.993096
-1999724.993096
-1999722.708229
-1999722.708229
-1999721.952107
-1999721.952107
-1999721.667635
-1999721.667635
-1999721.481580
-1999721.481580
-1999721.299013
-1999721.299013
-1999721.117370
-1999721.117370
-1999720.936531
-1999720.936531
-1999720.756440
-1999720.756440
-1999720.577042
-1999720.577042
-1999720.398279
-1999720.398279
-1999720.220094
-1999720.220094
-1999720.042428
-1999720.042428
-1999719.865217
-1999719.865217
-1999719.688400
-1999719.688400
-1999719.511909
-1999719.511909
-1999719.335673
-1999719.335673
-1999719.159619
-1999719.159619
-1999718.983666
-1999718.983666
-1999718.807732
-1999718.807732
-1999718.631726
-1999718.631726
-1999718.455550
-1999718.455550
-1999718.279098
-1999718.279098
-1999718.102253
-1999718.102253
-1999717.924885
-1999717.924885
-1999717.746851
-1999717.746851
-1999717.567990
-1999717.567990
-1999717.388118
-1999717.388118
-1999717.207024
-1999717.207024
-1999717.024465
-1999717.024465
-1999716.840153
-1999716.840153
-1999716.653749
-1999716.653749
-1999716.464839
-1999716.464839
-1999716.272916
-1999716.272916
-1999716.077343
-1999716.077343
-1999715.877301
-1999715.877301
-1999715.671708
-1999715.671708
-1999715.459089
-1999715.459089
-1999715.237353
-1999715.237353
-1999715.003383
-1999715.003383
-1999714.752251
-1999714.752251
-1999714.475531
-1999714.475531
-1999714.157361
-1999714.157361
-1999713.764426
-1999713.764426
-1999713.226755
-1999713.226755
-1999712.567037
-1999712.567037
-1999712.285449
-1999712.285449
-1999712.113537
-1999712.113537
-1999711.941399
-1999711.941399
-1999711.765397
-1999711.765397
-1999711.584161
-1999711.584161
-1999711.396221
-1999711.396221
-1999711.199536
-1999711.199536
-1999710.991066
-1999710.991066
-1999710.765997
-1999710.765997
-1999710.516058
-1999710.516058
-1999710.225394
-1999710.225394
-1999709.858495
-1999709.858495
-1999709.316550
-1999709.316550
-1999708.315603
-1999708.315603
-1999707.617095
-1999707.617095
-1999707.431982
-1999707.431982
-1999707.303962
-1999707.303962
-1999707.178823
-1999707.178823
-1999707.053535
-1999707.053535
-1999706.927893
-1999706.927893
-1999706.801821
-1999706.801821
-1999706.675246
-1999706.675246
-1999706.548087
-1999706.548087
-1999706.420255
-1999706.420255
-1999706.291648
-1999706.291648
-1999706.162151
-1999706.162151
-1999706.031634
-1999706.031634
-1999705.899948
-1999705.899948
-1999705.766917
-1999705.766917
-1999705.632334
-1999705.632334
-1999705.495954
-1999705.495954
-1999705.357479
-1999705.357479
-1999705.216541
-1999705.216541
-1999705.072681
-1999705.072681
-1999704.925310
-1999704.925310
-1999704.773658
-1999704.773658
-1999704.616689
-1999704.616689
-1999704.452960
-1999704.452960
-1999704.280384
-1999704.280384
-1999704.095799
-1999704.095799
-1999703.894137
-1999703.894137
-1999703.666735
-1999703.666735
-1999703.397885
-1999703.397885
-1999703.059954
-1999703.059954
-1999702.636487
-1999702.636487
-1999702.305458
-1999702.305458
-1999702.172288
-1999702.172288
-1999702.060662
-1999702.060662
-1999701.949816
-1999701.949816
-1999701.838644
-1999701.838644
-1999701.726871
-1999701.726871
-1999701.614393
-1999701.614393
-1999701.501137
-1999701.501137
-1999701.387038
-1999701.387038
-1999701.272023
-1999701.272023
-1999701.156013
-1999701.156013
-1999701.038922
-1999701.038922
-1999700.920654
-1999700.920654
-1999700.801101
-1999700.801101
-1999700.680142
-1999700.680142
-1999700.557638
-1999700.557638
-1999700.433430
-1999700.433430
-1999700.307336
-1999700.307336
-1999700.179141
-1999700.179141
-1999700.048591
-1999700.048591
-1999699.915379
-1999699.915379
-1999699.779135
-1999699.779135
-1999699.639398
-1999699.639398
-1999699.495587
-1999699.495587
-1999699.346950
-1999699.346950
-1999699.192490
-1999699.192490
-1999699.030844
-1999699.030844
-1999698.860075
-1999698.860075
-1999698.677295
-1999698.677295
-1999698.477946
-1999698.477946
-1999698.254265
-1999698.254265
-1999697.991677
-1999697.991677
-1999697.659284
-1999697.659284
-1999697.185378
-1999697.185378
-1999696.501193
-1999696.501193
-1999696.161539
-1999696.161539
-1999696.037683
-1999696.037683
-1999695.919769
-1999695.919769
-1999695.801257
-1999695.801257
-1999695.681277
-1999695.681277
-1999695.559615
-1999695.559615
-1999695.436124
-1999695.436124
-1999695.310646
-1999695.310646
-1999695.183002
-1999695.183002
-1999695.052987
-1999695.052987
-1999694.920362
-1999694.920362
-1999694.784843
-1999694.784843
-1999694.646092
-1999694.646092
-1999694.503698
-1999694.503698
-1999694.357151
-1999694.357151
-1999694.205810
-1999694.205810
-1999694.048845
-1999694.048845
-1999693.885159
-1999693.885159
-1999693.713246
-1999693.713246
-1999693.530960
-1999693.530960
-1999693.335088
-1999693.335088
-1999693.120513
-1999693.120513
-1999692.878384
-1999692.878384
-1999692.591643
-1999692.591643
-1999692.222294
-1999692.222294
-1999691.672557
-1999691.672557
-1999690.823295
-1999690.823295
-1999690.455494
-1999690.455494
-1999690.302475
-1999690.302475
-1999690.156112
-1999690.156112
-1999690.007462
-1999690.007462
-1999689.855466
-1999689.855466
-1999689.699699
-1999689.699699
-1999689.539713
-1999689.539713
-1999689.374962
-1999689.374962
-1999689.204756
-1999689.204756
-1999689.028199
-1999689.028199
-1999688.844099
-1999688.844099
-1999688.650806
-1999688.650806
-1999688.445947
-1999688.445947
-1999688.225910
-1999688.225910
-1999687.984825
-1999687.984825
-1999687.712246
-1999687.712246
-1999687.387127
-1999687.387127
-1999686.959197
-1999686.959197
-1999686.284730
-1999686.284730
-1999685.275461
-1999685.275461
-1999684.983370
-1999684.983370
-1999684.828930
-1999684.828930
-1999684.680416
-1999684.680416
-1999684.529820
-1999684.529820
-1999684.376559
-1999684.376559
-1999684.220468
-1999684.220468
-1999684.061393
-1999684.061393
-1999683.899169
-1999683.899169
-1999683.733610
-1999683.733610
-1999683.564512
-1999683.564512
-1999683.391647
-1999683.391647
-1999683.214755
-1999683.214755
-1999683.033538
-1999683.033538
-1999682.847652
-1999682.847652
-1999682.656691
-1999682.656691
-1999682.460170
-1999682.460170
-1999682.257498
-1999682.257498
-1999682.047939
-1999682.047939
-1999681.830552
-1999681.830552
-1999681.604096
-1999681.604096
-1999681.366877
-1999681.366877
-1999681.116475
-1999681.116475
-1999680.849242
-1999680.849242
-1999680.559282
-1999680.559282
-1999680.236178
-1999680.236178
-1999679.859201
-1999679.859201
-1999679.380446
-1999679.380446
-1999678.680449
-1999678.680449
-1999677.822214
-1999677.822214
-1999677.526918
-1999677.526918
-1999677.303192
-1999677.303192
-1999677.078600
-1999677.078600
-1999676.848969
-1999676.848969
-1999676.613617
-1999676.613617
-1999676.372221
-1999676.372221
-1999676.124477
-1999676.124477
-1999675.870062
-1999675.870062
-1999675.608626
-1999675.608626
-1999675.339788
-1999675.339788
-1999675.063129
-1999675.063129
-1999674.778188
-1999674.778188
-1999674.484449
-1999674.484449
-1999674.181336
-1999674.181336
-1999673.868195
-1999673.868195
-1999673.544278
-1999673.544278
-1999673.208713
-1999673.208713
-1999672.860475
-1999672.860475
-1999672.498329
-1999672.498329
-1999672.120764
-1999672.120764
-1999671.725878
-1999671.725878
-1999671.311208
-1999671.311208
-1999670.873454
-1999670.873454
-1999670.407991
-1999670.407991
-1999669.907992
-1999669.907992
-1999669.362663
-1999669.362663
-1999668.753323
-1999668.753323
-1999668.043304
-1999668.043304
-1999667.146005
-1999667.146005
-1999665.794807
-1999665.794807
-1999663.462196
-1999663.462196
-1999661.696544
-1999661.696544
-1999661.030057
-1999661.030057
-1999660.589988
-1999660.589988
-1999660.146630
-1999660.146630
-1999659.690447
-1999659.690447
-1999659.220675
-1999659.220675
-1999658.736745
-1999658.736745
-1999658.238078
-1999658.238078
-1999657.724067
-1999657.724067
-1999657.194085
-1999657.194085
-1999656.647476
-1999656.647476
-1999656.083557
-1999656.083557
-1999655.501618
-1999655.501618
-1999654.900915
-1999654.900915
-1999654.280673
-1999654.280673
-1999653.640083
-1999653.640083
-1999652.978297
-1999652.978297
-1999652.294431
-1999652.294431
-1999651.587553
-1999651.587553
-1999650.856689
-1999650.856689
-1999650.100808
-1999650.100808
-1999649.318824
-1999649.318824
-1999648.509578
-1999648.509578
-1999647.671834
-1999647.671834
-1999646.804255
-1999646.804255
-1999645.905379
-1999645.905379
-1999644.973583
-1999644.973583
-1999644.007023
-1999644.007023
-1999643.003542
-1999643.003542
-1999641.960516
-1999641.960516
-1999640.874588
-1999640.874588
-1999639.741163
-1999639.741163
-1999638.553392
-1999638.553392
-1999637.299881
-1999637.299881
-1999635.958722
-1999635.958722
-1999634.478974
-1999634.478974
-1999632.714671
-1999632.714671
-1999630.529889
-1999630.529889
-1999629.035097
-1999629.035097
-1999627.663612
-1999627.663612
-1999626.258150
-1999626.258150
-1999624.809161
-1999624.809161
-1999623.315517
-1999623.315517
-1999621.776472
-1999621.776472
-1999620.191371
-1999620.191371
-1999618.559639
-1999618.559639
-1999616.880795
-1999616.880795
-1999615.154462
-1999615.154462
-1999613.380372
-1999613.380372
-1999611.558380
-1999611.558380
-1999609.688465
-1999609.688465
-1999607.770748
-1999607.770748
-1999605.805490
-1999605.805490
-1999603.793105
-1999603.793105
-1999601.734160
-1999601.734160
-1999599.629382
-1999599.629382
-1999597.479657
-1999597.479657
-1999595.286034
-1999595.286034
-1999593.049719
-1999593.049719
-1999590.772070
-1999590.772070
-1999588.454595
-1999588.454595
-1999586.098936
-1999586.098936
-1999583.706855
-1999583.706855
-1999581.280221
-1999581.280221
-1999578.820983
-1999578.820983
-1999576.331143
-1999576.331143
-1999573.812722
-1999573.812722
-1999571.267716
-1999571.267716
-1999568.698036
-1999568.698036
-1999566.105436
-1999566.105436
-1999563.491402
-1999563.491402
-1999560.856997
-1999560.856997
-1999558.202614
-1999558.202614
-1999555.527555
-1999555.527555
-1999552.829260
-1999552.829260
-1999550.101715
-1999550.101715
-1998571.212300
-1998571.212300
-1998418.386601
-1998418.386601
-1998327.292679
-1998327.292679
-1998265.347463
-1998265.347463
-1998220.584452
-1998220.584452
-1998186.317813
-1998186.317813
-1998158.548948
-1998158.548948
-1998134.719113
-1998134.719113
-1998113.248748
-1998113.248748
-1998094.199173
-1998094.199173
-1998076.536132
-1998076.536132
-1998059.772698
-1998059.772698
-1998044.784573
-1998044.784573
-1998029.941545
-1998029.941545
-1998015.763861
-1998015.763861
-1998002.420740
-1998002.420740
-1997990.303034
-1997990.303034
-1997979.111555
-1997979.111555
-1997967.813236
-1997967.813236
-1997955.913823
-1997955.913823
-1997944.518428
-1997944.518428
-1997933.617593
-1997933.617593
-1997923.144886
-1997923.144886
-1997913.424448
-1997913.424448
-1997904.675934
-1997904.675934
-1997896.312093
-1997896.312093
-1997888.024398
-1997888.024398
-1997879.428725
-1997879.428725
-1997870.401010
-1997870.401010
-1997863.037484
-1997863.037484
-1997856.136134
-1997856.136134
-1997849.237208
-1997849.237208
-1997843.262385
-1997843.262385
-1997837.143660
-1997837.143660
-1997831.317833
-1997831.317833
-1997825.698203
-1997825.698203
-1997820.776540
-1997820.776540
-1997816.402616
-1997816.402616
-1997812.663279
-1997812.663279
-1997809.097146
-1997809.097146
-1997805.687559
-1997805.687559
-1997802.419694
-1997802.419694
-1997799.278533
-1997799.278533
-1997796.248386
-1997796.248386
-1997793.312013
-1997793.312013
-1997790.448930
-1997790.448930
-1997787.631863
-1997787.631863
-1997784.818428
-1997784.818428
-1997781.928501
-1997781.928501
-1997778.779927
-1997778.779927
-1997775.148563
-1997775.148563
-1997771.310966
-1997771.310966
-1997767.877772
-1997767.877772
-1997765.340977
-1997765.340977
-1997763.399339
-1997763.399339
-1997761.663297
-1997761.663297
-1997759.953294
-1997759.953294
-1997758.258453
-1997758.258453
-1997756.564959
-1997756.564959
-1997754.848153
-1997754.848153
-1997753.051884
-1997753.051884
-1997750.994644
-1997750.994644
-1997748.199945
-1997748.199945
-1997746.444895
-1997746.444895
-1997744.183425
-1997744.183425
-1997742.642951
-1997742.642951
-1997740.824406
-1997740.824406
-1997738.458464
-1997738.458464
-1997736.941180
-1997736.941180
-1997735.693658
-1997735.693658
-1997734.482936
-1997734.482936
-1997733.282902
-1997733.282902
-1997732.091530
-1997732.091530
-1997730.907206
-1997730.907206
-1997729.728012
-1997729.728012
-1997728.551539
-1997728.551539
-1997727.374589
-1997727.374589
-1997726.192618
-1997726.192618
-1997724.998627
-1997724.998627
-1997723.780621
-1997723.780621
-1997722.514899
-1997722.514899
-1997721.144087
-1997721.144087
-1997719.486988
-1997719.486988
-1997717.312776
-1997717.312776
-1996788.672028
-1996788.672028
-1996603.022700
-1996603.022700
-1996493.164460
-1996493.164460
-1996422.987434
-1996422.987434
-1996375.851348
-1996375.851348
-1996342.511040
-1996342.511040
-1996317.501730
-1996317.501730
-1996298.712434
-1996298.712434
-1996283.846515
-1996283.846515
-1996271.639798
-1996271.639798
-1996261.544109
-1996261.544109
-1996252.931068
-1996252.931068
-1996245.259438
-1996245.259438
-1996238.203556
-1996238.203556
-1996232.321991
-1996232.321991
-1996226.723861
-1996226.723861
-1996221.548805
-1996221.548805
-1996217.318654
-1996217.318654
-1996214.461885
-1996214.461885
-1996212.471769
-1996212.471769
-1996210.634550
-1996210.634550
-1996208.795833
-1996208.795833
-1996206.769785
-1996206.769785
-1996204.143250
-1996204.143250
-1996201.996255
-1996201.996255
-1996200.859437
-1996200.859437
-1996199.765542
-1996199.765542
-1996198.545779
-1996198.545779
-1996196.875239
-1996196.875239
-1996195.436218
-1996195.436218
-1996194.570608
-1996194.570608
-1996193.786382
-1996193.786382
-1996192.924549
-1996192.924549
-1996191.821142
-1996191.821142
-1996190.304992
-1996190.304992
-1996189.461904
-1996189.461904
-1996188.532589
-1996188.532589
-1996187.188956
-1996187.188956
-1996186.580179
-1996186.580179
-1996186.117685
-1996186.117685
-1996185.641250
-1996185.641250
-1996185.124335
-1996185.124335
-1996184.531403
-1996184.531403
-1996183.784446
-1996183.784446
-1996182.674992
-1996182.674992
-1996180.833624
-1996180.833624
-1996180.027704
-1996180.027704
-1996179.740321
-1996179.740321
-1996179.517509
-1996179.517509
-1996179.294587
-1996179.294587
-1996179.067644
-1996179.067644
-1996178.833088
-1996178.833088
-1996178.585569
-1996178.585569
-1996178.316112
-1996178.316112
-1996178.007657
-1996178.007657
-1996177.621988
-1996177.621988
-1996177.054379
-1996177.054379
-1996176.082969
-1996176.082969
-1996175.592497
-1996175.592497
-1996175.444181
-1996175.444181
-1996175.325291
-1996175.325291
-1996175.209715
-1996175.209715
-1996175.094885
-1996175.094885
-1996174.980255
-1996174.980255
-1996174.865399
-1996174.865399
-1996174.749854
-1996174.749854
-1996174.633090
-1996174.633090
-1996174.514480
-1996174.514480
-1996174.393267
-1996174.393267
-1996174.268514
-1996174.268514
-1996174.139021
-1996174.139021
-1996174.003209
-1996174.003209
-1996173.858909
-1996173.858909
-1996173.703013
-1996173.703013
-1996173.530804
-1996173.530804
-1996173.334575
-1996173.334575
-1996173.100391
-1996173.100391
-1996172.799117
-1996172.799117
-1996172.354759
-1996172.354759
-1996171.498295
-1996171.498295
-1996170.280475
-1996170.280475
-1996169.655139
-1996169.655139
-1996169.459050
-1996169.459050
-1996169.228308
-1996169.228308
-1996168.910153
-1996168.910153
-1996168.448259
-1996168.448259
-1996168.062780
-1996168.062780
-1996167.977414
-1996167.977414
-1996167.914139
-1996167.914139
-1996167.848915
-1996167.848915
-1996167.779721
-1996167.779721
-1996167.704757
-1996167.704757
-1996167.621412
-1996167.621412
-1996167.525492
-1996167.525492
-1996167.409724
-1996167.409724
-1996167.260237
-1996167.260237
-1996167.046865
-1996167.046865
-1996166.692132
-1996166.692132
-1996166.004355
-1996166.004355
-1996165.447282
-1996165.447282
-1996165.369795
-1996165.369795
-1996165.320409
-1996165.320409
-1996165.271982
-1996165.271982
-1996165.222732
-1996165.222732
-1996165.172368
-1996165.172368
-1996165.120654
-1996165.120654
-1996165.067312
-1996165.067312
-1996165.012009
-1996165.012009
-1996164.954336
-1996164.954336
-1996164.893781
-1996164.893781
-1996164.829689
-1996164.829689
-1996164.761208
-1996164.761208
-1996164.687193
-1996164.687193
-1996164.606055
-1996164.606055
-1996164.515506
-1996164.515506
-1996164.412067
-1996164.412067
-1996164.290113
-1996164.290113
-1996164.139695
-1996164.139695
-1996163.940921
-1996163.940921
-1996163.646016
-1996163.646016
-1996163.103919
-1996163.103919
-1996161.869878
-1996161.869878
-1996161.331442
-1996161.331442
-1996161.136087
-1996161.136087
-1996161.116495
-1996161.116495
-1996161.100947
-1996161.100947
-1996161.085747
-1996161.085747
-1996161.070827
-1996161.070827
-1996161.056176
-1996161.056176
-1996161.041790
-1996161.041790
-1996161.027660
-1996161.027660
-1996161.013783
-1996161.013783
-1996161.000152
-1996161.000152
-1996160.986761
-1996160.986761
-1996160.973605
-1996160.973605
-1996160.960680
-1996160.960680
-1996160.947979
-1996160.947979
-1996160.935499
-1996160.935499
-1996160.923234
-1996160.923234
-1996160.911180
-1996160.911180
-1996160.899333
-1996160.899333
-1996160.887688
-1996160.887688
-1996160.876241
-1996160.876241
-1996160.864989
-1996160.864989
-1996160.853926
-1996160.853926
-1996160.843049
-1996160.843049
-1996160.832355
-1996160.832355
-1996160.821839
-1996160.821839
-1996160.811498
-1996160.811498
-1996160.801330
-1996160.801330
-1996160.791329
-1996160.791329
-1996160.781493
-1996160.781493
