-1138437.163553
-1138437.163553
-1131960.661530
-1131960.661530
-1128286.903689
-1128286.903689
-1125590.442166
-1125590.442166
-1123252.584230
-1123252.584230
-1120841.104977
-1120841.104977
-1117846.389710
-1117846.389710
-1113516.805072
-1113516.805072
-1106817.245673
-1106817.245673
-1096959.422854
-1096959.422854
-1078736.104719
-1078736.104719
-1064394.953450
-1064394.953450
-1043858.313178
-1043858.313178
-1038021.956217
-1038021.956217
-1033638.808854
-1033638.808854
-1030332.391444
-1030332.391444
-1027786.334735
-1027786.334735
-1016719.726099
-1016719.726099
-1015166.731855
-1015166.731855
-1013877.990342
-1013877.990342
-1012790.215398
-1012790.215398
-1011861.213353
-1011861.213353
-1011061.271540
-1011061.271540
-1007350.282935
-1007350.282935
-1006757.971684
-1006757.971684
-1006245.024612
-1006245.024612
-1005791.899232
-1005791.899232
-1005384.621316
-1005384.621316
-1005015.681413
-1005015.681413
-1004682.474476
-1004682.474476
-1004384.509782
-1004384.509782
-1004121.795604
-1004121.795604
-1003892.557689
-1003892.557689
-1003694.015327
-1003694.015327
-1003520.628752
-1003520.628752
-1000472.002140
-1000472.002140
-1000314.020924
-1000314.020924
-1000184.970377
-1000184.970377
-1000071.578427
-1000071.578427
-999968.713583
-999968.713583
-999874.343412
-999874.343412
-999785.819767
-999785.819767
-999702.769179
-999702.769179
-999624.440014
-999624.440014
-999549.262947
-999549.262947
-999477.121257
-999477.121257
-999409.169910
-999409.169910
-999344.080262
-999344.080262
-996461.954971
-996461.954971
-996367.945615
-996367.945615
-996299.501457
-996299.501457
-996242.507657
-996242.507657
-996191.928878
-996191.928878
-996144.251990
-996144.251990
-996097.669645
-996097.669645
-996053.027911
-996053.027911
-996009.930422
-996009.930422
-995969.505223
-995969.505223
-995932.403365
-995932.403365
-995897.339442
-995897.339442
-995862.610757
-995862.610757
-995828.472398
-995828.472398
-995794.520012
-995794.520012
-995762.067955
-995762.067955
-993059.066024
-993059.066024
-992988.052571
-992988.052571
-992936.502332
-992936.502332
-990147.319944
-990147.319944
-990079.830912
-990079.830912
-990035.456930
-990035.456930
-990001.133986
-990001.133986
-989971.322467
-989971.322467
-989944.930873
-989944.930873
-989920.854849
-989920.854849
-989897.651309
-989897.651309
-989875.053022
-989875.053022
-989853.004604
-989853.004604
-989831.010113
-989831.010113
-989809.296406
-989809.296406
-989788.048916
-989788.048916
-989767.986518
-989767.986518
-989748.214014
-989748.214014
-989728.516102
-989728.516102
-989708.030876
-989708.030876
-989688.693244
-989688.693244
-989670.300700
-989670.300700
-989652.692700
-989652.692700
-987150.776728
-987150.776728
-987080.373000
-987080.373000
-987035.171878
-987035.171878
-986999.978843
-986999.978843
-986969.925181
-986969.925181
-986943.745326
-986943.745326
-986920.469831
-986920.469831
-986899.317120
-986899.317120
-986879.808020
-986879.808020
-986861.514719
-986861.514719
-986844.504526
-986844.504526
-986828.542296
-986828.542296
-986812.867583
-986812.867583
-986797.215687
-986797.215687
-986782.515624
-986782.515624
-986768.402950
-986768.402950
-986753.989588
-986753.989588
-986740.449930
-986740.449930
-986727.538612
-986727.538612
-986715.024215
-986715.024215
-986703.239927
-986703.239927
-986691.571759
-986691.571759
-986680.011252
-986680.011252
-986668.988818
-986668.988818
-986658.104662
-986658.104662
-986647.407571
-986647.407571
-986637.113754
-986637.113754
-986627.351985
-986627.351985
-986617.761300
-986617.761300
-986608.325383
-986608.325383
-986599.180905
-986599.180905
-986590.063695
-986590.063695
-986580.888154
-986580.888154
-986571.129347
-986571.129347
-986561.553476
-986561.553476
-986553.069582
-986553.069582
-986545.244240
-986545.244240
-983866.703029
-983866.703029
-983821.452793
-983821.452793
-983796.513946
-983796.513946
-983778.876382
-983778.876382
-983764.997642
-983764.997642
-983753.270885
-983753.270885
-983742.619798
-983742.619798
-983732.787109
-983732.787109
-983723.738148
-983723.738148
-983715.179180
-983715.179180
-983706.959573
-983706.959573
-983698.772011
-983698.772011
-983690.533785
-983690.533785
-983682.706011
-983682.706011
-983675.247693
-983675.247693
-983668.006618
-983668.006618
-983661.015886
-983661.015886
-983654.059276
-983654.059276
-983647.301466
-983647.301466
-983640.111793
-983640.111793
-983633.911717
-983633.911717
-983628.239958
-983628.239958
-983622.530658
-983622.530658
-983617.126388
-983617.126388
-983611.857309
-983611.857309
-983606.350767
-983606.350767
-983600.377402
-983600.377402
-983593.991112
-983593.991112
-983587.924347
-983587.924347
-983581.444797
-983581.444797
-983574.032265
-983574.032265
-983567.621661
-983567.621661
-983562.362746
-983562.362746
-983557.478622
-983557.478622
-983552.657700
-983552.657700
-983547.488821
-983547.488821
-983541.891607
-983541.891607
-983535.895745
-983535.895745
-983530.311774
-983530.311774
-983525.319006
-983525.319006
-983520.342575
-983520.342575
-983515.303013
-983515.303013
-983509.995123
-983509.995123
-983504.807107
-983504.807107
-983499.715919
-983499.715919
-983494.258152
-983494.258152
-983488.612294
-983488.612294
-983482.748221
-983482.748221
-983476.729023
-983476.729023
-983470.264280
-983470.264280
-983463.855932
-983463.855932
-983457.947684
-983457.947684
-983451.864910
-983451.864910
-983445.335747
-983445.335747
-983439.361142
-983439.361142
-983434.601907
-983434.601907
-983429.962866
-983429.962866
-983425.000421
-983425.000421
-983420.389076
-983420.389076
-983415.780739
-983415.780739
-983410.997853
-983410.997853
-983405.976079
-983405.976079
-983401.521906
-983401.521906
-983397.334279
-983397.334279
-983393.015329
-983393.015329
-983388.477459
-983388.477459
-983383.793220
-983383.793220
-983379.511946
-983379.511946
-983375.289084
-983375.289084
-983370.729601
-983370.729601
-983366.052282
-983366.052282
-983361.197292
-983361.197292
-983356.529295
-983356.529295
-983352.463785
-983352.463785
-983348.645316
-983348.645316
-983344.607662
-983344.607662
-983340.887067
-983340.887067
-983337.211131
-983337.211131
-981212.888189
-981212.888189
-980918.610534
-980918.610534
-980794.153434
-980794.153434
-980731.261836
-980731.261836
-980695.458728
-980695.458728
-980673.227219
-980673.227219
-980658.373215
-980658.373215
-980647.677249
-980647.677249
-980639.300261
-980639.300261
-980632.429707
-980632.429707
-980626.177370
-980626.177370
-980619.987491
-980619.987491
-980614.236156
-980614.236156
-980609.213288
-980609.213288
-980604.470962
-980604.470962
-980600.000137
-980600.000137
-980596.060734
-980596.060734
-980592.222544
-980592.222544
-980587.988020
-980587.988020
-980584.283508
-980584.283508
-980580.791514
-980580.791514
-980577.507732
-980577.507732
-980574.305470
-980574.305470
-980571.217630
-980571.217630
-980568.055641
-980568.055641
-980564.473550
-980564.473550
-980560.183722
-980560.183722
-980555.592062
-980555.592062
-980551.899715
-980551.899715
-980548.859402
-980548.859402
-980546.050254
-980546.050254
-980542.940311
-980542.940311
-980539.621364
-980539.621364
-980536.283530
-980536.283530
-980533.057982
-980533.057982
-980529.848073
-980529.848073
-980526.345759
-980526.345759
-980522.467440
-980522.467440
-980519.119858
-980519.119858
-978462.798222
-978462.798222
-978403.762837
-978403.762837
-978367.423895
-978367.423895
-978341.767671
-978341.767671
-978322.339422
-978322.339422
-978306.863783
-978306.863783
-978294.013840
-978294.013840
-978282.964555
-978282.964555
-978273.289443
-978273.289443
-978264.776538
-978264.776538
-978257.051667
-978257.051667
-978249.908415
-978249.908415
-978243.223904
-978243.223904
-978236.906994
-978236.906994
-978230.887064
-978230.887064
-978225.110487
-978225.110487
-978219.537803
-978219.537803
-978214.135999
-978214.135999
-978208.870962
-978208.870962
-978203.704722
-978203.704722
-978198.607734
-978198.607734
-978193.594595
-978193.594595
-978188.573003
-978188.573003
-978183.601282
-978183.601282
-978178.744023
-978178.744023
-978173.972523
-978173.972523
-978170.077157
-978170.077157
-978166.377338
-978166.377338
-978162.781238
-978162.781238
-978159.282679
-978159.282679
-978155.874475
-978155.874475
-978152.543396
-978152.543396
-978149.265597
-978149.265597
-978145.992840
-978145.992840
-978142.670505
-978142.670505
-978139.240522
-978139.240522
-978135.664758
-978135.664758
-978132.363333
-978132.363333
-978129.290834
-978129.290834
-978126.195590
-978126.195590
-978123.021224
-978123.021224
-978119.672272
-978119.672272
-978116.247196
-978116.247196
-978113.181229
-978113.181229
-978110.122555
-978110.122555
-978107.043634
-978107.043634
-978104.009094
-978104.009094
-978101.081824
-978101.081824
-978098.246700
-978098.246700
-978095.465212
-978095.465212
-978092.688350
-978092.688350
-978089.842996
-978089.842996
-978086.875080
-978086.875080
-978084.020000
-978084.020000
-978081.301716
-978081.301716
-978078.543193
-978078.543193
-978075.725662
-978075.725662
-978072.777360
-978072.777360
-978070.118630
-978070.118630
-978067.485422
-978067.485422
-978064.572059
-978064.572059
-978061.736360
-978061.736360
-978058.875486
-978058.875486
-978056.344541
-978056.344541
-978053.723881
-978053.723881
-978050.822373
-978050.822373
-978047.685571
-978047.685571
-978044.822013
-978044.822013
-978041.923771
-978041.923771
-978038.929106
-978038.929106
-978036.473662
-978036.473662
-978034.014505
-978034.014505
-978031.662676
-978031.662676
-978029.784400
-978029.784400
-978027.942852
-978027.942852
-978026.091676
-978026.091676
-978024.256079
-978024.256079
-978022.412374
-978022.412374
-978020.442115
-978020.442115
-978018.364404
-978018.364404
-978016.637094
-978016.637094
-978014.845478
-978014.845478
-978012.894221
-978012.894221
-978010.916086
-978010.916086
-978009.096676
-978009.096676
-978007.196218
-978007.196218
-978005.423354
-978005.423354
-978003.911342
-978003.911342
-975545.171314
-975545.171314
-975496.031842
-975496.031842
-975470.737127
-975470.737127
-975454.718672
-975454.718672
-975443.369921
-975443.369921
-975434.754332
-975434.754332
-975427.879317
-975427.879317
-975422.127283
-975422.127283
-975417.157266
-975417.157266
-975413.000310
-975413.000310
-975409.337747
-975409.337747
-975406.014155
-975406.014155
-975403.013823
-975403.013823
-975400.343735
-975400.343735
-975397.966970
-975397.966970
-975395.763315
-975395.763315
-975393.658982
-975393.658982
-975391.640234
-975391.640234
-975389.696637
-975389.696637
-975387.823874
-975387.823874
-975386.008101
-975386.008101
-975384.210102
-975384.210102
-975382.368443
-975382.368443
-975380.474062
-975380.474062
-975378.538246
-975378.538246
-975376.487954
-975376.487954
-975374.575176
-975374.575176
-975373.224997
-975373.224997
-975372.003553
-975372.003553
-975370.859928
-975370.859928
-975369.769199
-975369.769199
-975368.672340
-975368.672340
-975367.579188
-975367.579188
-975366.476860
-975366.476860
-975365.228450
-975365.228450
-975363.770722
-975363.770722
-975362.738683
-975362.738683
-975361.885627
-975361.885627
-975361.153167
-975361.153167
-975360.556629
-975360.556629
-975360.009242
-975360.009242
-975359.435180
-975359.435180
-975358.776734
-975358.776734
-975357.948950
-975357.948950
-975356.947960
-975356.947960
-975356.241347
-975356.241347
-975355.590865
-975355.590865
-975354.918499
-975354.918499
-975354.301822
-975354.301822
-975353.749235
-975353.749235
-975353.209869
-975353.209869
-975352.675767
-975352.675767
-975352.119675
-975352.119675
-975351.539290
-975351.539290
-975350.961091
-975350.961091
-975350.351579
-975350.351579
-975349.676270
-975349.676270
-975348.912998
-975348.912998
-975348.057967
-975348.057967
-975347.174334
-975347.174334
-975346.336123
-975346.336123
-975345.540752
-975345.540752
-975344.730915
-975344.730915
-975343.771845
-975343.771845
-975342.497265
-975342.497265
-975341.360461
-975341.360461
-975340.370243
-975340.370243
-975339.851286
-975339.851286
-975339.345626
-975339.345626
-975338.776104
-975338.776104
-975338.129658
-975338.129658
-975337.422535
-975337.422535
-975336.619317
-975336.619317
-975335.651562
-975335.651562
-975334.501329
-975334.501329
-975333.639764
-975333.639764
-975333.242539
-975333.242539
-975332.885919
-975332.885919
-975332.501246
-975332.501246
-975332.064469
-975332.064469
-975331.552396
-975331.552396
-975330.916822
-975330.916822
-975330.072406
-975330.072406
-975328.949307
-975328.949307
-975328.086438
-975328.086438
-975327.403063
-975327.403063
-975326.663713
-975326.663713
-975325.957692
-975325.957692
-975325.339407
-975325.339407
-975324.699721
-975324.699721
-975323.898724
-975323.898724
-975322.978026
-975322.978026
-975322.543606
-975322.543606
-975322.143972
-975322.143972
-975321.669528
-975321.669528
-975321.115021
-975321.115021
-975320.488568
-975320.488568
-975319.649851
-975319.649851
-975318.631992
-975318.631992
-975318.023406
-975318.023406
-975317.438489
-975317.438489
-975316.921715
-975316.921715
-975316.496250
-975316.496250
-975316.076145
-975316.076145
-975315.603452
-975315.603452
-975315.112316
-975315.112316
-975314.622826
-975314.622826
-975314.044870
-975314.044870
-975313.286856
-975313.286856
-975312.230107
-975312.230107
-975311.040726
-975311.040726
-975310.457292
-975310.457292
-975309.918121
-975309.918121
-975309.223467
-975309.223467
-975308.169146
-975308.169146
-975306.828555
-975306.828555
-975305.766943
-975305.766943
-975305.277775
-975305.277775
-975304.898741
-975304.898741
-975304.517228
-975304.517228
-975304.049231
-975304.049231
-975303.461133
-975303.461133
-975302.781677
-975302.781677
-975302.113620
-975302.113620
-975301.532699
-975301.532699
-975301.072795
-975301.072795
-975300.726476
-975300.726476
-975300.453452
-975300.453452
-975300.149054
-975300.149054
-975299.763661
-975299.763661
-975299.300598
-975299.300598
-975298.859898
-975298.859898
-975298.509063
-975298.509063
-975298.166383
-975298.166383
-975297.834708
-975297.834708
-975297.562807
-975297.562807
-975297.286257
-975297.286257
-975296.965355
-975296.965355
-975296.595362
-975296.595362
-975296.195366
-975296.195366
-975295.831296
-975295.831296
-975295.538019
-975295.538019
-975295.254721
-975295.254721
-975294.964292
-975294.964292
-975294.643220
-975294.643220
-975294.264119
-975294.264119
-975293.801207
-975293.801207
-975293.175350
-975293.175350
-975292.166429
-975292.166429
-975291.015311
-975291.015311
-975290.217566
-975290.217566
-975289.244808
-975289.244808
-975288.130528
-975288.130528
-975287.496056
-975287.496056
-975286.909102
-975286.909102
-975286.363033
-975286.363033
-975286.048590
-975286.048590
-975285.910958
-975285.910958
-975285.789471
-975285.789471
-975285.654308
-975285.654308
-975285.501925
-975285.501925
-975285.334604
-975285.334604
-975285.165227
-975285.165227
-975285.008263
-975285.008263
-975284.856001
-975284.856001
-975284.689208
-975284.689208
-975284.494989
-975284.494989
-975284.263175
-975284.263175
-975283.984091
-975283.984091
-975283.646805
-975283.646805
-975283.208572
-975283.208572
-975282.542925
-975282.542925
-975281.899396
-975281.899396
-975281.573396
-975281.573396
-975281.171081
-975281.171081
-975280.558873
-975280.558873
-975279.860968
-975279.860968
-975279.573431
-975279.573431
-975279.304421
-975279.304421
-975278.993449
-975278.993449
-975278.633713
-975278.633713
-975278.192037
-975278.192037
-975277.625595
-975277.625595
-975277.016557
-975277.016557
-975276.501351
-975276.501351
-975276.087219
-975276.087219
-975275.893877
-975275.893877
-975275.767384
-975275.767384
-975275.672684
-975275.672684
-975275.585696
-975275.585696
-975275.495760
-975275.495760
-975275.400667
-975275.400667
-975275.299386
-975275.299386
-975275.190790
-975275.190790
-975275.073476
-975275.073476
-975274.945649
-975274.945649
-975274.804959
-975274.804959
-975274.648255
-975274.648255
-975274.471173
-975274.471173
-975274.267447
-975274.267447
-975274.027666
-975274.027666
-975273.736890
-975273.736890
-975273.369931
-975273.369931
-975272.882912
-975272.882912
-975272.216339
-975272.216339
-975271.487527
-975271.487527
-975271.117906
-975271.117906
-975270.843852
-975270.843852
-975270.511552
-975270.511552
-975270.058275
-975270.058275
-975269.372598
-975269.372598
-975268.452016
-975268.452016
-975267.808623
-975267.808623
-975267.100847
-975267.100847
-975266.266064
-975266.266064
-975265.514932
-975265.514932
-975265.308480
-975265.308480
-975265.141474
-975265.141474
-975264.974091
-975264.974091
-975264.872112
-975264.872112
-975264.816910
-975264.816910
-975264.764619
-975264.764619
-975264.710645
-975264.710645
-975264.657450
-975264.657450
-975264.607275
-975264.607275
-975264.559863
-975264.559863
-975264.512367
-975264.512367
-975264.461365
-975264.461365
-975264.404133
-975264.404133
-975264.338439
-975264.338439
-975264.261966
-975264.261966
-975264.171769
-975264.171769
-975264.063282
-975264.063282
-975263.927685
-975263.927685
-975263.744964
-975263.744964
-975263.464716
-975263.464716
-975262.951669
-975262.951669
-975262.223549
-975262.223549
-975262.079108
-975262.079108
-975262.052504
-975262.052504
-975262.037537
-975262.037537
-975262.023161
-975262.023161
-975262.008421
-975262.008421
-975261.993185
-975261.993185
-975261.977386
-975261.977386
-975261.960954
-975261.960954
-975261.943811
-975261.943811
-975261.925872
-975261.925872
-975261.907037
-975261.907037
-975261.887193
-975261.887193
-975261.866206
-975261.866206
-975261.843922
-975261.843922
-975261.820154
-975261.820154
-975261.794682
-975261.794682
-975261.767233
-975261.767233
-975261.737475
-975261.737475
-975261.704990
-975261.704990
-975261.669246
-975261.669246
-975261.629553
-975261.629553
-975261.584992
-975261.584992
-975261.534308
-975261.534308
-975261.475733
-975261.475733
-975261.406677
-975261.406677
-975261.323178
-975261.323178
-975261.218886
-975261.218886
-975261.083266
-975261.083266
-975260.899724
-975260.899724
-975260.656013
-975260.656013
-975260.424708
-975260.424708
-975260.337832
-975260.337832
-975260.297315
-975260.297315
-975260.251703
-975260.251703
-975260.193313
-975260.193313
-975260.114126
-975260.114126
-975259.999872
-975259.999872
-975259.820459
-975259.820459
-975259.503767
-975259.503767
-975258.925211
-975258.925211
-975258.572111
-975258.572111
-975258.528409
-975258.528409
-975258.472908
-975258.472908
-975258.394307
-975258.394307
-975258.282617
-975258.282617
-975258.142043
-975258.142043
-975258.032603
-975258.032603
-975258.000853
-975258.000853
-975257.993393
-975257.993393
