-4302922.895435
-4302922.895435
-4296711.096623
-4296711.096623
-4293061.942545
-4293061.942545
-4290296.867995
-4290296.867995
-4287776.319412
-4287776.319412
-4284907.461679
-4284907.461679
-4280685.800359
-4280685.800359
-4272995.158123
-4272995.158123
-4257532.312714
-4257532.312714
-4228304.224842
-4228304.224842
-4185708.578013
-4185708.578013
-4117609.357513
-4117609.357513
-4084425.619201
-4084425.619201
-4054317.825522
-4054317.825522
-4022115.718432
-4022115.718432
-3989550.192845
-3989550.192845
-3973331.689890
-3973331.689890
-3961735.916987
-3961735.916987
-3944920.580133
-3944920.580133
-3939264.951504
-3939264.951504
-3934950.472749
-3934950.472749
-3931489.017451
-3931489.017451
-3928558.859018
-3928558.859018
-3925968.755115
-3925968.755115
-3923616.673938
-3923616.673938
-3917448.849604
-3917448.849604
-3915538.663819
-3915538.663819
-3913867.190684
-3913867.190684
-3912446.289207
-3912446.289207
-3911272.167643
-3911272.167643
-3910320.933417
-3910320.933417
-3905686.039923
-3905686.039923
-3905034.273427
-3905034.273427
-3904532.257172
-3904532.257172
-3904131.616840
-3904131.616840
-3903804.070716
-3903804.070716
-3903531.404048
-3903531.404048
-3903301.233575
-3903301.233575
-3903104.289396
-3903104.289396
-3902933.181922
-3902933.181922
-3902782.919474
-3902782.919474
-3902649.351739
-3902649.351739
-3902529.460635
-3902529.460635
-3902421.040204
-3902421.040204
-3902322.002323
-3902322.002323
-3902230.673423
-3902230.673423
-3902147.036681
-3902147.036681
-3902069.627021
-3902069.627021
-3901996.939253
-3901996.939253
-3901928.022128
-3901928.022128
-3901862.768464
-3901862.768464
-3901801.430054
-3901801.430054
-3901743.930300
-3901743.930300
-3901688.996594
-3901688.996594
-3901635.757866
-3901635.757866
-3901583.262697
-3901583.262697
-3901534.584037
-3901534.584037
-3901488.629729
-3901488.629729
-3901444.661069
-3901444.661069
-3901401.798054
-3901401.798054
-3901360.343373
-3901360.343373
-3901320.123264
-3901320.123264
-3901281.598270
-3901281.598270
-3901244.241332
-3901244.241332
-3901207.348563
-3901207.348563
-3901171.952431
-3901171.952431
-3901137.835668
-3901137.835668
-3901104.157710
-3901104.157710
-3901070.338040
-3901070.338040
-3901036.927947
-3901036.927947
-3901004.537493
-3901004.537493
-3900973.026154
-3900973.026154
-3900941.852315
-3900941.852315
-3900912.075913
-3900912.075913
-3900883.214776
-3900883.214776
-3900854.848899
-3900854.848899
-3900826.788238
-3900826.788238
-3900799.112543
-3900799.112543
-3900771.706221
-3900771.706221
-3900745.481932
-3900745.481932
-3900719.834349
-3900719.834349
-3900694.480825
-3900694.480825
-3900669.132526
-3900669.132526
-3900643.475419
-3900643.475419
-3900618.441774
-3900618.441774
-3900594.176881
-3900594.176881
-3900570.789996
-3900570.789996
-3900547.598420
-3900547.598420
-3900523.807136
-3900523.807136
-3900499.967937
-3900499.967937
-3897144.533328
-3897144.533328
-3897005.372710
-3897005.372710
-3896922.688667
-3896922.688667
-3896865.649594
-3896865.649594
-3896822.139625
-3896822.139625
-3896786.764528
-3896786.764528
-3896756.136872
-3896756.136872
-3896728.280996
-3896728.280996
-3896702.984700
-3896702.984700
-3896678.922969
-3896678.922969
-3896656.264285
-3896656.264285
-3896635.521471
-3896635.521471
-3896616.133287
-3896616.133287
-3896597.510021
-3896597.510021
-3896579.481490
-3896579.481490
-3896561.932222
-3896561.932222
-3896544.856803
-3896544.856803
-3896528.575406
-3896528.575406
-3896512.652838
-3896512.652838
-3896497.064023
-3896497.064023
-3896481.713576
-3896481.713576
-3896466.456653
-3896466.456653
-3896451.206995
-3896451.206995
-3896436.046285
-3896436.046285
-3896421.174532
-3896421.174532
-3896406.329645
-3896406.329645
-3896391.362676
-3896391.362676
-3896376.056452
-3896376.056452
-3896360.077865
-3896360.077865
-3896344.522262
-3896344.522262
-3896329.977048
-3896329.977048
-3896315.700052
-3896315.700052
-3896301.814884
-3896301.814884
-3896288.241847
-3896288.241847
-3896274.649110
-3896274.649110
-3896261.095962
-3896261.095962
-3896247.649615
-3896247.649615
-3896234.186579
-3896234.186579
-3896220.727835
-3896220.727835
-3896207.290028
-3896207.290028
-3896193.858291
-3896193.858291
-3896180.516360
-3896180.516360
-3896167.537055
-3896167.537055
-3896154.590609
-3896154.590609
-3896141.480732
-3896141.480732
-3896128.349761
-3896128.349761
-3896115.291843
-3896115.291843
-3896102.490423
-3896102.490423
-3896089.854707
-3896089.854707
-3896077.245012
-3896077.245012
-3896064.588625
-3896064.588625
-3896051.828926
-3896051.828926
-3896038.863678
-3896038.863678
-3896025.363851
-3896025.363851
-3896011.160213
-3896011.160213
-3895997.193632
-3895997.193632
-3895983.817703
-3895983.817703
-3895970.934031
-3895970.934031
-3895958.418579
-3895958.418579
-3895945.829011
-3895945.829011
-3895933.216590
-3895933.216590
-3895920.539419
-3895920.539419
-3895907.645700
-3895907.645700
-3895894.573441
-3895894.573441
-3895881.384282
-3895881.384282
-3895868.040662
-3895868.040662
-3895854.633854
-3895854.633854
-3895841.353559
-3895841.353559
-3895828.262346
-3895828.262346
-3895815.387132
-3895815.387132
-3895802.789950
-3895802.789950
-3895790.343337
-3895790.343337
-3895778.111762
-3895778.111762
-3895765.952822
-3895765.952822
-3895753.597276
-3895753.597276
-3895740.878362
-3895740.878362
-3895727.823804
-3895727.823804
-3895715.071834
-3895715.071834
-3895702.604481
-3895702.604481
-3895690.548470
-3895690.548470
-3895678.484304
-3895678.484304
-3895666.194242
-3895666.194242
-3895653.685544
-3895653.685544
-3895641.082230
-3895641.082230
-3895628.675866
-3895628.675866
-3895616.259809
-3895616.259809
-3895603.669854
-3895603.669854
-3895590.951718
-3895590.951718
-3895578.321587
-3895578.321587
-3895565.920818
-3895565.920818
-3895553.855195
-3895553.855195
-3895542.042316
-3895542.042316
-3895530.205352
-3895530.205352
-3895518.030305
-3895518.030305
-3895505.663005
-3895505.663005
-3895493.816935
-3895493.816935
-3895481.997753
-3895481.997753
-3895470.222272
-3895470.222272
-3895458.482733
-3895458.482733
-3895446.690562
-3895446.690562
-3895434.835976
-3895434.835976
-3895423.003748
-3895423.003748
-3895411.133378
-3895411.133378
-3895399.163914
-3895399.163914
-3895387.687429
-3895387.687429
-3895376.700184
-3895376.700184
-3895365.619858
-3895365.619858
-3895354.574080
-3895354.574080
-3895343.838109
-3895343.838109
-3895333.355654
-3895333.355654
-3895322.933829
-3895322.933829
-3895312.267024
-3895312.267024
-3895301.406263
-3895301.406263
-3895290.558242
-3895290.558242
-3895279.539173
-3895279.539173
-3895268.261472
-3895268.261472
-3895256.938540
-3895256.938540
-3895245.954412
-3895245.954412
-3895235.289800
-3895235.289800
-3895224.600090
-3895224.600090
-3895213.586855
-3895213.586855
-3895202.432175
-3895202.432175
-3895192.720960
-3895192.720960
-3895183.675360
-3895183.675360
-3895174.963752
-3895174.963752
-3895166.782802
-3895166.782802
-3895158.636889
-3895158.636889
-3895150.091347
-3895150.091347
-3895141.087117
-3895141.087117
-3895131.834674
-3895131.834674
-3892198.489475
-3892198.489475
-3891926.276226
-3891926.276226
-3891810.625758
-3891810.625758
-3891745.914171
-3891745.914171
-3891702.736381
-3891702.736381
-3891670.481214
-3891670.481214
-3891644.379291
-3891644.379291
-3891622.288651
-3891622.288651
-3891603.074120
-3891603.074120
-3891585.809105
-3891585.809105
-3891570.027908
-3891570.027908
-3891555.080600
-3891555.080600
-3891540.710809
-3891540.710809
-3891527.509649
-3891527.509649
-3891515.550291
-3891515.550291
-3891503.774060
-3891503.774060
-3891491.923228
-3891491.923228
-3891480.850970
-3891480.850970
-3891470.470487
-3891470.470487
-3891460.396334
-3891460.396334
-3891450.488636
-3891450.488636
-3891440.788805
-3891440.788805
-3891431.140968
-3891431.140968
-3891421.424661
-3891421.424661
-3891411.686601
-3891411.686601
-3891401.745238
-3891401.745238
-3891391.862720
-3891391.862720
-3891382.301754
-3891382.301754
-3891372.848182
-3891372.848182
-3891363.365706
-3891363.365706
-3891353.701558
-3891353.701558
-3891343.737075
-3891343.737075
-3891333.495485
-3891333.495485
-3891323.371750
-3891323.371750
-3891313.571975
-3891313.571975
-3891303.674298
-3891303.674298
-3891293.113872
-3891293.113872
-3891282.166952
-3891282.166952
-3891271.299216
-3891271.299216
-3891260.588884
-3891260.588884
-3891250.122970
-3891250.122970
-3891239.382256
-3891239.382256
-3891228.389930
-3891228.389930
-3891218.042342
-3891218.042342
-3891208.859357
-3891208.859357
-3888360.274565
-3888360.274565
-3888180.002197
-3888180.002197
-3888079.981936
-3888079.981936
-3888015.286039
-3888015.286039
-3887969.398844
-3887969.398844
-3887933.898243
-3887933.898243
-3887904.699088
-3887904.699088
-3887880.284293
-3887880.284293
-3887859.261110
-3887859.261110
-3887840.362062
-3887840.362062
-3887823.338659
-3887823.338659
-3887807.981346
-3887807.981346
-3887793.554806
-3887793.554806
-3887779.918555
-3887779.918555
-3887767.247762
-3887767.247762
-3887755.191038
-3887755.191038
-3887743.727495
-3887743.727495
-3887732.594286
-3887732.594286
-3887721.924242
-3887721.924242
-3887711.558623
-3887711.558623
-3887701.560278
-3887701.560278
-3887691.545625
-3887691.545625
-3887681.712550
-3887681.712550
-3887672.255632
-3887672.255632
-3887662.899449
-3887662.899449
-3887653.670518
-3887653.670518
-3887644.638354
-3887644.638354
-3887635.698532
-3887635.698532
-3887626.997768
-3887626.997768
-3884388.456155
-3884388.456155
-3884297.345657
-3884297.345657
-3884245.329064
-3884245.329064
-3884210.340332
-3884210.340332
-3884184.364800
-3884184.364800
-3884163.694201
-3884163.694201
-3884146.092248
-3884146.092248
-3884130.411348
-3884130.411348
-3884116.082391
-3884116.082391
-3884102.756653
-3884102.756653
-3884090.480689
-3884090.480689
-3884078.862039
-3884078.862039
-3884067.653451
-3884067.653451
-3884057.325462
-3884057.325462
-3884047.930567
-3884047.930567
-3884038.721833
-3884038.721833
-3884029.365257
-3884029.365257
-3884019.914825
-3884019.914825
-3884010.596925
-3884010.596925
-3884001.694981
-3884001.694981
-3883993.199559
-3883993.199559
-3883985.090848
-3883985.090848
-3883977.358224
-3883977.358224
-3883969.756861
-3883969.756861
-3883962.221049
-3883962.221049
-3883954.853304
-3883954.853304
-3883947.228967
-3883947.228967
-3883939.230269
-3883939.230269
-3883931.054804
-3883931.054804
-3883923.002758
-3883923.002758
-3883915.153815
-3883915.153815
-3883907.106845
-3883907.106845
-3883899.444656
-3883899.444656
-3883892.386446
-3883892.386446
-3883885.369035
-3883885.369035
-3883878.265440
-3883878.265440
-3883870.796317
-3883870.796317
-3883863.362148
-3883863.362148
-3883856.433431
-3883856.433431
-3883849.182892
-3883849.182892
-3883841.506288
-3883841.506288
-3883833.946583
-3883833.946583
-3883826.495828
-3883826.495828
-3883819.045419
-3883819.045419
-3882452.446338
-3882452.446338
-3882104.314750
-3882104.314750
-3881860.159678
-3881860.159678
-3881672.043309
-3881672.043309
-3881523.240189
-3881523.240189
-3881406.009713
-3881406.009713
-3881315.367870
-3881315.367870
-3881246.259507
-3881246.259507
-3881192.797727
-3881192.797727
-3881150.777043
-3881150.777043
-3881116.555575
-3881116.555575
-3881087.850341
-3881087.850341
-3881063.516647
-3881063.516647
-3881042.203262
-3881042.203262
-3881023.050829
-3881023.050829
-3881005.649255
-3881005.649255
-3880989.699786
-3880989.699786
-3878392.219153
-3878392.219153
-3878175.529594
-3878175.529594
-3878043.359757
-3878043.359757
-3877951.557137
-3877951.557137
-3877883.308452
-3877883.308452
-3877829.885702
-3877829.885702
-3877786.676437
-3877786.676437
-3877751.356396
-3877751.356396
-3877721.835050
-3877721.835050
-3877696.669179
-3877696.669179
-3877674.718445
-3877674.718445
-3877655.523221
-3877655.523221
-3877638.181633
-3877638.181633
-3877622.189174
-3877622.189174
-3877607.829732
-3877607.829732
-3877595.003447
-3877595.003447
-3877583.268485
-3877583.268485
-3877572.475798
-3877572.475798
-3877562.613719
-3877562.613719
-3877553.129761
-3877553.129761
-3877543.895225
-3877543.895225
-3877534.778582
-3877534.778582
-3877525.951150
-3877525.951150
-3877517.718600
-3877517.718600
-3877510.208929
-3877510.208929
-3877502.760371
-3877502.760371
-3877495.013870
-3877495.013870
-3877487.104146
-3877487.104146
-3877479.754777
-3877479.754777
-3877473.159975
-3877473.159975
-3877466.664253
-3877466.664253
-3877459.899743
-3877459.899743
-3877452.809160
-3877452.809160
-3877445.721207
-3877445.721207
-3877438.686455
-3877438.686455
-3877432.124391
-3877432.124391
-3877426.075296
-3877426.075296
-3877420.169674
-3877420.169674
-3877414.455766
-3877414.455766
-3877408.559021
-3877408.559021
-3877402.565219
-3877402.565219
-3877396.681682
-3877396.681682
-3877391.169202
-3877391.169202
-3877385.818891
-3877385.818891
-3877380.609413
-3877380.609413
-3877375.240073
-3877375.240073
-3877370.334848
-3877370.334848
-3877365.717221
-3877365.717221
-3877360.955596
-3877360.955596
-3877356.069973
-3877356.069973
-3877351.053762
-3877351.053762
-3877345.800708
-3877345.800708
-3877340.246337
-3877340.246337
-3877334.695931
-3877334.695931
-3877329.439979
-3877329.439979
-3877324.167827
-3877324.167827
-3877318.573602
-3877318.573602
-3877312.648761
-3877312.648761
-3877306.989736
-3877306.989736
-3877301.708264
-3877301.708264
-3877296.576771
-3877296.576771
-3877292.133804
-3877292.133804
-3877287.766674
-3877287.766674
-3877283.139312
-3877283.139312
-3877278.533465
-3877278.533465
-3877274.202515
-3877274.202515
-3877270.025525
-3877270.025525
-3877265.782026
-3877265.782026
-3877261.446184
-3877261.446184
-3877257.014010
-3877257.014010
-3877252.412026
-3877252.412026
-3877247.805847
-3877247.805847
-3877243.439443
-3877243.439443
-3877239.349821
-3877239.349821
-3877235.000418
-3877235.000418
-3877230.251297
-3877230.251297
-3877225.453720
-3877225.453720
-3877220.415656
-3877220.415656
-3877214.726174
-3877214.726174
-3877208.825941
-3877208.825941
-3877203.247738
-3877203.247738
-3877197.650695
-3877197.650695
-3877191.394695
-3877191.394695
-3877185.495067
-3877185.495067
-3877180.340193
-3877180.340193
-3877175.698181
-3877175.698181
-3877171.308177
-3877171.308177
-3877166.932162
-3877166.932162
-3877162.780703
-3877162.780703
-3877158.713288
-3877158.713288
-3877154.726566
-3877154.726566
-3877150.925609
-3877150.925609
-3877147.551567
-3877147.551567
-3877143.735017
-3877143.735017
-3877139.641389
-3877139.641389
-3877135.282542
-3877135.282542
-3877130.907308
-3877130.907308
-3877126.610728
-3877126.610728
-3877122.723100
-3877122.723100
-3877119.603011
-3877119.603011
-3877116.628177
-3877116.628177
-3877113.476504
-3877113.476504
-3877110.349146
-3877110.349146
-3877106.876275
-3877106.876275
-3877103.401354
-3877103.401354
-3877100.310452
-3877100.310452
-3877097.485526
-3877097.485526
-3877094.361893
-3877094.361893
-3877090.587243
-3877090.587243
-3877086.951133
-3877086.951133
-3877083.862997
-3877083.862997
-3877080.799379
-3877080.799379
-3877077.606053
-3877077.606053
-3877074.174700
-3877074.174700
-3877070.787474
-3877070.787474
-3877067.065871
-3877067.065871
-3877063.018169
-3877063.018169
-3877058.856845
-3877058.856845
-3877054.662666
-3877054.662666
-3877050.273775
-3877050.273775
-3877046.348364
-3877046.348364
-3877042.897909
-3877042.897909
-3877039.587494
-3877039.587494
-3877035.994607
-3877035.994607
-3877032.073641
-3877032.073641
-3877028.196759
-3877028.196759
-3877024.551899
-3877024.551899
-3877020.787025
-3877020.787025
-3877016.855225
-3877016.855225
-3877012.728239
-3877012.728239
-3877008.592850
-3877008.592850
-3877005.080489
-3877005.080489
-3877002.188911
-3877002.188911
-3876999.434662
-3876999.434662
-3876996.513987
-3876996.513987
-3876993.428057
-3876993.428057
-3876990.208413
-3876990.208413
-3876987.287888
-3876987.287888
-3876984.446715
-3876984.446715
-3876981.709307
-3876981.709307
-3876979.094260
-3876979.094260
-3876976.431056
-3876976.431056
-3876973.715738
-3876973.715738
-3876970.838165
-3876970.838165
-3876968.045381
-3876968.045381
-3876965.047613
-3876965.047613
-3876962.066715
-3876962.066715
-3876958.814871
-3876958.814871
-3876955.287642
-3876955.287642
-3876951.967707
-3876951.967707
-3876949.224849
-3876949.224849
-3876947.231121
-3876947.231121
-3876945.150988
-3876945.150988
-3876942.799228
-3876942.799228
-3876940.112008
-3876940.112008
-3876937.227300
-3876937.227300
-3876934.148907
-3876934.148907
-3876930.595818
-3876930.595818
-3876926.458555
-3876926.458555
-3876921.765158
-3876921.765158
-3876917.940226
-3876917.940226
-3876914.102009
-3876914.102009
-3876910.511721
-3876910.511721
-3876907.004889
-3876907.004889
-3876904.049299
-3876904.049299
-3876901.679590
-3876901.679590
-3876899.086990
-3876899.086990
-3876896.245177
-3876896.245177
-3876893.321028
-3876893.321028
-3876890.836482
-3876890.836482
-3876888.483768
-3876888.483768
-3876885.729821
-3876885.729821
-3876882.447116
-3876882.447116
-3876879.422757
-3876879.422757
-3876876.540307
-3876876.540307
-3876873.787109
-3876873.787109
-3876870.567959
-3876870.567959
-3876866.806039
-3876866.806039
-3876863.515101
-3876863.515101
-3876860.244528
-3876860.244528
-3876856.493998
-3876856.493998
-3876853.410441
-3876853.410441
-3876850.588981
-3876850.588981
-3876848.124920
-3876848.124920
-3876845.529097
-3876845.529097
-3876843.110450
-3876843.110450
-3876840.778264
-3876840.778264
-3876838.024681
-3876838.024681
-3876835.244352
-3876835.244352
-3876832.917343
-3876832.917343
-3876830.611969
-3876830.611969
-3876828.319205
-3876828.319205
-3876825.998989
-3876825.998989
-3876823.690119
-3876823.690119
-3876821.082813
-3876821.082813
-3876817.873724
-3876817.873724
-3876814.708506
-3876814.708506
-3876811.797589
-3876811.797589
-3876808.813443
-3876808.813443
-3876805.601778
-3876805.601778
-3876802.146841
-3876802.146841
-3876798.501368
-3876798.501368
-3876794.635363
-3876794.635363
-3876790.440515
-3876790.440515
-3876786.601058
-3876786.601058
-3876783.637805
-3876783.637805
-3876780.510309
-3876780.510309
-3876777.098726
-3876777.098726
-3876773.693786
-3876773.693786
-3876770.625029
-3876770.625029
-3876768.417185
-3876768.417185
-3876766.658238
-3876766.658238
-3876764.606344
-3876764.606344
-3876761.997620
-3876761.997620
-3876758.924804
-3876758.924804
-3876756.270063
-3876756.270063
-3876754.003603
-3876754.003603
-3876751.714558
-3876751.714558
-3876749.223274
-3876749.223274
-3876746.336885
-3876746.336885
-3876743.347836
-3876743.347836
-3876740.166111
-3876740.166111
-3876736.847161
-3876736.847161
-3876734.079408
-3876734.079408
-3876731.900149
-3876731.900149
-3876730.011413
-3876730.011413
-3876728.099393
-3876728.099393
-3876725.845401
-3876725.845401
-3876723.286364
-3876723.286364
-3876720.454156
-3876720.454156
-3876717.901239
-3876717.901239
-3876715.587303
-3876715.587303
-3876713.088208
-3876713.088208
-3876710.380708
-3876710.380708
-3876707.891046
-3876707.891046
-3876705.312849
-3876705.312849
-3876702.731840
-3876702.731840
-3876700.569967
-3876700.569967
-3876698.645507
-3876698.645507
-3876696.688371
-3876696.688371
-3876694.666486
-3876694.666486
-3876692.548210
-3876692.548210
-3876690.651515
-3876690.651515
-3876688.353506
-3876688.353506
-3876685.335120
-3876685.335120
-3876682.185923
-3876682.185923
-3876679.779505
-3876679.779505
-3876677.587086
-3876677.587086
-3876675.133141
-3876675.133141
-3876673.029024
-3876673.029024
-3876671.364583
-3876671.364583
-3876669.937554
-3876669.937554
-3876668.325806
-3876668.325806
-3876666.550786
-3876666.550786
-3876664.769201
-3876664.769201
-3876662.967565
-3876662.967565
-3876661.115685
-3876661.115685
-3876659.088538
-3876659.088538
-3876657.264447
-3876657.264447
-3876655.648717
-3876655.648717
-3876653.886368
-3876653.886368
-3876652.306251
-3876652.306251
-3876650.632183
-3876650.632183
-3876648.655510
-3876648.655510
-3874012.315344
-3874012.315344
-3873840.479973
-3873840.479973
-3873774.737445
-3873774.737445
-3873741.122150
-3873741.122150
-3873720.121872
-3873720.121872
-3873704.826746
-3873704.826746
-3873692.635747
-3873692.635747
-3873683.045397
-3873683.045397
-3873675.202220
-3873675.202220
-3873668.533699
-3873668.533699
-3873662.357400
-3873662.357400
-3873656.531851
-3873656.531851
-3873651.374074
-3873651.374074
-3873646.916109
-3873646.916109
-3873642.619764
-3873642.619764
-3873638.412881
-3873638.412881
-3873634.374497
-3873634.374497
-3873630.895388
-3873630.895388
-3873627.397108
-3873627.397108
-3873623.618393
-3873623.618393
-3873620.030946
-3873620.030946
-3873616.528738
-3873616.528738
-3873613.574450
-3873613.574450
-3873610.844649
-3873610.844649
-3873607.829645
-3873607.829645
-3873604.466098
-3873604.466098
-3873601.168619
-3873601.168619
-3873597.838515
-3873597.838515
-3873594.618503
-3873594.618503
-3873591.566243
-3873591.566243
-3873588.827881
-3873588.827881
-3873585.814042
-3873585.814042
-3873582.239714
-3873582.239714
-3873578.822031
-3873578.822031
-3873575.838478
-3873575.838478
-3873573.083704
-3873573.083704
-3873570.535478
-3873570.535478
-3873568.300177
-3873568.300177
-3873565.752456
-3873565.752456
-3873563.311048
-3873563.311048
-3873560.933061
-3873560.933061
-3873559.076929
-3873559.076929
-3873557.206222
-3873557.206222
-3873555.546175
-3873555.546175
-3873553.803718
-3873553.803718
-3873551.803897
-3873551.803897
-3873549.262783
-3873549.262783
-3873546.306914
-3873546.306914
-3873543.851455
-3873543.851455
-3873541.880219
-3873541.880219
-3873539.932651
-3873539.932651
-3873537.296321
-3873537.296321
-3873534.041957
-3873534.041957
-3873532.073598
-3873532.073598
-3873530.534035
-3873530.534035
-3873528.763203
-3873528.763203
-3873527.258422
-3873527.258422
-3873525.457572
-3873525.457572
-3873524.057324
-3873524.057324
-3873522.914910
-3873522.914910
-3873521.512467
-3873521.512467
-3873519.966058
-3873519.966058
-3873518.585078
-3873518.585078
-3873517.290105
-3873517.290105
-3873515.860959
-3873515.860959
-3873514.013194
-3873514.013194
-3873512.147292
-3873512.147292
-3873510.602061
-3873510.602061
-3873509.082462
-3873509.082462
-3873507.878889
-3873507.878889
-3873507.062780
-3873507.062780
-3873506.193393
-3873506.193393
-3873505.149578
-3873505.149578
-3873504.040498
-3873504.040498
-3873503.279474
-3873503.279474
-3873502.509303
-3873502.509303
-3873501.663143
-3873501.663143
-3873500.709235
-3873500.709235
-3873499.612985
-3873499.612985
-3873498.408918
-3873498.408918
-3873497.131787
-3873497.131787
-3873495.527795
-3873495.527795
-3873494.045314
-3873494.045314
-3873492.593729
-3873492.593729
-3873490.901052
-3873490.901052
-3873489.192847
-3873489.192847
-3873487.246742
-3873487.246742
-3873485.323051
-3873485.323051
-3873483.369847
-3873483.369847
-3873480.949897
-3873480.949897
-3873478.586739
-3873478.586739
-3873477.153404
-3873477.153404
-3873475.681705
-3873475.681705
-3873474.311646
-3873474.311646
-3873473.228630
-3873473.228630
-3873472.155681
-3873472.155681
-3873470.808879
-3873470.808879
-3873469.550959
-3873469.550959
-3873468.218699
-3873468.218699
-3873466.693217
-3873466.693217
-3873465.347417
-3873465.347417
-3873464.071275
-3873464.071275
-3873462.399474
-3873462.399474
-3873460.689428
-3873460.689428
-3873459.443320
-3873459.443320
-3873458.233046
-3873458.233046
-3873456.751698
-3873456.751698
-3873455.716708
-3873455.716708
-3873454.915234
-3873454.915234
-3873454.002339
-3873454.002339
-3873452.916196
-3873452.916196
-3873451.505259
-3873451.505259
-3873449.611515
-3873449.611515
-3873447.665630
-3873447.665630
-3873446.166816
-3873446.166816
-3873445.166390
-3873445.166390
-3873444.181658
-3873444.181658
-3873443.300826
-3873443.300826
-3873442.681864
-3873442.681864
-3873442.054117
-3873442.054117
-3873441.368467
-3873441.368467
-3873440.558439
-3873440.558439
-3873439.524513
-3873439.524513
-3873438.247578
-3873438.247578
-3873437.348432
-3873437.348432
-3873436.673446
-3873436.673446
-3873435.852129
-3873435.852129
-3873434.786595
-3873434.786595
-3873433.877987
-3873433.877987
-3873433.139566
-3873433.139566
-3873432.263025
-3873432.263025
-3873431.226253
-3873431.226253
-3873430.286954
-3873430.286954
-3873429.326648
-3873429.326648
-3873428.209544
-3873428.209544
-3873427.273499
-3873427.273499
-3873426.277733
-3873426.277733
-3873425.010368
-3873425.010368
-3873423.327241
-3873423.327241
-3873421.418707
-3873421.418707
-3873419.373725
-3873419.373725
-3873418.236614
-3873418.236614
-3873417.333808
-3873417.333808
-3873416.265142
-3873416.265142
-3873414.873803
-3873414.873803
-3871077.183851
-3871077.183851
-3870766.279596
-3870766.279596
-3870602.671165
-3870602.671165
-3870505.290587
-3870505.290587
-3870442.544833
-3870442.544833
-3870399.723327
-3870399.723327
-3870369.107931
-3870369.107931
-3870346.446343
-3870346.446343
-3870329.142426
-3870329.142426
-3870315.533465
-3870315.533465
-3870304.481210
-3870304.481210
-3870295.137286
-3870295.137286
-3870287.160280
-3870287.160280
-3870280.752022
-3870280.752022
-3870275.674842
-3870275.674842
-3870271.291986
-3870271.291986
-3870267.443118
-3870267.443118
-3870264.000051
-3870264.000051
-3870260.843492
-3870260.843492
-3870257.838859
-3870257.838859
-3870254.872622
-3870254.872622
-3870252.280246
-3870252.280246
-3870249.917206
-3870249.917206
-3870247.468427
-3870247.468427
-3870245.071496
-3870245.071496
-3870242.812061
-3870242.812061
-3870240.945966
-3870240.945966
-3870239.516519
-3870239.516519
-3870238.146509
-3870238.146509
-3870236.810387
-3870236.810387
-3870235.500899
-3870235.500899
-3870234.211933
-3870234.211933
-3870232.936308
-3870232.936308
-3870231.664095
-3870231.664095
-3870230.380909
-3870230.380909
-3870229.065884
-3870229.065884
-3870227.688251
-3870227.688251
-3870226.193386
-3870226.193386
-3870224.482976
-3870224.482976
-3870222.852637
-3870222.852637
-3870221.409450
-3870221.409450
-3870219.961192
-3870219.961192
-3870218.787611
-3870218.787611
-3870217.568493
-3870217.568493
-3870216.674563
-3870216.674563
-3870215.955074
-3870215.955074
-3870215.222216
-3870215.222216
-3870214.450203
-3870214.450203
-3870213.591059
-3870213.591059
-3870212.563302
-3870212.563302
-3870211.547608
-3870211.547608
-3870210.865804
-3870210.865804
-3870210.173560
-3870210.173560
-3870209.417800
-3870209.417800
-3870208.553503
-3870208.553503
-3870207.493288
-3870207.493288
-3870206.081431
-3870206.081431
-3870204.505101
-3870204.505101
-3870203.513032
-3870203.513032
-3870202.663329
-3870202.663329
-3870202.149870
-3870202.149870
-3870201.727983
-3870201.727983
-3870201.345203
-3870201.345203
-3870200.972143
-3870200.972143
-3870200.573695
-3870200.573695
-3870200.115471
-3870200.115471
-3870199.540606
-3870199.540606
-3870198.855666
-3870198.855666
-3870198.447497
-3870198.447497
-3870198.160647
-3870198.160647
-3870197.866269
-3870197.866269
-3870197.559295
-3870197.559295
-3870197.234621
-3870197.234621
-3870196.886088
-3870196.886088
-3870196.507760
-3870196.507760
-3870196.098337
-3870196.098337
-3870195.664061
-3870195.664061
-3870195.191930
-3870195.191930
-3870194.608742
-3870194.608742
-3870193.906896
-3870193.906896
-3870193.471494
-3870193.471494
-3870193.111964
-3870193.111964
-3870192.682289
-3870192.682289
-3870192.127845
-3870192.127845
-3870191.394391
-3870191.394391
-3870190.783020
-3870190.783020
-3870190.318963
-3870190.318963
-3870189.717504
-3870189.717504
-3870188.881080
-3870188.881080
-3870187.994673
-3870187.994673
-3870187.236743
-3870187.236743
-3870186.728672
-3870186.728672
-3870186.230249
-3870186.230249
-3870185.631804
-3870185.631804
-3870185.217042
-3870185.217042
-3870184.913803
-3870184.913803
-3870184.578836
-3870184.578836
-3870184.193231
-3870184.193231
-3870183.735557
-3870183.735557
-3870183.166747
-3870183.166747
-3870182.409298
-3870182.409298
-3870181.438725
-3870181.438725
-3870180.707347
-3870180.707347
-3870179.936018
-3870179.936018
-3870178.977561
-3870178.977561
-3870178.317627
-3870178.317627
-3870177.739854
-3870177.739854
-3870177.095831
-3870177.095831
-3870176.362872
-3870176.362872
-3870175.493662
-3870175.493662
-3870174.402124
-3870174.402124
-3870173.273572
-3870173.273572
-3870172.423165
-3870172.423165
-3870171.445885
-3870171.445885
-3870170.196001
-3870170.196001
-3870168.667910
-3870168.667910
-3870167.110536
-3870167.110536
-3870165.530894
-3870165.530894
-3870164.588053
-3870164.588053
-3870163.663112
-3870163.663112
-3870162.598168
-3870162.598168
-3870161.747011
-3870161.747011
-3870160.773249
-3870160.773249
-3870159.360219
-3870159.360219
-3870157.953103
-3870157.953103
-3870156.879296
-3870156.879296
-3870156.539246
-3870156.539246
-3870156.247216
-3870156.247216
-3870155.924186
-3870155.924186
-3870155.543918
-3870155.543918
-3870155.056792
-3870155.056792
-3870154.371900
-3870154.371900
-3870153.533952
-3870153.533952
-3870152.844320
-3870152.844320
-3870152.244749
-3870152.244749
-3870151.991365
-3870151.991365
-3870151.727050
-3870151.727050
-3870151.415428
-3870151.415428
-3870151.029954
-3870151.029954
-3870150.518778
-3870150.518778
-3870149.777269
-3870149.777269
-3870148.838670
-3870148.838670
-3870148.299769
-3870148.299769
-3870147.882809
-3870147.882809
-3870147.421049
-3870147.421049
-3870146.783360
-3870146.783360
-3870145.841187
-3870145.841187
-3870144.731920
-3870144.731920
-3870143.365774
-3870143.365774
-3870141.818225
-3870141.818225
-3870141.440203
-3870141.440203
-3870141.197766
-3870141.197766
-3870140.868975
-3870140.868975
-3870140.481807
-3870140.481807
-3870140.303873
-3870140.303873
-3870140.230213
-3870140.230213
-3870140.153857
-3870140.153857
-3870140.071315
-3870140.071315
-3870139.980964
-3870139.980964
-3870139.880713
-3870139.880713
-3870139.767755
-3870139.767755
-3870139.638256
-3870139.638256
-3870139.486894
-3870139.486894
-3870139.306398
-3870139.306398
-3870139.087497
-3870139.087497
-3870138.820624
-3870138.820624
-3870138.496986
-3870138.496986
-3870138.085001
-3870138.085001
-3870137.540183
-3870137.540183
-3870137.232793
-3870137.232793
-3870137.106185
-3870137.106185
-3870136.959273
-3870136.959273
-3870136.778603
-3870136.778603
-3870136.544858
-3870136.544858
-3870136.224342
-3870136.224342
-3870135.802604
-3870135.802604
-3870135.501740
-3870135.501740
-3870135.371032
-3870135.371032
-3870135.234102
-3870135.234102
-3870135.076048
-3870135.076048
-3870134.890374
-3870134.890374
-3870134.666576
-3870134.666576
-3870134.385568
-3870134.385568
-3870134.008691
-3870134.008691
-3870133.465055
-3870133.465055
-3870132.858996
-3870132.858996
-3870132.584632
-3870132.584632
-3870132.337718
-3870132.337718
-3870132.061610
-3870132.061610
-3870131.751960
-3870131.751960
-3870131.407017
-3870131.407017
-3870131.035094
-3870131.035094
-3870130.656735
-3870130.656735
-3870130.268547
-3870130.268547
-3870129.819070
-3870129.819070
-3870129.228520
-3870129.228520
-3870128.414640
-3870128.414640
-3870127.785858
-3870127.785858
-3870127.291458
-3870127.291458
-3870126.608717
-3870126.608717
-3870126.118576
-3870126.118576
-3870125.920987
-3870125.920987
-3870125.730405
-3870125.730405
-3870125.540259
-3870125.540259
-3870125.348332
-3870125.348332
-3870125.151591
-3870125.151591
-3870124.946553
-3870124.946553
-3870124.731508
-3870124.731508
-3870124.513742
-3870124.513742
-3870124.318120
-3870124.318120
-3870124.163284
-3870124.163284
-3870124.027879
-3870124.027879
-3870123.887986
-3870123.887986
-3870123.733793
-3870123.733793
-3870123.559559
-3870123.559559
-3870123.364499
-3870123.364499
-3870123.158114
-3870123.158114
-3870122.940707
-3870122.940707
-3870122.654464
-3870122.654464
-3870122.179877
-3870122.179877
-3870121.676707
-3870121.676707
-3870121.581392
-3870121.581392
-3870121.514284
-3870121.514284
-3870121.445054
-3870121.445054
-3870121.372652
-3870121.372652
-3870121.295959
-3870121.295959
-3870121.213644
-3870121.213644
-3870121.124046
-3870121.124046
-3870121.025001
-3870121.025001
-3870120.913564
-3870120.913564
-3870120.785541
-3870120.785541
-3870120.634604
-3870120.634604
-3870120.450522
-3870120.450522
-3870120.215174
-3870120.215174
-3870119.892304
-3870119.892304
-3870119.397728
-3870119.397728
-3870118.552174
-3870118.552174
-3870117.742450
-3870117.742450
-3870117.215429
-3870117.215429
-3870117.015268
-3870117.015268
-3870116.961466
-3870116.961466
-3870116.911015
-3870116.911015
-3870116.857487
-3870116.857487
-3870116.799458
-3870116.799458
-3870116.735870
-3870116.735870
-3870116.665412
-3870116.665412
-3870116.586323
-3870116.586323
-3870116.496130
-3870116.496130
-3870116.391207
-3870116.391207
-3870116.265893
-3870116.265893
-3870116.110670
-3870116.110670
-3870115.907724
-3870115.907724
-3870115.618697
-3870115.618697
-3870115.148115
-3870115.148115
-3870114.371448
-3870114.371448
-3870114.024928
-3870114.024928
-3870113.873307
-3870113.873307
-3870113.679827
-3870113.679827
-3870113.414558
-3870113.414558
-3870113.017071
-3870113.017071
-3870112.446881
-3870112.446881
-3870112.109971
-3870112.109971
-3870111.925609
-3870111.925609
-3870111.692754
-3870111.692754
-3870111.378110
-3870111.378110
-3870110.927773
-3870110.927773
-3870110.369326
-3870110.369326
-3870110.065768
-3870110.065768
-3870109.891980
-3870109.891980
-3870109.741477
-3870109.741477
-3870109.576127
-3870109.576127
-3870109.370612
-3870109.370612
-3870109.099769
-3870109.099769
-3870108.724303
-3870108.724303
-3870108.242428
-3870108.242428
-3870107.914143
-3870107.914143
-3870107.728788
-3870107.728788
-3870107.565151
-3870107.565151
-3870107.413375
-3870107.413375
-3870107.244295
-3870107.244295
-3870107.049463
-3870107.049463
-3870106.845300
-3870106.845300
-3870106.651925
-3870106.651925
-3870106.462441
-3870106.462441
-3870106.279594
-3870106.279594
-3870106.109422
-3870106.109422
-3870105.906278
-3870105.906278
-3870105.594669
-3870105.594669
-3870105.084911
-3870105.084911
-3870104.722024
-3870104.722024
-3870104.676501
-3870104.676501
-3870104.633145
-3870104.633145
-3870104.582403
-3870104.582403
-3870104.521368
-3870104.521368
-3870104.445457
-3870104.445457
-3870104.346825
-3870104.346825
-3870104.210819
-3870104.210819
-3870104.007318
-3870104.007318
-3870103.673480
-3870103.673480
-3870103.192459
-3870103.192459
-3870103.006281
-3870103.006281
-3870102.961336
-3870102.961336
-3870102.910551
-3870102.910551
-3870102.850528
-3870102.850528
-3870102.777477
-3870102.777477
-3870102.685133
-3870102.685133
-3870102.562182
-3870102.562182
-3870102.385909
-3870102.385909
-3870102.105751
-3870102.105751
-3870101.631641
-3870101.631641
-3870101.234387
-3870101.234387
-3870101.202342
-3870101.202342
-3870101.184701
-3870101.184701
-3870101.166740
-3870101.166740
-3870101.148368
-3870101.148368
-3870101.129540
-3870101.129540
-3870101.110215
-3870101.110215
-3870101.090340
-3870101.090340
-3870101.069857
-3870101.069857
-3870101.048689
-3870101.048689
-3870101.026752
-3870101.026752
-3870101.003942
-3870101.003942
-3870100.980129
-3870100.980129
-3870100.955168
-3870100.955168
-3870100.928875
-3870100.928875
-3870100.901043
-3870100.901043
-3870100.871417
-3870100.871417
-3870100.839691
-3870100.839691
-3870100.805498
-3870100.805498
-3870100.768383
-3870100.768383
-3870100.727779
-3870100.727779
-3870100.682966
-3870100.682966
-3870100.633013
-3870100.633013
-3870100.576693
-3870100.576693
-3870100.512362
-3870100.512362
-3870100.437788
-3870100.437788
-3870100.349961
-3870100.349961
-3870100.245073
-3870100.245073
-3870100.119489
-3870100.119489
-3870099.974519
-3870099.974519
-3870099.828193
-3870099.828193
-3870099.712536
-3870099.712536
-3870099.624215
-3870099.624215
-3870099.532417
-3870099.532417
-3870099.421478
-3870099.421478
-3870099.281125
-3870099.281125
-3870099.095607
-3870099.095607
-3870098.835496
-3870098.835496
-3870098.439858
-3870098.439858
-3870097.781058
-3870097.781058
-3870096.841027
-3870096.841027
-3870096.540701
-3870096.540701
-3870096.519271
-3870096.519271
-3870096.499524
-3870096.499524
-3870096.479526
-3870096.479526
-3870096.459139
-3870096.459139
-3870096.438294
-3870096.438294
-3870096.416921
-3870096.416921
-3870096.394943
-3870096.394943
-3870096.372267
-3870096.372267
-3870096.348787
-3870096.348787
-3870096.324376
-3870096.324376
-3870096.298895
-3870096.298895
-3870096.272182
-3870096.272182
-3870096.244052
-3870096.244052
-3870096.214285
-3870096.214285
-3870096.182629
-3870096.182629
-3870096.148782
-3870096.148782
-3870096.112381
-3870096.112381
-3870096.072972
-3870096.072972
-3870096.029988
-3870096.029988
-3870095.982698
-3870095.982698
-3870095.930135
-3870095.930135
-3870095.870986
-3870095.870986
-3870095.803399
-3870095.803399
-3870095.724667
-3870095.724667
-3870095.630609
-3870095.630609
-3870095.514349
-3870095.514349
-3870095.363574
-3870095.363574
-3870095.153725
-3870095.153725
-3870094.830428
-3870094.830428
-3870094.300546
-3870094.300546
-3870093.868364
-3870093.868364
-3870093.771429
-3870093.771429
-3870093.665664
-3870093.665664
-3870093.529092
-3870093.529092
-3870093.339305
-3870093.339305
-3870093.046576
-3870093.046576
-3870092.557707
-3870092.557707
-3870092.116966
-3870092.116966
-3870092.062147
-3870092.062147
-3870092.022567
-3870092.022567
-3870091.978733
-3870091.978733
-3870091.929143
-3870091.929143
-3870091.871683
-3870091.871683
-3870091.803123
-3870091.803123
-3870091.718225
-3870091.718225
-3870091.607809
-3870091.607809
-3870091.454245
-3870091.454245
-3870091.220178
-3870091.220178
-3870090.832065
-3870090.832065
-3870090.375373
-3870090.375373
-3870090.292793
-3870090.292793
-3870090.271911
-3870090.271911
-3870090.250467
-3870090.250467
-3870090.228180
-3870090.228180
-3870090.204920
-3870090.204920
-3870090.180554
-3870090.180554
-3870090.154929
-3870090.154929
-3870090.127861
-3870090.127861
-3870090.099118
-3870090.099118
-3870090.068407
-3870090.068407
-3870090.035346
-3870090.035346
-3870089.999425
-3870089.999425
-3870089.959957
-3870089.959957
-3870089.915991
-3870089.915991
-3870089.866173
-3870089.866173
-3870089.808512
-3870089.808512
-3870089.739947
-3870089.739947
-3870089.655505
-3870089.655505
-3870089.546494
-3870089.546494
-3870089.396293
-3870089.396293
-3870089.169782
-3870089.169782
-3870088.795250
-3870088.795250
-3870088.320174
-3870088.320174
-3870088.217578
-3870088.217578
-3870088.199659
-3870088.199659
-3870088.181825
-3870088.181825
-3870088.163732
-3870088.163732
-3870088.145265
-3870088.145265
-3870088.126313
-3870088.126313
-3870088.106780
-3870088.106780
-3870088.086550
-3870088.086550
-3870088.065519
-3870088.065519
-3870088.043574
-3870088.043574
-3870088.020598
-3870088.020598
-3870087.996460
-3870087.996460
-3870087.971026
-3870087.971026
-3870087.944133
-3870087.944133
-3870087.915601
-3870087.915601
-3870087.885211
-3870087.885211
-3870087.852708
-3870087.852708
-3870087.817778
-3870087.817778
-3870087.780031
-3870087.780031
-3870087.738984
-3870087.738984
-3870087.694032
-3870087.694032
-3870087.644395
-3870087.644395
-3870087.589074
-3870087.589074
-3870087.526761
-3870087.526761
-3870087.455701
-3870087.455701
-3870087.373490
-3870087.373490
-3870087.276720
-3870087.276720
-3870087.160342
-3870087.160342
-3870087.016456
-3870087.016456
-3870086.831766
-3870086.831766
-3870086.581647
-3870086.581647
-3870086.214910
-3870086.214910
-3870085.622719
-3870085.622719
-3870084.820664
-3870084.820664
-3870084.217175
-3870084.217175
-3870083.528773
-3870083.528773
-3870083.426915
-3870083.426915
-3870083.367614
-3870083.367614
-3870083.298946
-3870083.298946
-3870083.217981
-3870083.217981
-3870083.120899
-3870083.120899
-3870083.002533
-3870083.002533
-3870082.856492
-3870082.856492
-3870082.677635
-3870082.677635
-3870082.470876
-3870082.470876
-3870082.257344
-3870082.257344
-3870082.031803
-3870082.031803
-3870081.725448
-3870081.725448
-3870081.222025
-3870081.222025
-3870080.331706
-3870080.331706
-3870079.344572
-3870079.344572
-3870079.056519
-3870079.056519
-3870079.035975
-3870079.035975
-3870079.015375
-3870079.015375
-3870078.993676
-3870078.993676
-3870078.970554
-3870078.970554
-3870078.945684
-3870078.945684
-3870078.918673
-3870078.918673
-3870078.889040
-3870078.889040
-3870078.856168
-3870078.856168
-3870078.819255
-3870078.819255
-3870078.777225
-3870078.777225
-3870078.728616
-3870078.728616
-3870078.671410
-3870078.671410
-3870078.602832
-3870078.602832
-3870078.519329
-3870078.519329
-3870078.417604
-3870078.417604
-3870078.299942
-3870078.299942
-3870078.187942
-3870078.187942
-3870078.119112
-3870078.119112
-3870078.089723
-3870078.089723
-3870078.069473
-3870078.069473
-3870078.048343
-3870078.048343
-3870078.024848
-3870078.024848
-3870077.998191
-3870077.998191
-3870077.967294
-3870077.967294
-3870077.930534
-3870077.930534
-3870077.885362
-3870077.885362
-3870077.827550
-3870077.827550
-3870077.749585
-3870077.749585
-3870077.636996
-3870077.636996
-3870077.459079
-3870077.459079
-3870077.149322
-3870077.149322
-3870076.679507
-3870076.679507
-3870076.508567
-3870076.508567
-3870076.486669
-3870076.486669
-3870076.464653
-3870076.464653
-3870076.441470
-3870076.441470
-3870076.416931
-3870076.416931
-3870076.390850
-3870076.390850
-3870076.363017
-3870076.363017
-3870076.333172
-3870076.333172
-3870076.301009
-3870076.301009
-3870076.266153
-3870076.266153
-3870076.228127
-3870076.228127
-3870076.186330
-3870076.186330
-3870076.139977
-3870076.139977
-3870076.088012
-3870076.088012
-3870076.028989
-3870076.028989
-3870075.960830
-3870075.960830
-3870075.880421
-3870075.880421
-3870075.782794
-3870075.782794
-3870075.659368
-3870075.659368
-3870075.493570
-3870075.493570
-3870075.247851
-3870075.247851
-3870074.815516
-3870074.815516
-3870073.885010
-3870073.885010
-3870073.297893
-3870073.297893
-3870073.133617
-3870073.133617
-3870073.111732
-3870073.111732
-3870073.096402
-3870073.096402
-3870073.080838
-3870073.080838
-3870073.064748
-3870073.064748
-3870073.048085
-3870073.048085
-3870073.030819
-3870073.030819
-3870073.012921
-3870073.012921
-3870072.994363
-3870072.994363
-3870072.975127
-3870072.975127
-3870072.955191
-3870072.955191
-3870072.934544
-3870072.934544
-3870072.913174
-3870072.913174
-3870072.891075
-3870072.891075
-3870072.868235
-3870072.868235
-3870072.844636
-3870072.844636
-3870072.820245
-3870072.820245
-3870072.795004
-3870072.795004
-3870072.768820
-3870072.768820
-3870072.741559
-3870072.741559
-3870072.713039
-3870072.713039
-3870072.683030
-3870072.683030
-3870072.651247
-3870072.651247
-3870072.617351
-3870072.617351
-3870072.580949
-3870072.580949
-3870072.541577
-3870072.541577
-3870072.498677
-3870072.498677
-3870072.451567
-3870072.451567
-3870072.399375
-3870072.399375
-3870072.340952
-3870072.340952
-3870072.274719
-3870072.274719
-3870072.198421
-3870072.198421
-3870072.108659
-3870072.108659
-3870072.000027
-3870072.000027
-3870071.863270
-3870071.863270
-3870071.680951
-3870071.680951
-3870071.416192
-3870071.416192
-3870070.987108
-3870070.987108
-3870070.382810
-3870070.382810
-3870070.173427
-3870070.173427
-3870070.063220
-3870070.063220
-3870069.914942
-3870069.914942
-3870069.696478
-3870069.696478
-3870069.335309
-3870069.335309
-3870068.775329
-3870068.775329
-3870068.563151
-3870068.563151
-3870068.538861
-3870068.538861
-3870068.514852
-3870068.514852
-3870068.490295
-3870068.490295
-3870068.465130
-3870068.465130
-3870068.439309
-3870068.439309
-3870068.412748
-3870068.412748
-3870068.385333
-3870068.385333
-3870068.356894
-3870068.356894
-3870068.327191
-3870068.327191
-3870068.295897
-3870068.295897
-3870068.262559
-3870068.262559
-3870068.226581
-3870068.226581
-3870068.187160
-3870068.187160
-3870068.143217
-3870068.143217
-3870068.093244
-3870068.093244
-3870068.035054
-3870068.035054
-3870067.965279
-3870067.965279
-3870067.878404
-3870067.878404
-3870067.764635
-3870067.764635
-3870067.604724
-3870067.604724
-3870067.356177
-3870067.356177
-3870066.926743
-3870066.926743
-3870066.405905
-3870066.405905
-3870066.330048
-3870066.330048
-3870066.310838
-3870066.310838
-3870066.290979
-3870066.290979
-3870066.270209
-3870066.270209
-3870066.248383
-3870066.248383
-3870066.225370
-3870066.225370
-3870066.201028
-3870066.201028
-3870066.175218
-3870066.175218
-3870066.147790
-3870066.147790
-3870066.118582
-3870066.118582
-3870066.087416
-3870066.087416
-3870066.054103
-3870066.054103
-3870066.018427
-3870066.018427
-3870065.980150
-3870065.980150
-3870065.938999
-3870065.938999
-3870065.894654
-3870065.894654
-3870065.846727
-3870065.846727
-3870065.794728
-3870065.794728
-3870065.738010
-3870065.738010
-3870065.675688
-3870065.675688
-3870065.606522
-3870065.606522
-3870065.528737
-3870065.528737
-3870065.439768
-3870065.439768
-3870065.335854
-3870065.335854
-3870065.211364
-3870065.211364
-3870065.057577
-3870065.057577
-3870064.860206
-3870064.860206
-3870064.594208
-3870064.594208
-3870064.213295
-3870064.213295
-3870063.646288
-3870063.646288
-3870062.942354
-3870062.942354
-3870062.231064
-3870062.231064
-3870061.793244
-3870061.793244
-3870061.406101
-3870061.406101
-3870060.866937
-3870060.866937
-3870060.766065
-3870060.766065
-3870060.756088
-3870060.756088
