-206305.648521
0
0.002139 0.003296 0.000698 0.005759 0.000560 0.000464 0.000000 0.000296 0.013097 0.008408 0.067429 0.006555 0.000051 0.000555 0.000592 0.002745 0.003433 0.005116 0.004098 0.004334 0.000000 0.002240 0.000867 0.004967 0.004373 0.003185 0.001808 0.014822 0.000000 0.000000 0.000197 0.000001 0.017482 0.019855 0.047946 0.017439 0.000284 0.000569 0.000113 0.000866 0.001164 0.001913 0.005546 0.002849 0.000571 0.001156 0.001953 0.006453 0.002430 0.002601 0.000507 0.005098 0.000000 0.000337 0.000118 0.000000 0.013952 0.026764 0.058562 0.018999 0.000000 0.000623 0.000003 0.000596 0.006425 0.006638 0.003861 0.009187 0.000002 0.000976 0.001304 0.001174 0.018316 0.008814 0.002028 0.106815 0.007333 0.000610 0.000239 0.010867 0.095896 0.062230 0.114835 0.067064 0.001053 0.000983 0.000061 0.001972 0.003640 0.005023 0.006322 0.005624 0.002370 0.004274 0.001207 0.024023 
0.021963 0.017109 0.004388 0.016159 0.011515 0.006717 0.002365 0.011501 0.016963 0.009611 0.014135 0.014945 0.011022 0.007693 0.010135 0.012300 0.022434 0.008740 0.017943 0.018603 0.008659 0.002553 0.006211 0.006520 0.019861 0.020321 0.002976 0.020105 0.008972 0.006781 0.002776 0.011128 0.016749 0.011065 0.007560 0.018797 0.006642 0.009213 0.013549 0.013793 0.011068 0.010237 0.012352 0.014936 0.006464 0.003980 0.008781 0.017768 0.015697 0.014389 0.004633 0.014144 0.005321 0.006532 0.001860 0.008416 0.014905 0.009508 0.008897 0.013784 0.005112 0.005034 0.007858 0.007106 0.009685 0.006641 0.008728 0.010218 0.002851 0.001018 0.007279 0.008001 0.018949 0.019397 0.002744 0.019255 0.005884 0.009982 0.001423 0.011794 0.004161 0.010847 0.001574 0.009223 0.011324 0.007307 0.010005 0.014680 0.011013 0.009608 0.006875 0.015946 0.014350 0.005015 0.007524 0.017445 
0.731213 0.268787 
0.402361 0.597639 
0.497858 0.502142 
0.944770 0.055230 
0.846461 0.153539 
0.040972 0.959028 
0.036384 0.963616 
0.359233 0.640767 
0.174156 0.825844 
0.050831 0.949169 
0.279153 0.720847 
0.705198 0.294802 
0.113376 0.886624 
0.540899 0.459101 
0.999500 0.000500 
0.181629 0.818371 
0.107989 0.892011 
0.356821 0.643179 
0.982580 0.017420 
0.412250 0.587750 
0.064607 0.935393 
0.796306 0.203694 
0.388984 0.611016 
0.642669 0.357331 
0.894422 0.105578 
0.228438 0.771562 
0.057770 0.942230 
0.106529 0.893471 
0.056840 0.943160 
0.123092 0.876908 
0.833356 0.166644 
0.804517 0.195483 
0.555660 0.444340 
0.887952 0.112048 
0.412975 0.587025 
0.079452 0.920548 
0.219192 0.780808 
0.018832 0.981168 
0.096379 0.903621 
0.766073 0.233927 
0.183122 0.816878 
0.077281 0.922719 
0.000928 0.999072 
0.344476 0.655524 
0.744115 0.255885 
0.993528 0.006472 
0.831060 0.168940 
0.049534 0.950466 
0.225946 0.774054 
0.997817 0.002183 
0.583654 0.686694 
