-82421.054170
0
0.020474 0.016627 0.003825 0.014745 0.008196 0.003941 0.001906 0.009707 0.017252 0.009057 0.022588 0.011851 0.007196 0.004848 0.009274 0.011902 0.018672 0.008199 0.013973 0.016886 0.006668 0.001260 0.005870 0.006328 0.019437 0.018985 0.002968 0.019684 0.007377 0.006849 0.002264 0.009790 0.017561 0.013378 0.018113 0.016298 0.005459 0.008909 0.013589 0.011329 0.010097 0.009481 0.008665 0.011776 0.004920 0.003597 0.007085 0.012648 0.015822 0.016959 0.004589 0.013525 0.004204 0.005374 0.001252 0.007116 0.014386 0.012992 0.019472 0.015487 0.005649 0.004953 0.006779 0.005447 0.007370 0.006255 0.007284 0.008072 0.002162 0.001195 0.005522 0.005227 0.021451 0.021471 0.003295 0.049600 0.004354 0.007649 0.000966 0.009404 0.003635 0.014661 0.029618 0.009343 0.010586 0.005806 0.008300 0.013232 0.009508 0.007604 0.008018 0.010515 0.010820 0.004641 0.005705 0.021219 
0.004910 0.005501 0.000001 0.004978 0.003763 0.003618 0.000282 0.002565 0.007460 0.005296 0.015514 0.005977 0.002583 0.002007 0.002606 0.003356 0.003293 0.002688 0.003929 0.006973 0.001623 0.000869 0.001350 0.003559 0.006496 0.003026 0.000236 0.006575 0.002121 0.002938 0.000257 0.004487 0.018589 0.008832 0.009350 0.015772 0.001869 0.002471 0.001351 0.005176 0.001924 0.004390 0.003452 0.005279 0.000934 0.001295 0.003758 0.006961 0.004003 0.003762 0.000002 0.004719 0.001699 0.002976 0.000000 0.002610 0.005363 0.004125 0.008896 0.005037 0.001560 0.001028 0.001693 0.002254 0.002852 0.002858 0.002004 0.005324 0.001230 0.001745 0.002952 0.001927 0.014688 0.008942 0.001711 0.045507 0.023553 0.005517 0.001621 0.048530 0.242625 0.083473 0.061401 0.136754 0.002807 0.001870 0.001362 0.006001 0.001295 0.004031 0.002439 0.004235 0.003632 0.001648 0.003553 0.009942 
0.981613 0.018387 
0.817051 0.182949 
0.999999 0.000001 
0.239201 0.760799 
0.970402 0.029598 
0.571609 0.428391 
0.981523 0.018477 
0.290715 0.709285 
0.000026 0.999974 
0.999999 0.000001 
0.770674 0.229326 
0.942322 0.057678 
0.888684 0.111316 
0.000021 0.999979 
0.965494 0.034506 
0.000020 0.999980 
0.984025 0.015975 
0.975873 0.024127 
0.999996 0.000004 
0.999999 0.000001 
0.250989 0.156666 
