-2193533.392162
-2193533.392162
-2187197.645880
-2187197.645880
-2183549.144673
-2183549.144673
-2180869.567242
-2180869.567242
-2178593.216112
-2178593.216112
-2176342.330262
-2176342.330262
-2173651.094648
-2173651.094648
-2169690.983742
-2169690.983742
-2162921.377006
-2162921.377006
-2151594.881033
-2151594.881033
-2136740.116151
-2136740.116151
-2117981.786997
-2117981.786997
-2099476.522248
-2099476.522248
-2077288.333282
-2077288.333282
-2064609.029779
-2064609.029779
-2046898.484173
-2046898.484173
-2039082.679355
-2039082.679355
-2029336.708053
-2029336.708053
-2024653.826610
-2024653.826610
-2017473.177760
-2017473.177760
-2014426.517183
-2014426.517183
-2011785.839771
-2011785.839771
-2009408.772848
-2009408.772848
-2007242.447021
-2007242.447021
-2005288.764622
-2005288.764622
-2003564.570342
-2003564.570342
-2002077.824677
-2002077.824677
-2000818.958071
-2000818.958071
-1999766.260943
-1999766.260943
-1995535.742818
-1995535.742818
-1994821.135031
-1994821.135031
-1994233.211112
-1994233.211112
-1993745.476953
-1993745.476953
-1993335.706064
-1993335.706064
-1989621.614382
-1989621.614382
-1989308.224512
-1989308.224512
-1989051.440227
-1989051.440227
-1988831.578973
-1988831.578973
-1988639.300153
-1988639.300153
-1988470.087303
-1988470.087303
-1988319.514836
-1988319.514836
-1988182.768991
-1988182.768991
-1988056.636682
-1988056.636682
-1987938.442781
-1987938.442781
-1987828.153243
-1987828.153243
-1987725.103542
-1987725.103542
-1987627.621972
-1987627.621972
-1987535.220443
-1987535.220443
-1987447.585213
-1987447.585213
-1987364.059450
-1987364.059450
-1987283.087088
-1987283.087088
-1987204.078995
-1987204.078995
-1987129.814785
-1987129.814785
-1987059.947282
-1987059.947282
-1986993.116486
-1986993.116486
-1986928.226452
-1986928.226452
-1986865.176809
-1986865.176809
-1986804.434160
-1986804.434160
-1986744.783901
-1986744.783901
-1986686.396478
-1986686.396478
-1986630.213302
-1986630.213302
-1986575.949403
-1986575.949403
-1986522.559596
-1986522.559596
-1986471.215832
-1986471.215832
-1986421.669432
-1986421.669432
-1986373.398554
-1986373.398554
-1986325.420581
-1986325.420581
-1986279.482965
-1986279.482965
-1986234.723585
-1986234.723585
-1986190.650672
-1986190.650672
-1986147.857543
-1986147.857543
-1986105.767947
-1986105.767947
-1986063.953572
-1986063.953572
-1986022.879249
-1986022.879249
-1985982.570928
-1985982.570928
-1985943.591362
-1985943.591362
-1985905.486086
-1985905.486086
-1985867.712104
-1985867.712104
-1985830.395773
-1985830.395773
-1985792.536660
-1985792.536660
-1985754.532123
-1985754.532123
-1985717.851504
-1985717.851504
-1982931.109543
-1982931.109543
-1982800.615804
-1982800.615804
-1982707.077980
-1982707.077980
-1982631.891919
-1982631.891919
-1982567.293935
-1982567.293935
-1982509.619228
-1982509.619228
-1982459.515699
-1982459.515699
-1982414.889220
-1982414.889220
-1982374.917842
-1982374.917842
-1982338.626333
-1982338.626333
-1982304.719305
-1982304.719305
-1982272.084257
-1982272.084257
-1982240.049226
-1982240.049226
-1982209.799877
-1982209.799877
-1979218.986024
-1979218.986024
-1979130.893658
-1979130.893658
-1979071.646753
-1979071.646753
-1979025.457129
-1979025.457129
-1978987.187559
-1978987.187559
-1978953.741337
-1978953.741337
-1978923.530831
-1978923.530831
-1978895.337707
-1978895.337707
-1978868.556305
-1978868.556305
-1978842.365469
-1978842.365469
-1978817.900813
-1978817.900813
-1978795.070174
-1978795.070174
-1978774.268161
-1978774.268161
-1978755.715642
-1978755.715642
-1978737.856722
-1978737.856722
-1978720.081631
-1978720.081631
-1978702.875716
-1978702.875716
-1978686.665616
-1978686.665616
-1978670.438713
-1978670.438713
-1978654.815706
-1978654.815706
-1978640.300914
-1978640.300914
-1978626.265599
-1978626.265599
-1978612.275994
-1978612.275994
-1978598.151290
-1978598.151290
-1978584.247607
-1978584.247607
-1978570.833848
-1978570.833848
-1978557.382056
-1978557.382056
-1978543.708132
-1978543.708132
-1978529.739457
-1978529.739457
-1978515.821680
-1978515.821680
-1978502.554621
-1978502.554621
-1978489.267096
-1978489.267096
-1978475.466267
-1978475.466267
-1978461.357426
-1978461.357426
-1978447.517818
-1978447.517818
-1978433.371802
-1978433.371802
-1978418.657697
-1978418.657697
-1975563.851445
-1975563.851445
-1975454.866970
-1975454.866970
-1975395.177046
-1975395.177046
-1975354.370473
-1975354.370473
-1975322.931407
-1975322.931407
-1975297.263977
-1975297.263977
-1975275.416280
-1975275.416280
-1975255.866494
-1975255.866494
-1975238.183235
-1975238.183235
-1975222.411206
-1975222.411206
-1975207.991567
-1975207.991567
-1975194.344348
-1975194.344348
-1975182.219980
-1975182.219980
-1975170.471179
-1975170.471179
-1975158.502297
-1975158.502297
-1975146.207726
-1975146.207726
-1975133.836712
-1975133.836712
-1975122.291730
-1975122.291730
-1975110.932041
-1975110.932041
-1975098.529139
-1975098.529139
-1975087.093844
-1975087.093844
-1975076.289185
-1975076.289185
-1975065.533675
-1975065.533675
-1975054.902593
-1975054.902593
-1975045.292857
-1975045.292857
-1975036.270785
-1975036.270785
-1975027.389760
-1975027.389760
-1975018.336078
-1975018.336078
-1975009.193946
-1975009.193946
-1975000.388311
-1975000.388311
-1974991.798638
-1974991.798638
-1974983.687481
-1974983.687481
-1974975.760065
-1974975.760065
-1974967.704330
-1974967.704330
-1974959.136101
-1974959.136101
-1974950.551998
-1974950.551998
-1974942.797406
-1974942.797406
-1974935.185993
-1974935.185993
-1974927.490555
-1974927.490555
-1974919.890603
-1974919.890603
-1974912.237601
-1974912.237601
-1974904.342485
-1974904.342485
-1974896.035915
-1974896.035915
-1974887.679835
-1974887.679835
-1974879.567801
-1974879.567801
-1974871.258090
-1974871.258090
-1974862.980506
-1974862.980506
-1974854.907396
-1974854.907396
-1974846.848573
-1974846.848573
-1974839.201182
-1974839.201182
-1974832.349623
-1974832.349623
-1974825.602057
-1974825.602057
-1974818.987443
-1974818.987443
-1974812.357716
-1974812.357716
-1974805.807033
-1974805.807033
-1974799.492223
-1974799.492223
-1974793.225046
-1974793.225046
-1974786.730475
-1974786.730475
-1974780.009431
-1974780.009431
-1974773.355746
-1974773.355746
-1974766.936391
-1974766.936391
-1974760.475984
-1974760.475984
-1974754.010179
-1974754.010179
-1974748.062366
-1974748.062366
-1974742.032815
-1974742.032815
-1974735.615455
-1974735.615455
-1974729.089349
-1974729.089349
-1974722.481049
-1974722.481049
-1973765.663186
-1973765.663186
-1973433.703922
-1973433.703922
-1973212.376402
-1973212.376402
-1973033.744871
-1973033.744871
-1972874.392727
-1972874.392727
-1972726.571429
-1972726.571429
-1972588.829495
-1972588.829495
-1972462.868443
-1972462.868443
-1972351.365245
-1972351.365245
-1972255.941656
-1972255.941656
-1972176.576857
-1972176.576857
-1972111.559949
-1972111.559949
-1972058.194435
-1972058.194435
-1972015.197883
-1972015.197883
-1971980.039024
-1971980.039024
-1971951.066711
-1971951.066711
-1971926.587817
-1971926.587817
-1971905.469143
-1971905.469143
-1971887.322189
-1971887.322189
-1971871.813852
-1971871.813852
-1971857.256844
-1971857.256844
-1971843.484646
-1971843.484646
-1971830.596336
-1971830.596336
-1971818.778309
-1971818.778309
-1971807.202091
-1971807.202091
-1971795.004755
-1971795.004755
-1971782.972523
-1971782.972523
-1971771.614798
-1971771.614798
-1971760.999268
-1971760.999268
-1971750.298219
-1971750.298219
-1971738.755783
-1971738.755783
-1971727.010643
-1971727.010643
-1971716.390081
-1971716.390081
-1971706.452118
-1971706.452118
-1971696.785139
-1971696.785139
-1971687.171270
-1971687.171270
-1971676.951882
-1971676.951882
-1971666.033272
-1971666.033272
-1971655.128609
-1971655.128609
-1971645.523280
-1971645.523280
-1971637.228266
-1971637.228266
-1971629.604289
-1971629.604289
-1971621.715509
-1971621.715509
-1971613.685122
-1971613.685122
-1971606.080268
-1971606.080268
-1971598.614141
-1971598.614141
-1971591.292402
-1971591.292402
-1971585.238400
-1971585.238400
-1971579.530105
-1971579.530105
-1971573.847707
-1971573.847707
-1971568.086816
-1971568.086816
-1971562.167969
-1971562.167969
-1971556.254373
-1971556.254373
-1971550.435010
-1971550.435010
-1971545.082033
-1971545.082033
-1971540.020234
-1971540.020234
-1971534.729510
-1971534.729510
-1971529.387709
-1971529.387709
-1971524.495817
-1971524.495817
-1971519.347492
-1971519.347492
-1971513.717679
-1971513.717679
-1971508.459307
-1971508.459307
-1971503.265464
-1971503.265464
-1971497.861632
-1971497.861632
-1971491.850247
-1971491.850247
-1971486.224738
-1971486.224738
-1971481.317835
-1971481.317835
-1971477.066632
-1971477.066632
-1971472.930253
-1971472.930253
-1971468.054932
-1971468.054932
-1971461.474356
-1971461.474356
-1971456.085143
-1971456.085143
-1971452.030380
-1971452.030380
-1971447.516975
-1971447.516975
-1971443.332425
-1971443.332425
-1971439.493527
-1971439.493527
-1971435.241484
-1971435.241484
-1971431.727089
-1971431.727089
-1971429.037421
-1971429.037421
-1971426.449247
-1971426.449247
-1971423.758619
-1971423.758619
-1971420.895095
-1971420.895095
-1971417.740029
-1971417.740029
-1971414.081743
-1971414.081743
-1971409.906043
-1971409.906043
-1971405.554650
-1971405.554650
-1971401.368564
-1971401.368564
-1971397.682376
-1971397.682376
-1971394.376042
-1971394.376042
-1971391.237386
-1971391.237386
-1971387.847631
-1971387.847631
-1971384.196075
-1971384.196075
-1971380.416559
-1971380.416559
-1971377.417297
-1971377.417297
-1971374.722390
-1971374.722390
-1971371.793160
-1971371.793160
-1971368.645843
-1971368.645843
-1971365.401188
-1971365.401188
-1971362.028456
-1971362.028456
-1971358.842157
-1971358.842157
-1971355.872425
-1971355.872425
-1971353.000261
-1971353.000261
-1971349.861094
-1971349.861094
-1971346.135169
-1971346.135169
-1971342.590441
-1971342.590441
-1971339.825621
-1971339.825621
-1971336.879531
-1971336.879531
-1971333.859625
-1971333.859625
-1971330.832987
-1971330.832987
-1971327.420735
-1971327.420735
-1971324.639955
-1971324.639955
-1971321.937537
-1971321.937537
-1971319.166792
-1971319.166792
-1971316.321088
-1971316.321088
-1971313.404421
-1971313.404421
-1971310.388069
-1971310.388069
-1971307.185763
-1971307.185763
-1971303.649385
-1971303.649385
-1971299.704017
-1971299.704017
-1971296.046914
-1971296.046914
-1971292.592127
-1971292.592127
-1971289.310621
-1971289.310621
-1971285.739026
-1971285.739026
-1971281.537930
-1971281.537930
-1971277.773308
-1971277.773308
-1971274.495926
-1971274.495926
-1971271.029471
-1971271.029471
-1971267.289195
-1971267.289195
-1971263.634041
-1971263.634041
-1971259.751275
-1971259.751275
-1971255.762007
-1971255.762007
-1971251.406822
-1971251.406822
-1971246.979533
-1971246.979533
-1971242.806503
-1971242.806503
-1971238.597717
-1971238.597717
-1971234.580171
-1971234.580171
-1971230.250793
-1971230.250793
-1971225.872806
-1971225.872806
-1971221.804250
-1971221.804250
-1971217.859447
-1971217.859447
-1971213.661585
-1971213.661585
-1971209.463965
-1971209.463965
-1971205.280767
-1971205.280767
-1971200.949433
-1971200.949433
-1971196.177389
-1971196.177389
-1971191.845751
-1971191.845751
-1971187.746280
-1971187.746280
-1971183.421422
-1971183.421422
-1971179.403529
-1971179.403529
-1971175.726410
-1971175.726410
-1971171.998294
-1971171.998294
-1971168.090161
-1971168.090161
-1971163.832773
-1971163.832773
-1971159.009469
-1971159.009469
-1971153.952764
-1971153.952764
-1969537.606811
-1969537.606811
-1969385.592749
-1969385.592749
-1969299.859477
-1969299.859477
-1969243.146060
-1969243.146060
-1969202.659890
-1969202.659890
-1969172.450136
-1969172.450136
-1969149.082408
-1969149.082408
-1969129.768860
-1969129.768860
-1969113.240116
-1969113.240116
-1969099.429064
-1969099.429064
-1969087.424961
-1969087.424961
-1969077.045974
-1969077.045974
-1969067.643787
-1969067.643787
-1969058.802325
-1969058.802325
-1969050.117034
-1969050.117034
-1969042.245455
-1969042.245455
-1969034.862869
-1969034.862869
-1969027.649098
-1969027.649098
-1969021.198789
-1969021.198789
-1969015.698066
-1969015.698066
-1969010.409040
-1969010.409040
-1969005.204376
-1969005.204376
-1969000.075080
-1969000.075080
-1968994.918222
-1968994.918222
-1968989.422883
-1968989.422883
-1968983.198373
-1968983.198373
-1968976.853039
-1968976.853039
-1968970.677702
-1968970.677702
-1968963.751939
-1968963.751939
-1968957.689558
-1968957.689558
-1968951.922039
-1968951.922039
-1968946.556496
-1968946.556496
-1968941.393665
-1968941.393665
-1968935.968235
-1968935.968235
-1968931.427353
-1968931.427353
-1968926.931757
-1968926.931757
-1968922.295218
-1968922.295218
-1968917.834468
-1968917.834468
-1968913.640678
-1968913.640678
-1968909.975613
-1968909.975613
-1968906.282917
-1968906.282917
-1968902.545438
-1968902.545438
-1968898.787531
-1968898.787531
-1968894.980951
-1968894.980951
-1968891.107066
-1968891.107066
-1968887.191718
-1968887.191718
-1968883.162333
-1968883.162333
-1968878.504131
-1968878.504131
-1968873.705508
-1968873.705508
-1968869.688256
-1968869.688256
-1968865.627976
-1968865.627976
-1968861.216183
-1968861.216183
-1968856.414217
-1968856.414217
-1968851.790841
-1968851.790841
-1968847.303558
-1968847.303558
-1968843.646019
-1968843.646019
-1968839.900008
-1968839.900008
-1968836.070516
-1968836.070516
-1968832.432922
-1968832.432922
-1968829.313788
-1968829.313788
-1968826.374595
-1968826.374595
-1968823.372625
-1968823.372625
-1968820.152551
-1968820.152551
-1968816.817302
-1968816.817302
-1968813.664807
-1968813.664807
-1968810.612253
-1968810.612253
-1968807.434224
-1968807.434224
-1968804.009627
-1968804.009627
-1968800.683356
-1968800.683356
-1968797.434542
-1968797.434542
-1968793.980258
-1968793.980258
-1968790.303477
-1968790.303477
-1968786.337014
-1968786.337014
-1968781.776073
-1968781.776073
-1968776.574738
-1968776.574738
-1968773.083801
-1968773.083801
-1968770.001337
-1968770.001337
-1966751.714676
-1966751.714676
-1966346.790557
-1966346.790557
-1966207.657836
-1966207.657836
-1966142.035899
-1966142.035899
-1966102.871363
-1966102.871363
-1966075.828731
-1966075.828731
-1966055.962018
-1966055.962018
-1966040.593351
-1966040.593351
-1966027.946797
-1966027.946797
-1966017.234677
-1966017.234677
-1966007.983323
-1966007.983323
-1965999.829516
-1965999.829516
-1965992.450317
-1965992.450317
-1965985.442597
-1965985.442597
-1965978.581923
-1965978.581923
-1965972.090632
-1965972.090632
-1965966.409233
-1965966.409233
-1965961.224971
-1965961.224971
-1965956.167348
-1965956.167348
-1965951.309979
-1965951.309979
-1965946.591774
-1965946.591774
-1965941.803420
-1965941.803420
-1965937.561508
-1965937.561508
-1965933.318775
-1965933.318775
-1965929.224684
-1965929.224684
-1965925.471292
-1965925.471292
-1965922.132125
-1965922.132125
-1965918.988882
-1965918.988882
-1965915.653033
-1965915.653033
-1965911.747612
-1965911.747612
-1965907.617553
-1965907.617553
-1965904.383846
-1965904.383846
-1965901.378983
-1965901.378983
-1965898.140067
-1965898.140067
-1965895.594199
-1965895.594199
-1965893.331440
-1965893.331440
-1965890.989189
-1965890.989189
-1965888.810593
-1965888.810593
-1965887.033261
-1965887.033261
-1965885.229058
-1965885.229058
-1965883.288118
-1965883.288118
-1965881.087421
-1965881.087421
-1965878.516071
-1965878.516071
-1965875.570367
-1965875.570367
-1965873.270867
-1965873.270867
-1965871.600238
-1965871.600238
-1965869.830135
-1965869.830135
-1965867.942136
-1965867.942136
-1965865.926701
-1965865.926701
-1965863.807916
-1965863.807916
-1965862.029529
-1965862.029529
-1965860.611509
-1965860.611509
-1965859.201027
-1965859.201027
-1965857.582816
-1965857.582816
-1965855.715386
-1965855.715386
-1965853.788763
-1965853.788763
-1965851.735988
-1965851.735988
-1965849.761334
-1965849.761334
-1965848.369509
-1965848.369509
-1965846.691785
-1965846.691785
-1965845.249671
-1965845.249671
-1965844.258593
-1965844.258593
-1965843.267490
-1965843.267490
-1965842.210140
-1965842.210140
-1965841.038578
-1965841.038578
-1965839.669617
-1965839.669617
-1965838.002910
-1965838.002910
-1965836.281231
-1965836.281231
-1965834.684877
-1965834.684877
-1965833.066199
-1965833.066199
-1965831.999819
-1965831.999819
-1965830.881678
-1965830.881678
-1965829.593706
-1965829.593706
-1965828.019184
-1965828.019184
-1965826.132654
-1965826.132654
-1965823.884616
-1965823.884616
-1965820.837161
-1965820.837161
-1965818.429306
-1965818.429306
-1965816.796215
-1965816.796215
-1965815.671849
-1965815.671849
-1965814.535352
-1965814.535352
-1965813.620152
-1965813.620152
-1965812.661788
-1965812.661788
-1965811.524906
-1965811.524906
-1965810.327563
-1965810.327563
-1965809.257412
-1965809.257412
-1965808.118762
-1965808.118762
-1965807.180698
-1965807.180698
-1965806.151368
-1965806.151368
-1965804.785716
-1965804.785716
-1965803.632428
-1965803.632428
-1965802.806837
-1965802.806837
-1965801.893369
-1965801.893369
-1965800.787927
-1965800.787927
-1965799.400804
-1965799.400804
-1965798.197389
-1965798.197389
-1965797.439357
-1965797.439357
-1965796.650977
-1965796.650977
-1965795.765703
-1965795.765703
-1965794.722002
-1965794.722002
-1965793.405947
-1965793.405947
-1965791.726226
-1965791.726226
-1965789.741712
-1965789.741712
-1965787.114307
-1965787.114307
-1965785.672888
-1965785.672888
-1965784.876954
-1965784.876954
-1965784.093257
-1965784.093257
-1965783.202913
-1965783.202913
-1965782.123942
-1965782.123942
-1965780.724089
-1965780.724089
-1965779.072640
-1965779.072640
-1965777.588201
-1965777.588201
-1965776.466207
-1965776.466207
-1965775.432305
-1965775.432305
-1965774.552647
-1965774.552647
-1965773.486655
-1965773.486655
-1965772.243089
-1965772.243089
-1965771.072342
-1965771.072342
-1965769.653846
-1965769.653846
-1965768.817111
-1965768.817111
-1965768.130642
-1965768.130642
-1965767.456818
-1965767.456818
-1965766.684892
-1965766.684892
-1965765.766525
-1965765.766525
-1965765.063051
-1965765.063051
-1965764.525017
-1965764.525017
-1965763.967095
-1965763.967095
-1965763.375578
-1965763.375578
-1965762.730995
-1965762.730995
-1965761.994671
-1965761.994671
-1965761.097305
-1965761.097305
-1965760.120534
-1965760.120534
-1965759.422147
-1965759.422147
-1965758.709297
-1965758.709297
-1965757.913974
-1965757.913974
-1965757.192612
-1965757.192612
-1965756.624373
-1965756.624373
-1965756.056900
-1965756.056900
-1965755.464814
-1965755.464814
-1965754.838943
-1965754.838943
-1965754.166515
-1965754.166515
-1965753.427028
-1965753.427028
-1965752.584497
-1965752.584497
-1965751.568809
-1965751.568809
-1965750.227326
-1965750.227326
-1965748.285066
-1965748.285066
-1965746.303333
-1965746.303333
-1965745.049852
-1965745.049852
-1965744.403058
-1965744.403058
-1965743.726872
-1965743.726872
-1965742.909853
-1965742.909853
-1965741.967413
-1965741.967413
-1965741.329064
-1965741.329064
-1965740.778283
-1965740.778283
-1965740.198781
-1965740.198781
-1965739.573493
-1965739.573493
-1965738.867985
-1965738.867985
-1965738.001538
-1965738.001538
-1965736.898814
-1965736.898814
-1965736.172216
-1965736.172216
-1965735.631233
-1965735.631233
-1965735.070760
-1965735.070760
-1965734.468367
-1965734.468367
-1965733.793678
-1965733.793678
-1965732.986203
-1965732.986203
-1965732.018601
-1965732.018601
-1965731.310210
-1965731.310210
-1965730.744848
-1965730.744848
-1965730.148031
-1965730.148031
-1965729.502296
-1965729.502296
-1965728.778967
-1965728.778967
-1965727.923042
-1965727.923042
-1965726.863650
-1965726.863650
-1965725.900141
-1965725.900141
-1965725.324501
-1965725.324501
-1965724.805777
-1965724.805777
-1965724.279880
-1965724.279880
-1965723.737023
-1965723.737023
-1965723.171048
-1965723.171048
-1965722.572906
-1965722.572906
-1965721.927022
-1965721.927022
-1965721.203339
-1965721.203339
-1965720.340211
-1965720.340211
-1965719.283429
-1965719.283429
-1965718.419514
-1965718.419514
-1965717.689300
-1965717.689300
-1965716.822721
-1965716.822721
-1965715.613964
-1965715.613964
-1965713.908010
-1965713.908010
-1965712.930829
-1965712.930829
-1965711.959989
-1965711.959989
-1965710.929529
-1965710.929529
-1965710.302920
-1965710.302920
-1965709.676514
-1965709.676514
-1965708.984211
-1965708.984211
-1965708.175302
-1965708.175302
-1965707.165310
-1965707.165310
-1965706.149638
-1965706.149638
-1965705.380641
-1965705.380641
-1965704.478069
-1965704.478069
-1965703.402499
-1965703.402499
-1965702.599794
-1965702.599794
-1965701.823087
-1965701.823087
-1965700.870929
-1965700.870929
-1965700.103891
-1965700.103891
-1965699.572346
-1965699.572346
-1965699.034789
-1965699.034789
-1965698.483978
-1965698.483978
-1965697.916783
-1965697.916783
-1965697.329034
-1965697.329034
-1965696.714817
-1965696.714817
-1965696.065271
-1965696.065271
-1965695.366261
-1965695.366261
-1965694.593393
-1965694.593393
-1965693.700137
-1965693.700137
-1965692.586038
-1965692.586038
-1965691.014062
-1965691.014062
-1965688.737933
-1965688.737933
-1965687.366054
-1965687.366054
-1965686.764003
-1965686.764003
-1965686.199057
-1965686.199057
-1965685.623723
-1965685.623723
-1965685.033456
-1965685.033456
-1965684.425273
-1965684.425273
-1965683.795261
-1965683.795261
-1965683.137670
-1965683.137670
-1965682.443434
-1965682.443434
-1965681.696926
-1965681.696926
-1965680.867452
-1965680.867452
-1965679.881066
-1965679.881066
-1965678.497203
-1965678.497203
-1965676.569308
-1965676.569308
-1965675.235919
-1965675.235919
-1965674.109598
-1965674.109598
-1965673.054900
-1965673.054900
-1965671.983113
-1965671.983113
-1965670.976380
-1965670.976380
-1965670.407698
-1965670.407698
-1965669.845803
-1965669.845803
-1965669.256641
-1965669.256641
-1965668.624860
-1965668.624860
-1965667.923753
-1965667.923753
-1965667.091001
-1965667.091001
-1965665.965981
-1965665.965981
-1965664.723772
-1965664.723772
-1965664.051026
-1965664.051026
-1965663.371172
-1965663.371172
-1965662.594654
-1965662.594654
-1965661.655690
-1965661.655690
-1965660.524310
-1965660.524310
-1965659.325436
-1965659.325436
-1965658.285593
-1965658.285593
-1965657.367500
-1965657.367500
-1965656.845524
-1965656.845524
-1965656.426571
-1965656.426571
-1965656.007097
-1965656.007097
-1965655.583199
-1965655.583199
-1965655.153841
-1965655.153841
-1965654.718248
-1965654.718248
-1965654.275610
-1965654.275610
-1965653.825047
-1965653.825047
-1965653.365635
-1965653.365635
-1965652.896431
-1965652.896431
-1965652.416517
-1965652.416517
-1965651.924960
-1965651.924960
-1965651.420642
-1965651.420642
-1965650.901877
-1965650.901877
-1965650.365753
-1965650.365753
-1965649.807137
-1965649.807137
-1965649.217297
-1965649.217297
-1965648.582031
-1965648.582031
-1965647.879506
-1965647.879506
-1965647.083863
-1965647.083863
-1965646.216312
-1965646.216312
-1965645.451454
-1965645.451454
-1965644.848294
-1965644.848294
-1965644.260354
-1965644.260354
-1965643.594277
-1965643.594277
-1965642.744234
-1965642.744234
-1965641.457338
-1965641.457338
-1965640.469328
-1965640.469328
-1965639.886397
-1965639.886397
-1965639.292557
-1965639.292557
-1965638.665071
-1965638.665071
-1965638.132842
-1965638.132842
-1965637.701966
-1965637.701966
-1965637.274252
-1965637.274252
-1965636.833710
-1965636.833710
-1965636.373449
-1965636.373449
-1965635.880795
-1965635.880795
-1965635.328294
-1965635.328294
-1965634.655236
-1965634.655236
-1965633.799720
-1965633.799720
-1965633.177645
-1965633.177645
-1965632.775580
-1965632.775580
-1965632.368456
-1965632.368456
-1965631.949627
-1965631.949627
-1965631.512857
-1965631.512857
-1965631.047610
-1965631.047610
-1965630.534693
-1965630.534693
-1965629.936883
-1965629.936883
-1965629.213342
-1965629.213342
-1965628.591814
-1965628.591814
-1965628.226509
-1965628.226509
-1965627.879836
-1965627.879836
-1965627.531361
-1965627.531361
-1965627.179395
-1965627.179395
-1965626.823398
-1965626.823398
-1965626.462741
-1965626.462741
-1965626.096458
-1965626.096458
-1965625.723431
-1965625.723431
-1965625.342644
-1965625.342644
-1964940.292175
-1964940.292175
-1964806.272889
-1964806.272889
-1964740.610422
-1964740.610422
-1964699.138650
-1964699.138650
-1964669.716697
-1964669.716697
-1964647.264227
-1964647.264227
-1964629.270976
-1964629.270976
-1964614.346176
-1964614.346176
-1964601.644120
-1964601.644120
-1964590.607901
-1964590.607901
-1964580.840693
-1964580.840693
-1964572.026682
-1964572.026682
-1964563.880015
-1964563.880015
-1964556.437139
-1964556.437139
-1964549.933364
-1964549.933364
-1964543.919730
-1964543.919730
-1964538.275933
-1964538.275933
-1964532.902246
-1964532.902246
-1964527.666512
-1964527.666512
-1964522.509674
-1964522.509674
-1964517.875637
-1964517.875637
-1964513.408037
-1964513.408037
-1964508.892605
-1964508.892605
-1964504.746073
-1964504.746073
-1964500.799360
-1964500.799360
-1964497.244771
-1964497.244771
-1964493.985114
-1964493.985114
-1964490.825952
-1964490.825952
-1964487.740222
-1964487.740222
-1964484.697651
-1964484.697651
-1964481.644224
-1964481.644224
-1964478.443547
-1964478.443547
-1964474.749001
-1964474.749001
-1964471.574931
-1964471.574931
-1964468.694314
-1964468.694314
-1964465.365960
-1964465.365960
-1964462.931859
-1964462.931859
-1964459.297570
-1964459.297570
-1964457.158671
-1964457.158671
-1964455.065060
-1964455.065060
-1964452.990124
-1964452.990124
-1964450.914473
-1964450.914473
-1964448.798949
-1964448.798949
-1964446.535962
-1964446.535962
-1964443.705037
-1964443.705037
-1962242.680958
-1962242.680958
-1962180.894612
-1962180.894612
-1962146.158922
-1962146.158922
-1962120.337607
-1962120.337607
-1962099.023771
-1962099.023771
-1962080.499222
-1962080.499222
-1962063.957882
-1962063.957882
-1962048.994518
-1962048.994518
-1962035.400330
-1962035.400330
-1962023.062701
-1962023.062701
-1962011.910463
-1962011.910463
-1962001.883715
-1962001.883715
-1961992.918718
-1961992.918718
-1961984.942325
-1961984.942325
-1961977.872105
-1961977.872105
-1961971.619383
-1961971.619383
-1961966.093275
-1961966.093275
-1961961.204521
-1961961.204521
-1961956.868492
-1961956.868492
-1961953.007166
-1961953.007166
-1961949.550030
-1961949.550030
-1961946.434015
-1961946.434015
-1961943.602418
-1961943.602418
-1961941.002464
-1961941.002464
-1961938.580095
-1961938.580095
-1961936.267432
-1961936.267432
-1961933.952944
-1961933.952944
-1961931.565525
-1961931.565525
-1961929.681253
-1961929.681253
-1961928.015244
-1961928.015244
-1961926.356628
-1961926.356628
-1961924.539995
-1961924.539995
-1961922.280868
-1961922.280868
-1961920.773514
-1961920.773514
-1961919.590213
-1961919.590213
-1961918.494153
-1961918.494153
-1961917.446924
-1961917.446924
-1961916.437523
-1961916.437523
-1961915.452338
-1961915.452338
-1961914.469202
-1961914.469202
-1961913.443654
-1961913.443654
-1961912.273542
-1961912.273542
-1961910.950820
-1961910.950820
-1961910.163947
-1961910.163947
-1961909.524141
-1961909.524141
-1961908.916224
-1961908.916224
-1961908.330829
-1961908.330829
-1961907.763411
-1961907.763411
-1961907.209486
-1961907.209486
-1961906.663711
-1961906.663711
-1961906.119069
-1961906.119069
-1961905.565307
-1961905.565307
-1961904.985384
-1961904.985384
-1961904.345929
-1961904.345929
-1961903.566809
-1961903.566809
-1961902.438570
-1961902.438570
-1961901.302867
-1961901.302867
-1961900.666365
-1961900.666365
-1961899.937469
-1961899.937469
-1961898.856558
-1961898.856558
-1961897.859939
-1961897.859939
-1961897.397380
-1961897.397380
-1961896.942123
-1961896.942123
-1961896.398712
-1961896.398712
-1961895.628976
-1961895.628976
-1961894.555054
-1961894.555054
-1961894.155722
-1961894.155722
-1961893.907313
-1961893.907313
-1961893.674232
-1961893.674232
-1961893.446230
-1961893.446230
-1961893.222312
-1961893.222312
-1961893.002134
-1961893.002134
-1961892.785411
-1961892.785411
-1961892.571879
-1961892.571879
-1961892.361287
-1961892.361287
-1961892.153394
-1961892.153394
-1961891.947971
-1961891.947971
-1961891.744795
-1961891.744795
-1961891.543646
-1961891.543646
-1961891.344306
-1961891.344306
-1961891.146558
-1961891.146558
-1961890.950180
-1961890.950180
-1961890.754945
-1961890.754945
-1961890.560613
-1961890.560613
-1961890.366932
-1961890.366932
-1961890.173631
-1961890.173631
-1961889.980412
-1961889.980412
-1961889.786945
-1961889.786945
-1961889.592857
-1961889.592857
-1961889.397719
-1961889.397719
-1961889.201028
-1961889.201028
-1961889.002183
-1961889.002183
-1961888.800453
-1961888.800453
-1961888.594922
-1961888.594922
-1961888.384420
-1961888.384420
-1961888.167400
-1961888.167400
-1961887.941742
-1961887.941742
-1961887.704416
-1961887.704416
-1961887.450838
-1961887.450838
-1961887.173559
-1961887.173559
-1961886.859227
-1961886.859227
-1961886.480453
-1961886.480453
-1961885.969840
-1961885.969840
-1961885.145069
-1961885.145069
-1961884.265205
-1961884.265205
-1961883.985024
-1961883.985024
-1961883.731276
-1961883.731276
-1961883.425053
-1961883.425053
-1961883.001962
-1961883.001962
-1961882.316177
-1961882.316177
-1961881.633798
-1961881.633798
-1961881.471228
-1961881.471228
-1961881.346801
-1961881.346801
-1961881.225004
-1961881.225004
-1961881.103632
-1961881.103632
-1961880.982451
-1961880.982451
-1961880.861350
-1961880.861350
-1961880.740220
-1961880.740220
-1961880.618938
-1961880.618938
-1961880.497373
-1961880.497373
-1961880.375373
-1961880.375373
-1961880.252769
-1961880.252769
-1961880.129367
-1961880.129367
-1961880.004939
-1961880.004939
-1961879.879222
-1961879.879222
-1961879.751900
-1961879.751900
-1961879.622591
-1961879.622591
-1961879.490827
-1961879.490827
-1961879.356024
-1961879.356024
-1961879.217432
-1961879.217432
-1961879.074072
-1961879.074072
-1961878.924628
-1961878.924628
-1961878.767262
-1961878.767262
-1961878.599309
-1961878.599309
-1961878.416699
-1961878.416699
-1961878.212794
-1961878.212794
-1961877.975830
-1961877.975830
-1961877.682626
-1961877.682626
-1961877.282418
-1961877.282418
-1961876.683535
-1961876.683535
-1961876.129770
-1961876.129770
-1961875.928813
-1961875.928813
-1961875.727490
-1961875.727490
-1961875.499482
-1961875.499482
-1961875.228471
-1961875.228471
-1961874.880028
-1961874.880028
-1961874.375322
-1961874.375322
-1961873.674920
-1961873.674920
-1961873.365447
-1961873.365447
-1961873.212188
-1961873.212188
-1961873.056743
-1961873.056743
-1961872.892106
-1961872.892106
-1961872.715147
-1961872.715147
-1961872.521863
-1961872.521863
-1961872.305999
-1961872.305999
-1961872.056781
-1961872.056781
-1961871.753143
-1961871.753143
-1961871.345418
-1961871.345418
-1961870.679290
-1961870.679290
-1961869.343066
-1961869.343066
-1961868.673256
-1961868.673256
-1961868.340440
-1961868.340440
-1961868.125309
-1961868.125309
-1961867.875077
-1961867.875077
-1961867.569742
-1961867.569742
-1961867.198032
-1961867.198032
-1961866.842669
-1961866.842669
-1961866.619448
-1961866.619448
-1961866.414149
-1961866.414149
-1961866.172971
-1961866.172971
-1961865.874197
-1961865.874197
-1961865.509094
-1961865.509094
-1961865.180704
-1961865.180704
-1961864.985206
-1961864.985206
-1961864.792698
-1961864.792698
-1961864.549913
-1961864.549913
-1961864.201927
-1961864.201927
-1961863.584787
-1961863.584787
-1961862.493807
-1961862.493807
-1961862.179782
-1961862.179782
-1961862.092123
-1961862.092123
-1961862.025166
-1961862.025166
-1961861.956137
-1961861.956137
-1961861.883265
-1961861.883265
-1961861.805063
-1961861.805063
-1961861.719333
-1961861.719333
-1961861.622609
-1961861.622609
-1961861.509088
-1961861.509088
-1961861.368261
-1961861.368261
-1961861.179102
-1961861.179102
-1961860.894942
-1961860.894942
-1961860.424508
-1961860.424508
-1961859.952202
-1961859.952202
-1961859.872782
-1961859.872782
-1961859.821711
-1961859.821711
-1961859.770733
-1961859.770733
-1961859.719603
-1961859.719603
-1961859.668233
-1961859.668233
-1961859.616548
-1961859.616548
-1961859.564463
-1961859.564463
-1961859.511888
-1961859.511888
-1961859.458716
-1961859.458716
-1961859.404826
-1961859.404826
-1961859.350074
-1961859.350074
-1961859.294293
-1961859.294293
-1961859.237281
-1961859.237281
-1961859.178797
-1961859.178797
-1961859.118544
-1961859.118544
-1961859.056151
-1961859.056151
-1961858.991153
-1961858.991153
-1961858.922949
-1961858.922949
-1961858.850745
-1961858.850745
-1961858.773473
-1961858.773473
-1961858.689637
-1961858.689637
-1961858.597067
-1961858.597067
-1961858.492460
-1961858.492460
-1961858.370455
-1961858.370455
-1961858.221622
-1961858.221622
-1961858.027440
-1961858.027440
-1961857.745981
-1961857.745981
-1961857.271360
-1961857.271360
-1961856.560417
-1961856.560417
-1961856.378515
-1961856.378515
-1961856.333730
-1961856.333730
-1961856.295953
-1961856.295953
-1961856.258854
-1961856.258854
-1961856.221895
-1961856.221895
-1961856.185021
-1961856.185021
-1961856.148217
-1961856.148217
-1961856.111470
-1961856.111470
-1961856.074766
-1961856.074766
-1961856.038092
-1961856.038092
-1961856.001432
-1961856.001432
-1961855.964773
-1961855.964773
-1961855.928098
-1961855.928098
-1961855.891391
-1961855.891391
-1961855.854634
-1961855.854634
-1961855.817810
-1961855.817810
-1961855.780898
-1961855.780898
-1961855.743876
-1961855.743876
-1961855.706723
-1961855.706723
-1961855.669415
-1961855.669415
-1961855.631923
-1961855.631923
-1961855.594221
-1961855.594221
-1961855.556278
-1961855.556278
-1961855.518059
-1961855.518059
-1961855.479529
-1961855.479529
-1961855.440646
-1961855.440646
-1961855.401367
-1961855.401367
-1961855.361642
-1961855.361642
-1961855.321416
-1961855.321416
-1961855.280628
-1961855.280628
-1961855.239210
-1961855.239210
-1961855.197084
-1961855.197084
-1961855.154162
-1961855.154162
-1961855.110344
-1961855.110344
-1961855.065514
-1961855.065514
-1961855.019537
-1961855.019537
-1961854.972256
-1961854.972256
-1961854.923487
-1961854.923487
-1961854.873006
-1961854.873006
-1961854.820548
-1961854.820548
-1961854.765784
-1961854.765784
-1961854.708307
-1961854.708307
-1961854.647604
-1961854.647604
-1961854.583010
-1961854.583010
-1961854.513647
-1961854.513647
-1961854.438323
-1961854.438323
-1961854.355356
-1961854.355356
-1961854.262283
-1961854.262283
-1961854.155290
-1961854.155290
-1961854.028089
-1961854.028089
-1961853.869415
-1961853.869415
-1961853.657095
-1961853.657095
-1961853.345051
-1961853.345051
-1961852.880866
-1961852.880866
-1961852.565230
-1961852.565230
-1961852.506740
-1961852.506740
-1961852.462531
-1961852.462531
-1961852.418735
-1961852.418735
-1961852.373735
-1961852.373735
-1961852.327044
-1961852.327044
-1961852.278342
-1961852.278342
-1961852.227280
-1961852.227280
-1961852.173436
-1961852.173436
-1961852.116272
-1961852.116272
-1961852.055092
-1961852.055092
-1961851.988975
-1961851.988975
-1961851.916656
-1961851.916656
-1961851.836347
-1961851.836347
-1961851.745397
-1961851.745397
-1961851.639658
-1961851.639658
-1961851.512146
-1961851.512146
-1961851.349896
-1961851.349896
-1961851.125363
-1961851.125363
-1961850.768841
-1961850.768841
-1961850.099070
-1961850.099070
-1961849.492230
-1961849.492230
-1961849.436884
-1961849.436884
-1961849.426223
-1961849.426223
-1961849.419660
-1961849.419660
