-4040521.114073
0
0.019985 0.016512 0.004091 0.015393 0.008702 0.004968 0.001643 0.008022 0.019724 0.009442 0.046203 0.013627 0.007702 0.005950 0.007870 0.011992 0.017902 0.008129 0.015467 0.015778 0.006800 0.002119 0.004452 0.006500 0.019893 0.020790 0.003415 0.024943 0.006312 0.005681 0.002004 0.007970 0.012139 0.008562 0.030926 0.014217 0.005870 0.008344 0.011829 0.010968 0.008377 0.009096 0.012922 0.012561 0.004482 0.003719 0.007255 0.014242 0.015910 0.014329 0.004326 0.014276 0.004167 0.004833 0.001371 0.006126 0.018738 0.019329 0.039440 0.017057 0.004607 0.004152 0.006431 0.006572 0.010018 0.007080 0.008260 0.009247 0.001994 0.001188 0.005312 0.005800 0.020173 0.017671 0.003008 0.030831 0.003962 0.006478 0.001014 0.006953 0.000000 0.003739 0.016397 0.005270 0.009274 0.005712 0.006654 0.011291 0.009138 0.008400 0.007687 0.012677 0.010254 0.004047 0.005520 0.017797 
0.000096 0.000207 0.000022 0.000921 0.000000 0.000004 0.000033 0.000402 0.002321 0.010382 0.002421 0.003939 0.000386 0.000383 0.000678 0.001639 0.001042 0.000856 0.000782 0.001415 0.000000 0.000692 0.000548 0.002567 0.000543 0.000155 0.000000 0.001934 0.000110 0.000206 0.000393 0.000159 0.039639 0.046839 0.012714 0.038923 0.000046 0.000654 0.000344 0.000892 0.000610 0.000610 0.000481 0.002137 0.000150 0.000693 0.000594 0.002952 0.000231 0.000091 0.000024 0.000491 0.000000 0.000218 0.000000 0.000064 0.002266 0.012269 0.002903 0.011047 0.000000 0.000000 0.000200 0.000222 0.000624 0.001422 0.000583 0.006094 0.000038 0.000301 0.001040 0.000611 0.012742 0.005196 0.001354 0.079429 0.013048 0.000565 0.000733 0.024228 0.199292 0.160293 0.123332 0.127110 0.000449 0.000790 0.000453 0.002604 0.001424 0.002592 0.002106 0.002369 0.000288 0.002274 0.000796 0.012281 
0.763759 0.236241 
0.006148 0.993852 
0.928360 0.071640 
0.175100 0.824900 
0.364525 0.635475 
0.814856 0.185144 
0.979737 0.020263 
0.572813 0.427187 
0.774266 0.225734 
0.931717 0.068283 
0.461686 0.538314 
0.930385 0.069615 
0.974304 0.025696 
0.962825 0.037175 
0.762373 0.237627 
0.779167 0.220833 
0.413077 0.586923 
0.988756 0.011244 
0.070197 0.929803 
0.971982 0.028018 
0.484348 0.515652 
0.597258 0.402742 
0.976505 0.023495 
0.936489 0.063511 
0.072747 0.927253 
0.879499 0.120501 
0.166487 0.833513 
0.613791 0.386209 
0.525112 0.474888 
0.216345 0.783655 
0.164240 0.835760 
0.692033 0.307967 
0.949680 0.050320 
0.768839 0.231161 
0.004796 0.995204 
0.835806 0.164194 
0.905507 0.094493 
0.851743 0.148257 
0.785346 0.214654 
0.902157 0.097843 
0.844672 0.155328 
0.910704 0.089296 
0.964519 0.035481 
0.983007 0.016993 
0.181189 0.818811 
0.056248 0.943752 
0.667667 0.332333 
0.963648 0.036352 
0.955761 0.044239 
0.961883 0.038117 
0.904609 0.095391 
0.927675 0.072325 
0.240419 0.759581 
0.034183 0.965817 
0.992074 0.007926 
0.984051 0.015949 
0.948479 0.051521 
0.934620 0.065380 
0.011285 0.988715 
0.931613 0.068387 
0.490604 0.509396 
0.972996 0.027004 
0.935379 0.064621 
0.841204 0.158796 
0.961329 0.038671 
0.951834 0.048166 
0.317078 0.682922 
0.958163 0.041837 
0.608730 0.391270 
0.921326 0.078674 
0.558398 0.441602 
0.925789 0.074211 
0.957144 0.042856 
0.573114 0.426886 
0.770507 0.229493 
0.318197 0.681803 
0.740357 0.259643 
0.901471 0.098529 
0.781490 0.218510 
0.650488 0.349512 
0.952302 0.047698 
0.934037 0.065963 
0.357386 0.642614 
0.715907 0.284093 
0.225028 0.774972 
0.465377 0.534623 
0.905750 0.094250 
0.648814 0.351186 
0.590423 0.409577 
0.821893 0.178107 
0.884778 0.115222 
0.050478 0.949522 
0.597695 0.402305 
0.548238 0.451762 
0.087873 0.912127 
0.861398 0.138602 
0.931905 0.068095 
0.884007 0.115993 
0.881293 0.118707 
0.482967 0.517033 
0.712533 0.287467 
0.860795 0.139205 
0.949308 0.050692 
0.952404 0.047596 
0.862027 0.137973 
0.034742 0.965258 
0.923145 0.076855 
0.968765 0.031235 
0.040744 0.959256 
0.285270 0.714730 
0.913124 0.086876 
0.752964 0.247036 
0.942080 0.057920 
0.928953 0.071047 
0.005928 0.994072 
0.973704 0.026296 
0.811333 0.188667 
0.799739 0.200261 
0.958441 0.041559 
0.071842 0.928158 
0.862522 0.137478 
0.942365 0.057635 
0.175110 0.824890 
0.868884 0.131116 
0.384388 0.615612 
0.164615 0.835385 
0.902001 0.097999 
0.708706 0.291294 
0.807247 0.192753 
0.935892 0.064108 
0.455529 0.544471 
0.880466 0.119534 
0.803362 0.196638 
0.894361 0.105639 
0.964986 0.035014 
0.973848 0.026152 
0.847627 0.152373 
0.959348 0.040652 
0.682633 0.317367 
0.801825 0.198175 
0.197199 0.802801 
0.197703 0.802297 
0.339014 0.660986 
0.965689 0.034311 
0.914756 0.085244 
0.672695 0.327305 
0.906161 0.093839 
0.975774 0.024226 
0.941752 0.058248 
0.322222 0.677778 
0.275183 0.724817 
0.725381 0.274619 
0.949961 0.050039 
0.135980 0.864020 
0.976168 0.023832 
0.945931 0.054069 
0.876703 0.123297 
0.607518 0.392482 
0.379734 0.620266 
0.974107 0.025893 
0.950734 0.049266 
0.957334 0.042666 
0.798954 0.201046 
0.722554 0.277446 
0.956946 0.043054 
0.973195 0.026805 
0.427467 0.572533 
0.382047 0.617953 
0.473302 0.526698 
0.294601 0.705399 
0.540872 0.459128 
0.836689 0.163311 
0.222251 0.777749 
0.800812 0.199188 
0.977826 0.022174 
0.984066 0.015934 
0.626268 0.373732 
0.878639 0.121361 
0.181967 0.818033 
0.932923 0.067077 
0.623346 0.376654 
0.869851 0.130149 
0.876960 0.123040 
0.890710 0.109290 
0.952065 0.047935 
0.258728 0.741272 
0.387998 0.612002 
0.313590 0.686410 
0.909468 0.090532 
0.723586 0.276414 
0.523307 0.476693 
0.822944 0.177056 
0.559162 0.440838 
0.806809 0.193191 
0.901323 0.098677 
0.929356 0.070644 
0.789316 0.210684 
0.089554 0.910446 
0.306155 0.693845 
0.967016 0.032984 
0.583280 0.416720 
0.914063 0.085937 
0.288030 0.711970 
0.977149 0.022851 
0.978393 0.021607 
0.126502 0.873498 
0.906892 0.093108 
0.755908 0.244092 
0.724803 0.275197 
0.707510 0.292490 
0.965197 0.034803 
0.012147 0.987853 
0.510061 0.489939 
0.944726 0.055274 
0.249998 0.750002 
0.970641 0.029359 
0.703815 0.296185 
0.857695 0.142305 
0.746652 0.253348 
0.852695 0.147305 
0.316900 0.683100 
0.026503 0.973497 
0.596595 0.403405 
0.907675 0.092325 
0.372167 0.627833 
0.510213 0.489787 
0.979645 0.020355 
0.316437 0.683563 
0.214498 0.785502 
0.953696 0.046304 
0.975415 0.024585 
0.785424 0.214576 
0.335183 0.664817 
0.725813 0.274187 
0.569982 0.430018 
0.408850 0.591150 
0.985741 0.014259 
0.664436 0.335564 
0.785355 0.214645 
0.296368 0.703632 
0.901456 0.098544 
0.648653 0.351347 
0.085580 0.914420 
0.630452 0.369548 
0.971998 0.028002 
0.358498 0.641502 
0.864107 0.135893 
0.452306 0.547694 
0.067452 0.932548 
0.980090 0.019910 
0.805655 0.194345 
0.114180 0.885820 
0.752234 0.247766 
0.576342 0.423658 
0.877543 0.122457 
0.959082 0.040918 
0.934326 0.065674 
0.153477 0.846523 
0.904695 0.095305 
0.872962 0.127038 
0.718165 0.281835 
0.007329 0.992671 
0.851224 0.148776 
0.324679 0.675321 
0.175484 0.824516 
0.604322 0.395678 
0.152311 0.847689 
0.168306 0.831694 
0.720758 0.279242 
0.899116 0.100884 
0.687894 0.312106 
0.423039 0.576961 
0.979617 0.020383 
0.948959 0.051041 
0.885528 0.114472 
0.916281 0.083719 
0.391965 0.608035 
0.959892 0.040108 
0.969742 0.030258 
0.942774 0.057226 
0.973931 0.026069 
0.950262 0.049738 
0.401139 0.598861 
0.911467 0.088533 
0.975423 0.024577 
0.642869 0.357131 
0.409106 0.590894 
0.816278 0.183722 
0.667526 0.332474 
0.099783 0.900217 
0.977937 0.022063 
0.719498 0.280502 
0.444174 0.555826 
0.983502 0.016498 
0.967780 0.032220 
0.918376 0.081624 
0.969109 0.030891 
0.891108 0.108892 
0.311123 0.688877 
0.990556 0.009444 
0.073992 0.926008 
0.953617 0.046383 
0.752847 0.247153 
0.404511 0.595489 
0.911569 0.088431 
0.450544 0.549456 
0.945760 0.054240 
0.064600 0.935400 
0.681870 0.318130 
0.951500 0.048500 
0.914190 0.085810 
0.964286 0.035714 
0.867068 0.132932 
0.959838 0.040162 
0.046708 0.953292 
0.947791 0.052209 
0.968174 0.031826 
0.306988 0.693012 
0.132896 0.867104 
0.319371 0.680629 
0.876197 0.123803 
0.900275 0.099725 
0.977906 0.022094 
0.897986 0.102014 
0.958975 0.041025 
0.934647 0.065353 
0.923811 0.076189 
0.928522 0.071478 
0.877227 0.122773 
0.901343 0.098657 
0.765968 0.234032 
0.867236 0.132764 
0.656612 0.343388 
0.597868 0.402132 
0.894278 0.105722 
0.561191 0.438809 
0.390319 0.609681 
0.977892 0.022108 
0.512816 0.487184 
0.957119 0.042881 
0.608320 0.391680 
0.977409 0.022591 
0.966024 0.033976 
0.740666 0.259334 
0.097205 0.902795 
0.945342 0.054658 
0.847113 0.152887 
0.144092 0.855908 
0.974295 0.025705 
0.891767 0.108233 
0.669450 0.330550 
0.697725 0.302275 
0.478675 0.521325 
0.965384 0.034616 
0.673144 0.326856 
0.950521 0.049479 
0.968995 0.031005 
0.970948 0.029052 
0.658145 0.341855 
0.863473 0.136527 
0.349240 0.650760 
0.807029 0.192971 
0.295180 0.704820 
0.558907 0.441093 
0.971262 0.028738 
0.970852 0.029148 
0.855390 0.144610 
0.967587 0.032413 
0.824310 0.175690 
0.848921 0.151079 
0.967258 0.032742 
0.841922 0.158078 
0.515797 0.484203 
0.304472 0.695528 
0.905390 0.094610 
0.776840 0.223160 
0.857686 0.142314 
0.917909 0.082091 
0.285039 0.714961 
0.561739 0.438261 
0.098401 0.901599 
0.945181 0.054819 
0.468653 0.531347 
0.948072 0.051928 
0.941377 0.058623 
0.927792 0.072208 
0.948682 0.051318 
0.941178 0.058822 
0.948203 0.051797 
0.913889 0.086111 
0.969979 0.030021 
0.965911 0.034089 
0.971462 0.028538 
0.984574 0.015426 
0.545698 0.454302 
0.628845 0.371155 
0.956089 0.043911 
0.538963 0.461037 
0.178971 0.821029 
0.616114 0.383886 
0.958567 0.041433 
0.692091 0.307909 
0.924183 0.075817 
0.256023 0.743977 
0.878089 0.121911 
0.853046 0.146954 
0.961235 0.038765 
0.951964 0.048036 
0.466312 0.533688 
0.901437 0.098563 
0.165870 0.834130 
0.967059 0.032941 
0.970936 0.029064 
0.334303 0.665697 
0.933503 0.066497 
0.914088 0.085912 
0.943188 0.056812 
0.982582 0.017418 
0.946988 0.053012 
0.128942 0.871058 
0.221992 0.778008 
0.979311 0.020689 
0.988743 0.011257 
0.974364 0.025636 
0.397911 0.602089 
0.788219 0.211781 
0.980908 0.019092 
0.977232 0.022768 
0.942538 0.057462 
0.955961 0.044039 
0.338696 0.661304 
0.698266 0.301734 
0.835887 0.164113 
0.942152 0.057848 
0.503352 0.496648 
0.889814 0.110186 
0.069370 0.930630 
0.814677 0.185323 
0.939829 0.060171 
0.979855 0.020145 
0.972706 0.027294 
0.968094 0.031906 
0.983240 0.016760 
0.925329 0.074671 
0.935032 0.064968 
0.603702 0.396298 
0.952476 0.047524 
0.901017 0.098983 
0.961872 0.038128 
0.939059 0.060941 
0.804472 0.195528 
0.984453 0.015547 
0.726177 0.273823 
0.876636 0.123364 
0.035920 0.964080 
0.912358 0.087642 
0.580593 0.419407 
0.596962 0.403038 
0.534281 0.465719 
0.115243 0.884757 
0.936793 0.063207 
0.577934 0.422066 
0.979505 0.020495 
0.714669 0.285331 
0.379022 0.620978 
0.871588 0.128412 
0.255145 0.744855 
0.397835 0.602165 
0.904537 0.095463 
0.927787 0.072213 
0.910952 0.089048 
0.244452 0.755548 
0.724301 0.275699 
0.974941 0.025059 
0.947347 0.052653 
0.946557 0.053443 
0.116125 0.883875 
0.959415 0.040585 
0.969590 0.030410 
0.712851 0.287149 
0.860864 0.139136 
0.046086 0.953914 
0.721228 0.278772 
0.952530 0.047470 
0.898347 0.101653 
0.297832 0.702168 
0.961184 0.038816 
0.878934 0.121066 
0.977148 0.022852 
0.757145 0.242855 
0.956995 0.043005 
0.370080 0.629920 
0.030906 0.969094 
0.658001 0.341999 
0.982886 0.017114 
0.942539 0.057461 
0.303536 0.696464 
0.854330 0.145670 
0.912162 0.087838 
0.958046 0.041954 
1.21458 0.590569 
