-400950.351512
0
0.000925 0.000297 0.000000 0.001075 0.000434 0.000250 0.000000 0.000250 0.005123 0.008059 0.001248 0.002997 0.000000 0.000000 0.000758 0.000934 0.000380 0.001068 0.001571 0.001673 0.000536 0.001416 0.000566 0.001985 0.001077 0.000000 0.000000 0.001007 0.000451 0.000271 0.000000 0.000888 0.033353 0.036187 0.007968 0.029252 0.000000 0.000727 0.000000 0.000727 0.000806 0.001407 0.001402 0.003148 0.000941 0.000049 0.001025 0.002229 0.000327 0.000162 0.000265 0.000089 0.000000 0.000000 0.000000 0.000000 0.004344 0.005535 0.000864 0.007699 0.000273 0.000448 0.000646 0.000000 0.000425 0.001016 0.000522 0.003802 0.000501 0.000000 0.000109 0.000683 0.013280 0.005370 0.001230 0.058101 0.018539 0.000000 0.000892 0.035343 0.259454 0.147530 0.102553 0.153966 0.000864 0.000000 0.000362 0.001789 0.000880 0.001296 0.001275 0.002525 0.001566 0.000332 0.000490 0.010188 
0.017343 0.014340 0.004151 0.013025 0.007917 0.004801 0.001945 0.007297 0.018661 0.010832 0.048030 0.013013 0.007047 0.004868 0.007077 0.010279 0.016915 0.006890 0.015057 0.013929 0.005906 0.001863 0.003895 0.005550 0.019216 0.020659 0.003834 0.024842 0.005718 0.005262 0.002220 0.006807 0.015145 0.012126 0.035663 0.016975 0.005144 0.007006 0.011419 0.009199 0.008328 0.008210 0.012997 0.011880 0.003932 0.004201 0.006534 0.013346 0.014949 0.014060 0.004450 0.012916 0.003930 0.004537 0.001434 0.005640 0.021356 0.024353 0.042604 0.019106 0.003730 0.003595 0.005699 0.004772 0.010554 0.006855 0.007801 0.009012 0.001713 0.001172 0.004979 0.004830 0.018314 0.017478 0.003105 0.034379 0.003026 0.006647 0.000862 0.005812 0.001655 0.011634 0.025595 0.006808 0.008016 0.004468 0.005876 0.009334 0.009086 0.009093 0.007778 0.010944 0.008839 0.004080 0.005441 0.016383 
0.587426 0.412574 
0.070550 0.929450 
0.041995 0.958005 
0.062683 0.937317 
0.007864 0.992136 
0.963827 0.036173 
0.492951 0.507049 
0.025894 0.974106 
0.029547 0.970453 
0.017245 0.982755 
0.061142 0.938858 
0.028855 0.971145 
0.691795 0.308205 
0.359013 0.640987 
0.465453 0.534547 
0.048949 0.951051 
0.051602 0.948398 
0.998029 0.001971 
0.213526 0.786474 
0.635932 0.364068 
0.003912 0.996088 
0.036947 0.963053 
0.046488 0.953512 
0.262356 0.737644 
0.013993 0.986007 
0.152840 0.847160 
0.528688 0.471312 
0.467928 0.532072 
0.710160 0.289840 
0.050249 0.949751 
0.092085 0.907915 
0.570506 0.429494 
0.368763 0.631237 
0.026339 0.973661 
0.065142 0.934858 
0.171784 0.828216 
0.121563 0.878437 
0.890496 0.109504 
0.058964 0.941036 
0.810121 0.189879 
0.013546 0.986454 
0.026912 0.973088 
0.786977 0.213023 
0.070638 0.929362 
0.056140 0.943860 
0.503853 0.496147 
0.040684 0.959316 
0.699080 0.300920 
0.012231 0.987769 
0.601316 0.398684 
0.006342 0.993658 
0.399323 0.600677 
0.007970 0.992030 
0.020293 0.979707 
0.523846 0.476154 
0.895280 0.104720 
0.068103 0.931897 
0.066905 0.933095 
0.141619 0.858381 
0.004598 0.995402 
0.061447 0.938553 
0.273028 0.726972 
0.239062 0.760938 
0.152417 0.847583 
0.095703 0.904297 
0.540121 0.459879 
0.036708 0.963292 
0.696739 0.303261 
0.207429 0.792571 
0.288379 0.711621 
0.011145 0.988855 
0.024090 0.975910 
0.540333 0.459667 
0.486423 0.513577 
0.901857 0.098143 
0.007924 0.992076 
0.552049 0.447951 
0.006169 0.993831 
0.877812 0.122188 
0.445893 0.554107 
0.425814 0.574186 
0.843896 0.156104 
0.145926 0.854074 
0.013665 0.986335 
0.183201 0.816799 
0.066862 0.933138 
0.082473 0.917527 
0.035972 0.964028 
0.438812 0.561188 
0.569894 0.430106 
0.199523 0.800477 
0.050349 0.949651 
0.022991 0.977009 
0.302652 0.697348 
0.455902 0.544098 
0.038815 0.961185 
0.154431 0.845569 
0.532568 0.467432 
0.198007 0.801993 
0.032820 0.967180 
0.512453 1.20803 
