-242833.951565
-242833.951565
-237269.020496
-237269.020496
-235952.781024
-235952.781024
-235011.040205
-235011.040205
-234089.672014
-234089.672014
-232962.419086
-232962.419086
-231407.917730
-231407.917730
-227780.400807
-227780.400807
-225211.637484
-225211.637484
-220548.313624
-220548.313624
-218840.785350
-218840.785350
-216311.602698
-216311.602698
-215646.223861
-215646.223861
-214460.452556
-214460.452556
-214113.104079
-214113.104079
-212429.798658
-212429.798658
-212214.969503
-212214.969503
-212039.700400
-212039.700400
-211170.957388
-211170.957388
-211050.745801
-211050.745801
-210258.277928
-210258.277928
-210158.032342
-210158.032342
-210072.827401
-210072.827401
-209996.528328
-209996.528328
-209226.416064
-209226.416064
-209159.921318
-209159.921318
-209098.668576
-209098.668576
-209040.873566
-209040.873566
-208986.089618
-208986.089618
-208934.215626
-208934.215626
-208884.844267
-208884.844267
-208838.120419
-208838.120419
-208793.641564
-208793.641564
-208751.362586
-208751.362586
-208039.710223
-208039.710223
-207989.668630
-207989.668630
-207949.240545
-207949.240545
-207914.774205
-207914.774205
-207883.964280
-207883.964280
-207855.288558
-207855.288558
-207119.162665
-207119.162665
-207091.772516
-207091.772516
-207070.231153
-207070.231153
-207050.336378
-207050.336378
-207031.407091
-207031.407091
-207013.175464
-207013.175464
-206995.516734
-206995.516734
-206978.549450
-206978.549450
-206962.227252
-206962.227252
-206258.297600
-206258.297600
-206234.732874
-206234.732874
-206217.414830
-206217.414830
-206202.004878
-206202.004878
-206187.573149
-206187.573149
-206173.843679
-206173.843679
-206160.575286
-206160.575286
-205494.185893
-205494.185893
-205466.872475
-205466.872475
-205449.516914
-205449.516914
-205435.312380
-205435.312380
-205422.181851
-205422.181851
-205410.009417
-205410.009417
-205399.069440
-205399.069440
-205389.246160
-205389.246160
-205380.267424
-205380.267424
-205371.720451
-205371.720451
-205362.942879
-205362.942879
-205353.941848
-205353.941848
-205345.238807
-205345.238807
-205336.903287
-205336.903287
-205328.508824
-205328.508824
-205319.912729
-205319.912729
-205311.422590
-205311.422590
-205302.894771
-205302.894771
-205294.666667
-205294.666667
-205286.936775
-205286.936775
-205279.717221
-205279.717221
-205272.714367
-205272.714367
-205265.697965
-205265.697965
-205258.669557
-205258.669557
-205251.377052
-205251.377052
-205243.954587
-205243.954587
-205236.905911
-205236.905911
-205230.064272
-205230.064272
-205223.670064
-205223.670064
-205217.870139
-205217.870139
-205212.097233
-205212.097233
-205206.562728
-205206.562728
-205201.056396
-205201.056396
-205195.950732
-205195.950732
-205191.004849
-205191.004849
-204608.479475
-204608.479475
-204574.098797
-204574.098797
-204555.040020
-204555.040020
-204542.688461
-204542.688461
-204533.941855
-204533.941855
-204527.307393
-204527.307393
-204521.953872
-204521.953872
-204517.205887
-204517.205887
-204512.621404
-204512.621404
-204508.077623
-204508.077623
-204503.440204
-204503.440204
-204498.183701
-204498.183701
-204493.206418
-204493.206418
-204488.845498
-204488.845498
-204484.348451
-204484.348451
-204479.832062
-204479.832062
-204475.299818
-204475.299818
-204470.582921
-204470.582921
-204466.630561
-204466.630561
-204463.486271
-204463.486271
-204460.555977
-204460.555977
-204457.460581
-204457.460581
-204454.328664
-204454.328664
-204450.869924
-204450.869924
-204447.772608
-204447.772608
-204445.264027
-204445.264027
-204442.922772
-204442.922772
-204440.312847
-204440.312847
-204437.501013
-204437.501013
-204435.249787
-204435.249787
-204432.787225
-204432.787225
-204429.928296
-204429.928296
-204427.521599
-204427.521599
-204425.434326
-204425.434326
-204423.155976
-204423.155976
-204420.735115
-204420.735115
-204418.108500
-204418.108500
-204415.444242
-204415.444242
-204413.241120
-204413.241120
-204410.929884
-204410.929884
-204408.416865
-204408.416865
-204405.813949
-204405.813949
-204403.156889
-204403.156889
-204399.983054
-204399.983054
-204395.883407
-204395.883407
-204392.468696
-204392.468696
-204389.750239
-204389.750239
-204386.781194
-204386.781194
-204383.788855
-204383.788855
-204380.113284
-204380.113284
-204377.097185
-204377.097185
-204374.074229
-204374.074229
-204371.617297
-204371.617297
-204369.273309
-204369.273309
-204366.869277
-204366.869277
-203749.665499
-203749.665499
-203733.835906
-203733.835906
-203724.929635
-203724.929635
-203718.133761
-203718.133761
-203712.442198
-203712.442198
-203707.453295
-203707.453295
-203703.105425
-203703.105425
-203699.006865
-203699.006865
-203694.837923
-203694.837923
-203691.442471
-203691.442471
-203688.412010
-203688.412010
-203685.752037
-203685.752037
-203683.148105
-203683.148105
-203680.323694
-203680.323694
-203677.896626
-203677.896626
-203675.903702
-203675.903702
-203674.149364
-203674.149364
-203672.457889
-203672.457889
-203670.798783
-203670.798783
-203669.151450
-203669.151450
-203667.491747
-203667.491747
-203665.786219
-203665.786219
-203663.983433
-203663.983433
-203662.017954
-203662.017954
-203659.970541
-203659.970541
-203657.967009
-203657.967009
-203655.670603
-203655.670603
-203652.742321
-203652.742321
-203650.061568
-203650.061568
-203648.165202
-203648.165202
-203646.423623
-203646.423623
-203644.463209
-203644.463209
-203642.590252
-203642.590252
-203640.875882
-203640.875882
-203639.057514
-203639.057514
-203637.356680
-203637.356680
-203635.343059
-203635.343059
-203633.810807
-203633.810807
-203632.695461
-203632.695461
-203631.547137
-203631.547137
-203630.255774
-203630.255774
-203628.736654
-203628.736654
-203627.149308
-203627.149308
-203625.761433
-203625.761433
-203624.400078
-203624.400078
-203622.594753
-203622.594753
-203620.157844
-203620.157844
-203617.791207
-203617.791207
-203615.272181
-203615.272181
-203613.162258
-203613.162258
-203611.149446
-203611.149446
-203609.794150
-203609.794150
-203608.774788
-203608.774788
-203607.822054
-203607.822054
-203606.801630
-203606.801630
-203605.659516
-203605.659516
-203604.316490
-203604.316490
-203602.620629
-203602.620629
-203600.540014
-203600.540014
-203598.815690
-203598.815690
-203597.327536
-203597.327536
-203596.117024
-203596.117024
-203594.740778
-203594.740778
-203593.118088
-203593.118088
-203591.856647
-203591.856647
-203590.770353
-203590.770353
-203589.465155
-203589.465155
-203588.150566
-203588.150566
-203587.102345
-203587.102345
-203586.034760
-203586.034760
-203584.846660
-203584.846660
-203583.461285
-203583.461285
-203581.731790
-203581.731790
-203579.358031
-203579.358031
-203576.496258
-203576.496258
-203574.691674
-203574.691674
-203573.214865
-203573.214865
-203571.979563
-203571.979563
-203570.754104
-203570.754104
-203569.318117
-203569.318117
-203567.463098
-203567.463098
-203564.980819
-203564.980819
-203562.768724
-203562.768724
-203561.092200
-203561.092200
-203559.834325
-203559.834325
-203558.469044
-203558.469044
-203556.825221
-203556.825221
-203554.927050
-203554.927050
-203552.872600
-203552.872600
-203551.024949
-203551.024949
-203549.290183
-203549.290183
-203547.934249
-203547.934249
-203546.570166
-203546.570166
-203068.699141
-203068.699141
-203041.432811
-203041.432811
-203025.189091
-203025.189091
-203012.631370
-203012.631370
-203002.166202
-203002.166202
-202993.672365
-202993.672365
-202986.266308
-202986.266308
-202979.829580
-202979.829580
-202974.064149
-202974.064149
-202968.702471
-202968.702471
-202963.511568
-202963.511568
-202958.692184
-202958.692184
-202954.680006
-202954.680006
-202950.868757
-202950.868757
-202947.128822
-202947.128822
-202943.435869
-202943.435869
-202939.418614
-202939.418614
-202935.854435
-202935.854435
-202933.358354
-202933.358354
-202930.998673
-202930.998673
-202928.568639
-202928.568639
-202926.241991
-202926.241991
-202924.348611
-202924.348611
-202922.645983
-202922.645983
-202921.062334
-202921.062334
-202919.631094
-202919.631094
-202918.274668
-202918.274668
-202916.935567
-202916.935567
-202915.626862
-202915.626862
-202914.441082
-202914.441082
-202913.348088
-202913.348088
-202912.292707
-202912.292707
-202911.255717
-202911.255717
-202910.215030
-202910.215030
-202909.149141
-202909.149141
-202908.033879
-202908.033879
-202906.834842
-202906.834842
-202905.499191
-202905.499191
-202903.970462
-202903.970462
-202902.549304
-202902.549304
-202901.505869
-202901.505869
-202900.497397
-202900.497397
-202899.421826
-202899.421826
-202898.317007
-202898.317007
-202897.205359
-202897.205359
-202895.952188
-202895.952188
-202894.407349
-202894.407349
-202892.319958
-202892.319958
-202890.183409
-202890.183409
-202889.018017
-202889.018017
-202887.779085
-202887.779085
-202886.294599
-202886.294599
-202885.096089
-202885.096089
-202884.035690
-202884.035690
-202883.021098
-202883.021098
-202881.857926
-202881.857926
-202880.320984
-202880.320984
-202878.087767
-202878.087767
-202875.307094
-202875.307094
-202873.031185
-202873.031185
-202870.809772
-202870.809772
-202868.295623
-202868.295623
-202866.199509
-202866.199509
-202864.976404
-202864.976404
-202863.966580
-202863.966580
-202862.920331
-202862.920331
-202861.748352
-202861.748352
-202860.494891
-202860.494891
-202859.374901
-202859.374901
-202858.293296
-202858.293296
-202856.990176
-202856.990176
-202856.094949
-202856.094949
-202855.376460
-202855.376460
-202854.595736
-202854.595736
-202853.868279
-202853.868279
-202853.250145
-202853.250145
-202852.565140
-202852.565140
-202852.054008
-202852.054008
-202851.579462
-202851.579462
-202851.001674
-202851.001674
-202850.205766
-202850.205766
-202848.945455
-202848.945455
-202847.849898
-202847.849898
-202846.912454
-202846.912454
-202845.975643
-202845.975643
-202845.501152
-202845.501152
-202845.180368
-202845.180368
-202844.820120
-202844.820120
-202844.322018
-202844.322018
-202843.568638
-202843.568638
-202842.753268
-202842.753268
-202842.440635
-202842.440635
-202842.253908
-202842.253908
-202842.073786
-202842.073786
-202841.883227
-202841.883227
-202841.672271
-202841.672271
-202841.427011
-202841.427011
-202841.133028
-202841.133028
-202840.809346
-202840.809346
-202840.543505
-202840.543505
-202840.324197
-202840.324197
-202840.085622
-202840.085622
-202839.800101
-202839.800101
-202839.429457
-202839.429457
-202838.883511
-202838.883511
-202837.998281
-202837.998281
-202837.327488
-202837.327488
-202836.911571
-202836.911571
-202836.594187
-202836.594187
-202836.237829
-202836.237829
-202376.704471
-202376.704471
-202367.479510
-202367.479510
-202363.234920
-202363.234920
-202360.787001
-202360.787001
-202359.110963
-202359.110963
-202357.841071
-202357.841071
-202356.779534
-202356.779534
-202355.779754
-202355.779754
-202354.741582
-202354.741582
-202353.905267
-202353.905267
-202353.238527
-202353.238527
-202352.508177
-202352.508177
-202351.538819
-202351.538819
-202350.603847
-202350.603847
-202350.057658
-202350.057658
-202349.711569
-202349.711569
-202349.427914
-202349.427914
-202349.165024
-202349.165024
-202348.911357
-202348.911357
-202348.660864
-202348.660864
-202348.408138
-202348.408138
-202348.147227
-202348.147227
-202347.870003
-202347.870003
-202347.562180
-202347.562180
-202347.191970
-202347.191970
-202346.675874
-202346.675874
-202345.859741
-202345.859741
-202345.258133
-202345.258133
-202344.923611
-202344.923611
-202344.666980
-202344.666980
-202344.412173
-202344.412173
-202344.186170
-202344.186170
-202344.004523
-202344.004523
-202343.830957
-202343.830957
-202343.631642
-202343.631642
-202343.376501
-202343.376501
-202343.006393
-202343.006393
-202342.399017
-202342.399017
-202341.833107
-202341.833107
-202341.696397
-202341.696397
-202341.562685
-202341.562685
-202341.403674
-202341.403674
-202341.202534
-202341.202534
-202340.925974
-202340.925974
-202340.509222
-202340.509222
-202340.002170
-202340.002170
-202339.745836
-202339.745836
-202339.547858
-202339.547858
-202339.309408
-202339.309408
-202338.976986
-202338.976986
-202338.432548
-202338.432548
-202337.557749
-202337.557749
-202337.268918
-202337.268918
-202337.136314
-202337.136314
-202336.988444
-202336.988444
-202336.814598
-202336.814598
-202336.605206
-202336.605206
-202336.346337
-202336.346337
-202336.016550
-202336.016550
-202335.581869
-202335.581869
-202334.983359
-202334.983359
-202334.082230
-202334.082230
-202332.735388
-202332.735388
-202331.922310
-202331.922310
-202331.074146
-202331.074146
-202330.043748
-202330.043748
-202329.731638
-202329.731638
-202329.557524
-202329.557524
-202329.497592
-202329.497592
-202329.453857
-202329.453857
-202329.406603
-202329.406603
-202329.351785
-202329.351785
-202329.286204
-202329.286204
-202329.205927
-202329.205927
-202329.106535
-202329.106535
-202328.985737
-202328.985737
-202328.850404
-202328.850404
-202328.719107
-202328.719107
-202328.598031
-202328.598031
-202328.479454
-202328.479454
-202328.380774
-202328.380774
-202328.315553
-202328.315553
-202328.264734
-202328.264734
-202328.217241
-202328.217241
-202328.173943
-202328.173943
-202328.136977
-202328.136977
-202328.105251
-202328.105251
-202328.074912
-202328.074912
-202328.042017
-202328.042017
-202328.003352
-202328.003352
-202327.955638
-202327.955638
-202327.894449
-202327.894449
-202327.812993
-202327.812993
-202327.700816
-202327.700816
-202327.545632
-202327.545632
-202327.357443
-202327.357443
-202327.220769
-202327.220769
-202327.164835
-202327.164835
-202327.122242
-202327.122242
-202327.071866
-202327.071866
-202327.005473
-202327.005473
-202326.912232
-202326.912232
-202326.771755
-202326.771755
-202326.540879
-202326.540879
-202326.150038
-202326.150038
-202325.798852
-202325.798852
-202325.740590
-202325.740590
-202325.733622
-202325.733622
