-2028189.773586
0
0.000000 0.000381 0.000000 0.000069 0.001153 0.000205 0.000093 0.001442 0.009341 0.031513 0.004749 0.016534 0.000584 0.000384 0.000553 0.000790 0.000740 0.000415 0.000587 0.000919 0.000000 0.000235 0.000204 0.000341 0.000188 0.000215 0.000202 0.002333 0.001397 0.000308 0.000395 0.001086 0.028324 0.060018 0.011089 0.037294 0.000000 0.000478 0.000000 0.000071 0.000470 0.000539 0.000470 0.001291 0.000000 0.000361 0.000558 0.000537 0.000000 0.000317 0.000000 0.000417 0.000107 0.000254 0.000000 0.000630 0.010412 0.028130 0.004954 0.017865 0.000061 0.000210 0.000000 0.000162 0.000638 0.000728 0.000602 0.003024 0.000000 0.000309 0.000516 0.000150 0.016266 0.006016 0.001132 0.015948 0.072882 0.016050 0.002800 0.096837 0.183182 0.130498 0.045354 0.116798 0.000263 0.000438 0.000000 0.000924 0.000875 0.001070 0.000985 0.000800 0.000121 0.000232 0.000191 0.001993 
0.015334 0.012776 0.003260 0.015193 0.006669 0.003577 0.001213 0.006029 0.017871 0.011248 0.034765 0.013272 0.006053 0.006070 0.005790 0.009621 0.017821 0.010238 0.016410 0.013800 0.004147 0.001778 0.003549 0.005349 0.017977 0.018644 0.002965 0.033390 0.004470 0.004182 0.001529 0.006047 0.012545 0.010237 0.023193 0.015872 0.004296 0.007540 0.009608 0.008884 0.008939 0.011144 0.014380 0.012365 0.002892 0.003188 0.005533 0.010854 0.012040 0.013440 0.003691 0.020773 0.003337 0.003653 0.001130 0.004392 0.023097 0.033713 0.051501 0.026061 0.003619 0.004092 0.005252 0.005608 0.015518 0.013898 0.012042 0.012792 0.001179 0.001201 0.004076 0.006153 0.015641 0.016968 0.002813 0.040333 0.000000 0.004227 0.000568 0.000442 0.001561 0.010555 0.023954 0.008484 0.007001 0.005662 0.005084 0.009022 0.011995 0.010886 0.009307 0.013097 0.006188 0.003389 0.004280 0.013775 
0.557997 0.442003 
0.189884 0.810116 
0.452311 0.547689 
0.454121 0.545879 
0.096057 0.903943 
0.053100 0.946900 
0.228211 0.771789 
0.107504 0.892496 
0.037640 0.962360 
0.179365 0.820635 
0.179474 0.820526 
0.494532 0.505468 
0.193937 0.806063 
0.042087 0.957913 
0.081821 0.918179 
0.049532 0.950468 
0.077322 0.922678 
0.165630 0.834370 
0.310656 0.689344 
0.197825 0.802175 
0.735169 0.264831 
0.021608 0.978392 
0.044092 0.955908 
0.969368 0.030632 
0.114104 0.885896 
0.870595 0.129405 
0.054816 0.945184 
0.642880 0.357120 
0.256375 0.743625 
0.191449 0.808551 
0.344873 0.655127 
0.564859 0.435141 
0.037308 0.962692 
0.452240 0.547760 
0.685597 0.314403 
0.355753 0.644247 
0.379144 0.620856 
0.607075 0.392925 
0.390850 0.609150 
0.036549 0.963451 
0.087458 0.912542 
0.488763 0.511237 
0.252100 0.747900 
0.038376 0.961624 
0.057485 0.942515 
0.041362 0.958638 
0.049606 0.950394 
0.263828 0.736172 
0.896231 0.103769 
0.136329 0.863671 
0.333325 0.666675 
0.355172 0.644828 
0.696075 0.303925 
0.555835 0.444165 
0.192800 0.807200 
0.423120 0.576880 
0.391605 0.608395 
0.153883 0.846117 
0.115839 0.884161 
0.088720 0.911280 
0.739625 0.260375 
0.431857 0.568143 
0.263993 0.736007 
0.762299 0.237701 
0.202041 0.797959 
0.788929 0.211071 
0.080188 0.919812 
0.032579 0.967421 
0.715962 0.284038 
0.037894 0.962106 
0.045166 0.954834 
0.069157 0.930843 
0.485299 0.514701 
0.592501 0.407499 
0.307322 0.692678 
0.100606 0.899394 
0.030903 0.969097 
0.123042 0.876958 
0.843860 0.156140 
0.039211 0.960789 
0.024389 0.975611 
0.189536 0.810464 
0.042083 0.957917 
0.994529 0.005471 
0.054190 0.945810 
0.022228 0.977772 
0.050587 0.949413 
0.735733 0.264267 
0.298815 0.701185 
0.098775 0.901225 
0.038320 0.961680 
0.040558 0.959442 
0.506645 0.493355 
0.732345 0.267655 
0.677868 0.322132 
0.036658 0.963342 
0.281117 0.718883 
0.704133 0.295867 
0.720219 0.279781 
0.078649 0.921351 
0.173448 0.826552 
0.768716 0.231284 
0.033836 0.966164 
0.168105 0.831895 
0.504936 0.495064 
0.411399 0.588601 
0.479840 0.520160 
0.061762 0.938238 
0.685599 0.314401 
0.262594 0.737406 
0.228718 0.771282 
0.183447 0.816553 
0.170171 0.829829 
0.039724 0.960276 
0.120382 0.879618 
0.353814 0.646186 
0.059325 0.940675 
0.358834 0.641166 
0.642002 0.357998 
0.082051 0.917949 
0.044415 0.955585 
0.387711 0.612289 
0.782875 0.217125 
0.026039 0.973961 
0.536222 0.463778 
0.234468 0.765532 
0.050959 0.949041 
0.039104 0.960896 
0.450641 0.549359 
0.903349 0.096651 
0.122271 0.877729 
0.535649 0.464351 
0.511139 0.488861 
0.098648 0.901352 
0.160293 0.839707 
0.091106 0.908894 
0.255396 0.744604 
0.263694 0.736306 
0.299740 0.700260 
0.038153 0.961847 
0.033039 0.966961 
0.062693 0.937307 
0.961421 0.038579 
0.023856 0.976144 
0.230723 0.769277 
0.125196 0.874804 
0.631279 0.368721 
0.036807 0.963193 
0.201578 0.798422 
0.104389 0.895611 
0.835324 0.164676 
0.029703 0.970297 
0.024971 0.975029 
0.425954 0.574046 
0.284685 0.715315 
0.125873 0.874127 
0.563949 0.436051 
0.632246 0.367754 
0.175594 0.824406 
0.795047 0.204953 
0.515818 0.484182 
0.118916 0.881084 
0.429482 0.570518 
0.058761 0.941239 
0.149945 0.850055 
0.522246 0.477754 
0.010306 0.989694 
0.183186 0.816814 
0.076940 0.923060 
0.548848 0.451152 
0.346357 0.653643 
0.312156 0.687844 
0.304148 0.695852 
0.111640 0.888360 
0.373113 0.626887 
0.112375 0.887625 
0.030250 0.969750 
0.115147 0.884853 
0.705008 0.294992 
0.832228 0.167772 
0.318402 0.681598 
0.299584 0.700416 
0.761496 0.238504 
0.352092 0.647908 
0.521745 0.478255 
0.053246 0.946754 
0.677231 0.322769 
0.113213 0.886787 
0.395715 0.604285 
0.465448 0.534552 
0.059340 0.940660 
0.564628 0.435372 
0.179901 0.820099 
0.170715 0.829285 
0.310824 0.689176 
0.646118 0.353882 
0.216081 0.783919 
0.877438 0.122562 
0.417251 0.582749 
0.123807 0.876193 
0.031260 0.968740 
0.027370 0.972630 
0.143431 0.856569 
0.028229 0.971771 
0.347248 0.652752 
0.118616 0.881384 
0.095855 0.904145 
0.224326 0.775674 
0.045192 0.954808 
0.159910 0.840090 
0.321990 0.678010 
0.047749 0.952251 
0.062320 0.937680 
0.942657 0.057343 
0.179942 0.820058 
0.060832 0.939168 
0.915276 0.084724 
0.400438 0.599562 
0.403207 0.596793 
0.061098 0.938902 
0.981287 0.018713 
0.587753 0.412247 
0.744176 0.255824 
0.739338 0.260662 
0.183533 0.816467 
0.608365 0.391635 
0.056540 0.943460 
0.052499 0.947501 
0.216242 0.783758 
0.731135 0.268865 
0.280823 0.719177 
0.407082 0.592918 
0.044243 0.955757 
0.070674 0.929326 
0.709403 0.290597 
0.130457 0.869543 
0.034277 0.965723 
0.068056 0.931944 
0.166874 0.833126 
0.040761 0.959239 
0.337954 0.662046 
0.130277 0.869723 
0.051121 0.948879 
0.035401 0.964599 
0.055872 0.944128 
0.089772 0.910228 
0.314099 0.685901 
0.177310 0.822690 
0.441122 0.558878 
0.140418 0.859582 
0.189075 0.810925 
0.920935 0.079065 
0.024117 0.975883 
0.026075 0.973925 
0.319955 0.680045 
0.253790 0.746210 
0.825968 0.174032 
0.236852 0.763148 
0.197731 0.802269 
0.131072 0.868928 
0.036483 0.963517 
0.232266 0.767734 
0.019962 0.980038 
0.119977 0.880023 
0.156695 0.843305 
0.803253 0.196747 
0.032964 0.967036 
0.445938 0.554062 
0.046289 0.953711 
0.245460 0.754540 
0.899026 0.100974 
0.854993 0.145007 
0.788862 0.211138 
0.303370 0.696630 
0.559571 0.440429 
0.017994 0.982006 
0.134549 0.865451 
0.783486 0.216514 
0.369356 0.630644 
0.276231 0.723769 
0.021244 0.978756 
0.780177 0.219823 
0.036809 0.963191 
0.206176 0.793824 
0.068089 0.931911 
0.046452 0.953548 
0.591839 0.408161 
0.045728 0.954272 
0.343656 0.656344 
0.097380 0.902620 
0.221435 0.778565 
0.332510 0.667490 
0.378648 0.621352 
0.478064 0.521936 
0.730990 0.269010 
0.140240 0.859760 
0.277514 0.722486 
0.179502 0.820498 
0.309459 0.690541 
0.400956 0.599044 
0.151844 0.848156 
0.194573 0.805427 
0.063502 0.936498 
0.100624 0.899376 
0.041403 0.958597 
0.720395 0.279605 
0.480501 0.519499 
0.431716 0.568284 
0.163017 0.836983 
0.876250 0.123750 
0.118732 0.881268 
0.023893 0.976107 
0.086773 0.913227 
0.109163 0.890837 
0.594143 0.405857 
0.043332 0.956668 
0.883122 0.116878 
0.193173 0.806827 
0.301829 0.698171 
0.373953 0.626047 
0.054917 0.945083 
0.246090 0.753910 
0.044415 0.955585 
0.100548 0.899452 
0.629552 0.370448 
0.232815 0.767185 
0.058790 0.941210 
0.076698 0.923302 
0.870915 0.129085 
0.163013 0.836987 
0.114024 0.885976 
0.238223 0.761777 
0.121992 0.878008 
0.213379 0.786621 
0.622245 0.377755 
0.034214 0.965786 
0.400924 0.599076 
0.153887 0.846113 
0.180111 0.819889 
0.253353 0.746647 
0.561971 0.438029 
0.027504 0.972496 
0.055296 0.944704 
0.180802 0.819198 
0.673090 0.326910 
0.268347 0.731653 
0.606006 0.393994 
0.065885 0.934115 
0.067588 0.932412 
0.916684 0.083316 
0.143518 0.856482 
0.338628 0.661372 
0.017037 0.982963 
0.766261 0.233739 
0.152242 0.847758 
0.073967 0.926033 
0.131110 0.868890 
0.023348 0.976652 
0.160997 0.839003 
0.077817 0.922183 
0.092712 0.907288 
0.052183 0.947817 
0.149846 0.850154 
0.080981 0.919019 
0.046546 0.953454 
0.131984 0.868016 
0.059297 0.940703 
0.071068 0.928932 
0.135078 0.864922 
0.164685 0.835315 
0.090739 0.909261 
0.154640 0.845360 
0.473955 0.526045 
0.019219 0.980781 
0.056976 0.943024 
0.292006 0.707994 
0.554932 0.445068 
0.905679 0.094321 
0.544319 0.455681 
0.079200 0.920800 
0.026696 0.973304 
0.240545 0.759455 
0.064449 0.935551 
0.257819 0.742181 
0.506079 0.493921 
0.163348 0.836652 
0.385220 0.614780 
0.071489 0.928511 
0.072455 0.927545 
0.282179 0.717821 
0.132863 0.867137 
0.179808 0.820192 
0.055757 0.944243 
0.023658 0.976342 
0.250585 0.749415 
0.665450 0.334550 
0.302089 0.697911 
0.150048 0.849952 
0.702944 0.297056 
0.040272 0.959728 
0.009387 0.990613 
0.333447 0.666553 
0.792641 0.207359 
0.311465 0.688535 
0.107173 0.892827 
0.407928 0.592072 
0.030884 0.969116 
0.222540 0.777460 
0.781018 0.218982 
0.590804 0.409196 
0.754178 0.245822 
0.091713 0.908287 
0.047570 0.952430 
0.858213 0.141787 
0.369956 0.630044 
0.416396 0.583604 
0.308642 0.691358 
0.538688 0.461312 
0.593948 0.406052 
0.769938 0.230062 
0.868581 0.131419 
0.203939 0.796061 
0.658032 0.341968 
0.228277 0.771723 
0.806771 0.193229 
0.393160 0.606840 
0.068097 0.931903 
0.640440 0.359560 
0.041378 0.958622 
0.641347 0.358653 
0.206568 0.793432 
0.957899 0.042101 
0.267541 0.732459 
0.136597 0.863403 
0.509007 0.490993 
0.203300 0.796700 
0.311614 0.688386 
0.132467 0.867533 
0.075794 0.924206 
0.242889 0.757111 
0.245539 0.754461 
0.766079 0.233921 
0.231437 0.768563 
0.318400 0.681600 
0.029614 0.970386 
0.206409 0.793591 
0.038306 0.961694 
0.024347 0.975653 
0.024568 0.975432 
0.887550 0.112450 
0.398761 0.601239 
0.748199 0.251801 
0.794716 0.205284 
0.041676 0.958324 
0.087708 0.912292 
0.416298 0.583702 
0.073392 0.926608 
0.117303 0.882697 
0.470780 0.529220 
0.198323 0.801677 
0.547165 0.452835 
0.084085 0.915915 
0.054311 0.945689 
0.327569 0.672431 
0.453531 0.546469 
0.034405 0.965595 
0.026047 0.973953 
0.799932 0.200068 
0.243441 0.756559 
0.239675 0.760325 
0.193110 0.806890 
0.401392 0.598608 
0.732496 0.267504 
0.287039 0.712961 
0.590712 0.409288 
0.254502 0.745498 
0.214880 0.785120 
0.180005 0.819995 
0.042235 0.957765 
0.366000 0.634000 
0.044867 0.955133 
0.504615 0.495385 
0.475685 0.524315 
0.061413 0.938587 
0.200648 0.799352 
0.346034 0.653966 
0.292160 0.707840 
0.134062 0.865938 
0.093412 0.906588 
0.031907 0.968093 
0.423741 0.576259 
0.232584 0.767416 
0.737491 0.262509 
0.416011 0.583989 
0.109046 0.890954 
0.628049 0.371951 
0.062223 0.937777 
0.723874 0.276126 
0.138472 0.861528 
0.057137 0.942863 
0.783044 1.68827 
