-1999974.954647
0
0.023401 0.018832 0.004975 0.017376 0.010223 0.005430 0.001820 0.008986 0.014597 0.003365 0.011818 0.009478 0.009031 0.008118 0.008696 0.012840 0.025011 0.013412 0.022223 0.019914 0.006219 0.001825 0.005128 0.006156 0.025493 0.024521 0.003557 0.021631 0.006920 0.006407 0.002249 0.009199 0.012722 0.003540 0.007885 0.013027 0.006506 0.010570 0.014662 0.013144 0.013089 0.015582 0.018692 0.017677 0.004413 0.003774 0.007730 0.013463 0.018034 0.017634 0.005462 0.015240 0.005098 0.005379 0.001725 0.006699 0.009819 0.005846 0.007916 0.009462 0.005563 0.005436 0.007975 0.008099 0.019377 0.011162 0.013978 0.015488 0.001799 0.000987 0.005288 0.006330 0.023417 0.022855 0.004059 0.036052 0.001873 0.006991 0.000980 0.004070 0.000037 0.000000 0.004531 0.002433 0.010503 0.008335 0.007758 0.013232 0.016792 0.013854 0.011636 0.018941 0.009353 0.004260 0.006281 0.016635 
0.000000 0.000773 0.000000 0.000000 0.002031 0.000470 0.000265 0.002275 0.004201 0.002743 0.000123 0.001489 0.000632 0.000228 0.000157 0.000000 0.000803 0.000000 0.000364 0.001080 0.000000 0.000244 0.000116 0.000231 0.000000 0.000000 0.000000 0.000090 0.002334 0.000503 0.000200 0.002117 0.013941 0.006190 0.001578 0.008509 0.000000 0.000323 0.000000 0.000000 0.000356 0.000306 0.000004 0.000882 0.000000 0.000000 0.000331 0.000000 0.000000 0.000000 0.000000 0.000000 0.000183 0.000348 0.000000 0.001190 0.002658 0.001025 0.000000 0.001302 0.000000 0.000180 0.000000 0.000000 0.000138 0.000000 0.000000 0.001479 0.000000 0.000443 0.000000 0.000000 0.028918 0.009526 0.002024 0.022192 0.131163 0.028516 0.004919 0.171664 0.286020 0.067384 0.037074 0.140751 0.000124 0.000648 0.000000 0.000648 0.000732 0.000686 0.000062 0.000588 0.000000 0.000000 0.000000 0.001524 
0.000000 0.000777 0.000000 0.007054 0.000000 0.000000 0.000000 0.000437 0.020848 0.040228 0.053358 0.025344 0.000442 0.001586 0.000537 0.002841 0.002877 0.002992 0.003707 0.001648 0.000133 0.001151 0.000459 0.002589 0.002485 0.004905 0.001324 0.037125 0.000000 0.000000 0.000329 0.000000 0.024140 0.059103 0.041190 0.039211 0.000059 0.001368 0.000000 0.000554 0.000885 0.002012 0.004286 0.002081 0.000000 0.001599 0.001160 0.004159 0.000409 0.003714 0.000206 0.020159 0.000000 0.000291 0.000000 0.000000 0.037699 0.076606 0.089042 0.050003 0.000000 0.001064 0.000048 0.000681 0.005629 0.012677 0.005773 0.006614 0.000000 0.001076 0.001528 0.003804 0.001197 0.004395 0.000323 0.033944 0.000000 0.000000 0.000000 0.000000 0.026794 0.093656 0.058664 0.045398 0.000373 0.000439 0.000000 0.001100 0.002203 0.003877 0.003841 0.001642 0.000204 0.001281 0.000452 0.006211 
0.221567 0.139015 0.639418 
0.535441 0.114829 0.349730 
0.121868 0.120743 0.757389 
0.343979 0.109679 0.546342 
0.421051 0.038767 0.540182 
0.428599 0.000170 0.571231 
0.577386 0.131520 0.291093 
0.624865 0.041841 0.333293 
0.926706 0.024389 0.048905 
0.639466 0.091608 0.268927 
0.227689 0.004940 0.767371 
0.374186 0.153133 0.472681 
0.239871 0.063242 0.696887 
0.381182 0.006633 0.612185 
0.853374 0.058795 0.087832 
0.484406 0.000256 0.515338 
0.656567 0.031076 0.312357 
0.638866 0.119217 0.241917 
0.318880 0.005364 0.675756 
0.362042 0.029803 0.608154 
0.056581 0.119300 0.824119 
0.890208 0.010785 0.099008 
0.829073 0.019987 0.150940 
0.005769 0.412150 0.582081 
0.361334 0.023478 0.615188 
0.013937 0.015520 0.970543 
0.846651 0.030390 0.122959 
0.088287 0.175871 0.735841 
0.407394 0.061761 0.530845 
0.515944 0.109762 0.374294 
0.613751 0.306205 0.080044 
0.156316 0.119145 0.724539 
0.206262 0.001880 0.791858 
0.514810 0.396335 0.088855 
0.307018 0.599222 0.093760 
0.324342 0.017630 0.658028 
0.218552 0.279060 0.502388 
0.107107 0.394640 0.498253 
0.248020 0.022526 0.729454 
0.818807 0.014173 0.167020 
0.503067 0.014444 0.482489 
0.504445 0.453936 0.041618 
0.276846 0.000435 0.722719 
0.538090 0.000236 0.461674 
0.528805 0.006309 0.464886 
0.870768 0.027183 0.102048 
0.342720 0.000094 0.657187 
0.323092 0.015982 0.660926 
0.068024 0.579344 0.352632 
0.603355 0.053466 0.343179 
0.368534 0.239345 0.392121 
0.266949 0.194406 0.538644 
0.311740 0.668544 0.019716 
0.346723 0.459300 0.193977 
0.639943 0.103706 0.256351 
0.529846 0.383531 0.086623 
0.550180 0.349692 0.100128 
0.369738 0.072118 0.558143 
0.664880 0.067060 0.268060 
0.781872 0.041580 0.176548 
0.133504 0.205688 0.660808 
0.333028 0.006466 0.660505 
0.692921 0.219783 0.087296 
0.045305 0.267696 0.686999 
0.675316 0.095064 0.229620 
0.046844 0.322176 0.630979 
0.732768 0.026273 0.240959 
0.775651 0.005875 0.218473 
0.143856 0.562320 0.293824 
0.886364 0.024052 0.089584 
0.733625 0.012575 0.253800 
0.879194 0.054466 0.066340 
0.218438 0.197355 0.584207 
0.054560 0.010265 0.935175 
0.536110 0.219421 0.244469 
0.903888 0.089705 0.006407 
0.759758 0.002195 0.238047 
0.741091 0.047589 0.211320 
0.140670 0.815837 0.043493 
0.606662 0.008311 0.385027 
0.922845 0.008991 0.068163 
0.674808 0.123515 0.201677 
0.719951 0.009207 0.270842 
0.005831 0.950507 0.043663 
0.697401 0.021105 0.281493 
0.934495 0.010792 0.054713 
0.553873 0.014963 0.431164 
0.046360 0.228378 0.725261 
0.538811 0.087167 0.374022 
0.847301 0.075380 0.077319 
0.367361 0.000140 0.632499 
0.892252 0.024025 0.083724 
0.242310 0.072301 0.685389 
0.296909 0.701679 0.001413 
0.106094 0.101813 0.792093 
0.873594 0.019570 0.106836 
0.522702 0.214187 0.263111 
0.197196 0.563672 0.239132 
0.257247 0.652547 0.090206 
0.694476 0.036920 0.268605 
0.705008 0.108960 0.186031 
0.199869 0.649870 0.150262 
0.890951 0.018188 0.090860 
0.453574 0.075772 0.470654 
0.258396 0.057281 0.684323 
0.494896 0.364550 0.140553 
0.037636 0.020801 0.941562 
0.501524 0.015845 0.482631 
0.245185 0.508551 0.246265 
0.299144 0.036156 0.664700 
0.709131 0.191699 0.099170 
0.759636 0.137522 0.102841 
0.512655 0.012541 0.474804 
0.747177 0.009415 0.243408 
0.364897 0.002050 0.633053 
0.215232 0.088979 0.695790 
0.895763 0.056492 0.047745 
0.620831 0.314280 0.064888 
0.343744 0.576669 0.079587 
0.788418 0.033747 0.177835 
0.926733 0.032342 0.040925 
0.176331 0.087076 0.736594 
0.230915 0.750107 0.018978 
0.398373 0.000136 0.601492 
0.235954 0.080186 0.683860 
0.741218 0.191514 0.067268 
0.775242 0.019819 0.204939 
0.359351 0.000144 0.640505 
0.239997 0.079501 0.680502 
0.063229 0.788898 0.147873 
0.792790 0.084581 0.122629 
0.332616 0.434827 0.232557 
0.102201 0.118308 0.779492 
0.676043 0.022725 0.301232 
0.240411 0.016008 0.743582 
0.722061 0.046863 0.231076 
0.693488 0.217896 0.088616 
0.661240 0.196561 0.142199 
0.499624 0.082729 0.417647 
0.931769 0.024710 0.043521 
0.730291 0.000411 0.269298 
0.895453 0.043277 0.061270 
0.035577 0.876003 0.088420 
0.904643 0.009641 0.085716 
0.663074 0.180149 0.156777 
0.570369 0.024294 0.405338 
0.132530 0.052287 0.815183 
0.812510 0.010021 0.177468 
0.434365 0.019217 0.546418 
0.743686 0.035966 0.220348 
0.174897 0.794048 0.031055 
0.333328 0.000210 0.666462 
0.853123 0.013543 0.133333 
0.232773 0.044759 0.722468 
0.532796 0.078551 0.388653 
0.410983 0.030438 0.558579 
0.286625 0.143081 0.570293 
0.079047 0.276318 0.644635 
0.321953 0.055734 0.622313 
0.038981 0.433130 0.527889 
0.330253 0.143950 0.525797 
0.630903 0.007981 0.361116 
0.224891 0.296525 0.478583 
0.761938 0.033885 0.204177 
0.600264 0.034057 0.365679 
0.242600 0.020486 0.736914 
0.167220 0.000026 0.832754 
0.205313 0.044566 0.750121 
0.585177 0.027539 0.387284 
0.381041 0.470501 0.148457 
0.636495 0.308567 0.054937 
0.575579 0.241733 0.182689 
0.456450 0.240842 0.302709 
0.724676 0.053905 0.221418 
0.487030 0.163865 0.349105 
0.409293 0.009039 0.581668 
0.246590 0.000346 0.753064 
0.583600 0.052204 0.364196 
0.160737 0.620351 0.218912 
0.063525 0.146905 0.789569 
0.088489 0.120279 0.791232 
0.325240 0.196787 0.477974 
0.032479 0.117339 0.850182 
0.567212 0.223508 0.209280 
0.418076 0.412917 0.169007 
0.762661 0.016683 0.220656 
0.205127 0.238258 0.556615 
0.669726 0.024117 0.306157 
0.466280 0.177454 0.356266 
0.447103 0.418928 0.133969 
0.684942 0.023663 0.291396 
0.124064 0.439470 0.436466 
0.388673 0.000177 0.611150 
0.064545 0.000391 0.935064 
0.358976 0.050137 0.590887 
0.311749 0.601609 0.086642 
0.616717 0.063454 0.319830 
0.014848 0.030339 0.954813 
0.161796 0.153346 0.684857 
0.268804 0.000587 0.730610 
0.813983 0.007957 0.178060 
0.959490 0.023153 0.017356 
0.234181 0.037362 0.728457 
0.939519 0.026520 0.033962 
0.617899 0.302955 0.079145 
0.548836 0.036920 0.414244 
0.663904 0.039276 0.296820 
0.300409 0.108512 0.591079 
0.681512 0.010111 0.308377 
0.487612 0.008072 0.504316 
0.646975 0.241426 0.111600 
0.391203 0.000894 0.607903 
0.671892 0.017258 0.310850 
0.016121 0.283124 0.700755 
0.341764 0.056503 0.601733 
0.384273 0.000150 0.615577 
0.003043 0.071431 0.925525 
0.183479 0.132579 0.683942 
0.617189 0.371820 0.010991 
0.484432 0.022074 0.493494 
0.028633 0.954033 0.017334 
0.225378 0.491078 0.283543 
0.046101 0.032274 0.921624 
0.102865 0.095119 0.802016 
0.317874 0.014852 0.667274 
0.342031 0.543828 0.114142 
0.632269 0.006950 0.360781 
0.750298 0.022419 0.227283 
0.587870 0.120467 0.291663 
0.237378 0.650545 0.112077 
0.522281 0.201590 0.276129 
0.210843 0.098879 0.690278 
0.881132 0.026664 0.092205 
0.788390 0.023996 0.187614 
0.179159 0.576333 0.244508 
0.709021 0.046128 0.244851 
0.314498 0.000236 0.685266 
0.815068 0.032277 0.152655 
0.671427 0.068970 0.259603 
0.924621 0.029802 0.045577 
0.519090 0.095791 0.385118 
0.640311 0.076731 0.282958 
0.748918 0.020642 0.230440 
0.899051 0.020920 0.080029 
0.631881 0.006316 0.361803 
0.151273 0.000228 0.848499 
0.303409 0.193547 0.503044 
0.683821 0.137134 0.179045 
0.407561 0.116550 0.475889 
0.171064 0.054259 0.774676 
0.756052 0.142578 0.101370 
0.055074 0.717468 0.227458 
0.958112 0.026451 0.015436 
0.933008 0.015529 0.051463 
0.402076 0.187444 0.410480 
0.436494 0.131241 0.432265 
0.187704 0.795323 0.016973 
0.676928 0.184923 0.138149 
0.712547 0.155449 0.132004 
0.131072 0.000277 0.868651 
0.678362 0.006662 0.314976 
0.499968 0.044364 0.455668 
0.915388 0.011128 0.073484 
0.766478 0.037975 0.195547 
0.734610 0.098895 0.166495 
0.046382 0.290241 0.663377 
0.835070 0.011470 0.153460 
0.435701 0.272783 0.291516 
0.685396 0.003570 0.311034 
0.732612 0.208740 0.058647 
0.014387 0.576615 0.408997 
0.076166 0.671276 0.252558 
0.201131 0.704810 0.094059 
0.559280 0.128168 0.312552 
0.206603 0.001178 0.792219 
0.831876 0.000309 0.167815 
0.045764 0.000048 0.954188 
0.235081 0.751037 0.013882 
0.564983 0.355389 0.079627 
0.455784 0.077145 0.467072 
0.897664 0.011238 0.091098 
0.067510 0.189170 0.743320 
0.727257 0.008978 0.263765 
0.173825 0.099985 0.726191 
0.764365 0.026411 0.209224 
0.524641 0.009829 0.465529 
0.393931 0.548502 0.057567 
0.193426 0.000116 0.806458 
0.498321 0.254043 0.247636 
0.342119 0.016420 0.641461 
0.727388 0.197410 0.075202 
0.357048 0.143359 0.499593 
0.341024 0.077730 0.581246 
0.278968 0.331699 0.389332 
0.204357 0.628334 0.167309 
0.778833 0.083489 0.137677 
0.086078 0.045564 0.868358 
0.760340 0.142983 0.096677 
0.470734 0.231681 0.297586 
0.183144 0.007415 0.809441 
0.702178 0.071741 0.226081 
0.348354 0.100638 0.551008 
0.761000 0.023617 0.215383 
0.576313 0.040946 0.382741 
0.589611 0.006106 0.404283 
0.056455 0.129983 0.813563 
0.536575 0.453382 0.010043 
0.243598 0.009469 0.746933 
0.307691 0.026421 0.665888 
0.024243 0.668683 0.307073 
0.696644 0.033720 0.269635 
0.875786 0.015587 0.108627 
0.890078 0.076107 0.033815 
0.240720 0.007543 0.751736 
0.213813 0.262708 0.523478 
0.518196 0.000316 0.481488 
0.125042 0.833631 0.041327 
0.221274 0.052027 0.726699 
0.458306 0.213969 0.327725 
0.467992 0.188398 0.343610 
0.736631 0.022080 0.241289 
0.660113 0.203094 0.136792 
0.584944 0.000844 0.414212 
0.757341 0.067093 0.175566 
0.250731 0.489592 0.259676 
0.478611 0.020452 0.500938 
0.444586 0.000218 0.555196 
0.503622 0.019679 0.476699 
0.033413 0.258500 0.708087 
0.514645 0.089911 0.395444 
0.762055 0.077580 0.160365 
0.380722 0.151275 0.468002 
0.867655 0.108046 0.024299 
0.493603 0.148310 0.358087 
0.105268 0.418622 0.476110 
0.648798 0.000791 0.350411 
0.032243 0.002373 0.965384 
0.541898 0.100574 0.357528 
0.751257 0.124343 0.124400 
0.586994 0.082278 0.330728 
0.173179 0.440183 0.386638 
0.602975 0.000115 0.396910 
0.358507 0.000189 0.641304 
0.260844 0.028260 0.710896 
0.270320 0.598730 0.130950 
0.460444 0.069484 0.470072 
0.416380 0.580231 0.003389 
0.582968 0.017775 0.399257 
0.482537 0.014587 0.502876 
0.047696 0.521225 0.431079 
0.534584 0.080879 0.384537 
0.508426 0.119582 0.371993 
0.877130 0.007064 0.115806 
0.127807 0.682549 0.189643 
0.799308 0.126336 0.074356 
0.228719 0.000084 0.771197 
0.789411 0.092742 0.117847 
0.703357 0.000160 0.296483 
0.506513 0.081830 0.411657 
0.610354 0.010596 0.379050 
0.291693 0.000614 0.707692 
0.449891 0.000137 0.549972 
0.564236 0.032049 0.403715 
0.282014 0.012688 0.705298 
0.830389 0.016186 0.153426 
0.812787 0.111809 0.075404 
0.545634 0.010898 0.443468 
0.366650 0.001572 0.631778 
0.484064 0.024850 0.491085 
0.760807 0.121436 0.117757 
0.283703 0.013371 0.702926 
0.719470 0.117852 0.162678 
0.472801 0.385530 0.141669 
0.790974 0.000308 0.208718 
0.127619 0.000037 0.872344 
0.077328 0.083484 0.839188 
0.246355 0.394434 0.359211 
0.085991 0.853789 0.060221 
0.094440 0.088300 0.817261 
0.658998 0.027218 0.313784 
0.762308 0.001251 0.236441 
0.690155 0.185365 0.124480 
0.843544 0.043312 0.113144 
0.718045 0.223077 0.058878 
0.239954 0.401067 0.358978 
0.679426 0.043261 0.277313 
0.033031 0.000223 0.966746 
0.253032 0.000311 0.746657 
0.712181 0.000626 0.287192 
0.308451 0.118522 0.573027 
0.686237 0.081687 0.232076 
0.779786 0.142758 0.077456 
0.216187 0.000057 0.783756 
0.612883 0.000285 0.386833 
0.493861 0.147496 0.358643 
0.147008 0.093352 0.759640 
0.638335 0.236363 0.125302 
0.227320 0.032726 0.739955 
0.306850 0.671604 0.021546 
0.607594 0.002812 0.389594 
0.873881 0.000280 0.125839 
0.409252 0.202695 0.388053 
0.186664 0.714301 0.099035 
0.708760 0.280832 0.010407 
0.685513 0.021456 0.293031 
0.119376 0.067330 0.813294 
0.355240 0.000068 0.644692 
0.595047 0.074082 0.330871 
0.093714 0.592617 0.313668 
0.419174 0.557464 0.023362 
0.053698 0.146959 0.799343 
0.828079 0.049797 0.122124 
0.788590 0.025177 0.186233 
0.142215 0.781603 0.076183 
0.620298 0.332666 0.047036 
0.164144 0.220831 0.615025 
0.118161 0.086729 0.795110 
0.227271 0.442202 0.330527 
0.247035 0.102602 0.650363 
0.115445 0.637282 0.247273 
0.045232 0.736234 0.218534 
0.371918 0.023492 0.604590 
0.087520 0.438962 0.473519 
0.662583 0.175130 0.162287 
0.034257 0.010511 0.955232 
0.429658 0.098582 0.471760 
0.867493 0.061622 0.070885 
0.375337 0.614033 0.010630 
0.835851 0.015714 0.148435 
0.100702 0.086594 0.812704 
0.784050 0.182939 0.033012 
0.004091 0.019369 0.976540 
0.660208 0.223470 0.116322 
0.625672 0.071882 0.302446 
0.212148 0.248189 0.539663 
0.530722 0.113254 0.356024 
0.527707 0.105710 0.366583 
0.150785 0.010302 0.838913 
0.777823 0.025383 0.196794 
0.452653 0.045521 0.501826 
0.586765 0.174191 0.239044 
0.223001 0.703630 0.073369 
0.375703 0.141699 0.482598 
0.497797 0.250004 0.252198 
0.512685 0.000121 0.487194 
0.540067 0.053411 0.406522 
0.617271 0.000211 0.382518 
0.432471 0.000187 0.567342 
0.526597 0.000122 0.473280 
0.017463 0.016633 0.965904 
0.429652 0.063550 0.506798 
0.219832 0.631599 0.148569 
0.136771 0.714427 0.148802 
0.388855 0.000226 0.610920 
0.685994 0.024215 0.289790 
0.443600 0.350362 0.206038 
0.253025 0.011787 0.735188 
0.560497 0.033504 0.405999 
0.100544 0.048578 0.850878 
0.704497 0.136115 0.159388 
0.108929 0.297366 0.593705 
0.449237 0.026835 0.523928 
0.774390 0.026263 0.199347 
0.365697 0.060473 0.573830 
0.094217 0.230489 0.675294 
0.762238 0.009740 0.228022 
0.719095 0.000323 0.280582 
0.096574 0.649250 0.254176 
0.722214 0.202528 0.075258 
0.577086 0.106472 0.316442 
0.777730 0.174368 0.047902 
0.167890 0.020041 0.812069 
0.183501 0.514810 0.301689 
0.173436 0.101326 0.725237 
0.121688 0.301315 0.576996 
0.666297 0.206478 0.127225 
0.607759 0.054326 0.337915 
0.580027 0.067148 0.352825 
0.369861 0.009042 0.621097 
0.332430 0.002382 0.665188 
0.469403 0.004876 0.525721 
0.494863 0.431812 0.073326 
0.504866 0.394342 0.100791 
0.613686 0.022614 0.363699 
0.790151 0.170344 0.039505 
0.577568 0.271331 0.151101 
0.596793 0.222216 0.180991 
0.769489 0.090078 0.140432 
0.319319 0.000095 0.680586 
0.513639 0.000116 0.486245 
0.555359 0.378811 0.065830 
0.629042 0.111701 0.259257 
0.103510 0.466475 0.430014 
0.392473 0.104369 0.503158 
0.223126 0.014625 0.762248 
0.369286 0.578475 0.052240 
0.825308 0.028820 0.145873 
0.145329 0.238627 0.616044 
0.763828 0.110414 0.125759 
0.302131 0.013510 0.684359 
1.21069 0.43261 1.02788 
