-1980539.364988
0
0.000000 0.000991 0.000000 0.000000 0.002391 0.000610 0.000256 0.002695 0.003492 0.000001 0.001029 0.000001 0.000402 0.000461 0.000000 0.000000 0.000852 0.000000 0.000304 0.000927 0.000000 0.000303 0.000000 0.000399 0.000000 0.000000 0.000000 0.001179 0.002846 0.000632 0.000098 0.002989 0.004969 0.000019 0.000196 0.000214 0.000000 0.000134 0.000000 0.000000 0.000000 0.000271 0.000215 0.000103 0.000000 0.000000 0.000218 0.000000 0.000000 0.000275 0.000000 0.000000 0.000258 0.000440 0.000000 0.001490 0.002285 0.000001 0.000000 0.000004 0.000000 0.000298 0.000000 0.000000 0.000443 0.000318 0.000000 0.000988 0.000000 0.000635 0.000000 0.000000 0.035279 0.011962 0.002390 0.027586 0.162574 0.034854 0.005946 0.211994 0.286881 0.027528 0.029299 0.123192 0.000000 0.000396 0.000000 0.000000 0.000651 0.000698 0.000000 0.000382 0.000000 0.000000 0.000000 0.001754 
0.000000 0.000000 0.000000 0.000000 0.000122 0.000000 0.000000 0.000535 0.014607 0.060895 0.003364 0.033083 0.000828 0.000174 0.001059 0.001553 0.000850 0.001030 0.001132 0.000860 0.000171 0.000000 0.000270 0.000000 0.000195 0.000673 0.000225 0.000481 0.000000 0.000000 0.000689 0.000000 0.051248 0.116651 0.019479 0.073387 0.000000 0.000783 0.000000 0.000467 0.001166 0.000701 0.000453 0.002781 0.000060 0.000725 0.000949 0.000892 0.000000 0.000091 0.000000 0.000000 0.000000 0.000248 0.000000 0.000000 0.016325 0.052577 0.002800 0.033736 0.000000 0.000000 0.000000 0.000377 0.000514 0.000413 0.000838 0.004776 0.000000 0.000000 0.001261 0.000174 0.000091 0.000910 0.000119 0.000004 0.000000 0.000446 0.000000 0.000000 0.096885 0.220523 0.052443 0.111678 0.000685 0.000594 0.000000 0.002069 0.001160 0.001402 0.001699 0.001029 0.000000 0.000142 0.000469 0.000985 
0.000000 0.002811 0.000000 0.014224 0.000096 0.000098 0.000208 0.000623 0.023355 0.015393 0.084016 0.014325 0.000117 0.003419 0.000000 0.004510 0.006295 0.005434 0.007133 0.003737 0.000000 0.002306 0.001038 0.005649 0.006368 0.009973 0.002426 0.061418 0.000000 0.000000 0.000000 0.000000 0.001394 0.001540 0.050811 0.005682 0.000000 0.002517 0.000000 0.001071 0.001111 0.003926 0.008667 0.002368 0.000000 0.002336 0.001864 0.008621 0.001784 0.007844 0.000629 0.034906 0.000000 0.000452 0.000000 0.000478 0.047473 0.078553 0.138174 0.053362 0.000000 0.002256 0.000455 0.001314 0.010724 0.021759 0.010211 0.008896 0.000000 0.001984 0.001748 0.007375 0.007914 0.009645 0.001003 0.074167 0.000000 0.000000 0.000000 0.000000 0.000000 0.000227 0.061225 0.007106 0.000000 0.000741 0.000000 0.000537 0.004030 0.006878 0.006200 0.003770 0.001010 0.002812 0.000628 0.014850 
0.026272 0.020013 0.005585 0.016761 0.011392 0.006022 0.001929 0.009870 0.014136 0.003440 0.006070 0.009802 0.010203 0.008212 0.009823 0.013374 0.026278 0.013798 0.023241 0.021167 0.007025 0.001611 0.005423 0.005586 0.026673 0.025249 0.003532 0.018071 0.007779 0.007190 0.002553 0.010208 0.015490 0.005264 0.005282 0.015979 0.007360 0.011206 0.016462 0.014351 0.014380 0.016499 0.019020 0.019230 0.004926 0.003853 0.008149 0.012919 0.019460 0.017990 0.005912 0.013024 0.005714 0.005893 0.001937 0.007201 0.007639 0.002004 0.000000 0.006800 0.006245 0.005592 0.008701 0.008688 0.019644 0.009791 0.013986 0.015728 0.002020 0.000782 0.005618 0.005736 0.022295 0.022935 0.004177 0.023435 0.001825 0.007734 0.001138 0.004453 0.000000 0.000396 0.000024 0.003492 0.011863 0.009129 0.008710 0.014803 0.017795 0.014044 0.011801 0.019947 0.010029 0.004067 0.006839 0.014307 
0.056174 0.545211 0.157625 0.240990 
0.112272 0.075725 0.439016 0.372986 
0.061111 0.356540 0.524144 0.058205 
0.024710 0.513731 0.081107 0.380453 
0.051801 0.050061 0.581571 0.316567 
0.001117 0.097781 0.628255 0.272848 
0.118391 0.131282 0.220596 0.529731 
0.037723 0.105689 0.326018 0.530570 
0.014474 0.043290 0.025969 0.916266 
0.070811 0.146659 0.181716 0.600814 
0.005184 0.255016 0.565154 0.174645 
0.037393 0.528141 0.020759 0.413707 
0.066065 0.146494 0.625537 0.161905 
0.015260 0.052396 0.657538 0.274806 
0.048602 0.048725 0.094847 0.807826 
0.002386 0.098873 0.499911 0.398830 
0.036006 0.063825 0.367087 0.533082 
0.126990 0.019830 0.316553 0.536627 
0.000251 0.418500 0.264225 0.317025 
0.021129 0.252280 0.407758 0.318834 
0.059621 0.712683 0.143579 0.084117 
0.013118 0.019818 0.167233 0.799830 
0.000510 0.093318 0.118764 0.787408 
0.121667 0.854933 0.002538 0.020862 
0.038374 0.061893 0.784494 0.115238 
0.003096 0.894329 0.071380 0.031195 
0.029167 0.041646 0.150149 0.779038 
0.049991 0.606488 0.246801 0.096719 
0.036543 0.291414 0.287902 0.384141 
0.109081 0.083916 0.359484 0.447518 
0.242089 0.119808 0.059800 0.578304 
0.075615 0.547132 0.209353 0.167900 
0.007530 0.080237 0.813920 0.098314 
0.386687 0.032558 0.115034 0.465721 
0.540144 0.131102 0.032602 0.296152 
0.003929 0.427830 0.239769 0.328472 
0.292296 0.039273 0.557714 0.110717 
0.348725 0.185919 0.416544 0.048811 
0.006391 0.465809 0.275025 0.252774 
0.007905 0.065552 0.164677 0.761866 
0.017743 0.115345 0.449811 0.417102 
0.350509 0.151273 0.018563 0.479654 
0.000262 0.354077 0.398430 0.247231 
0.002988 0.083588 0.508328 0.405095 
0.012475 0.083389 0.466728 0.437408 
0.026556 0.029451 0.159499 0.784493 
0.000206 0.121598 0.645582 0.232613 
0.009441 0.367124 0.312590 0.310845 
0.374093 0.526102 0.013385 0.086420 
0.044428 0.109322 0.415845 0.430406 
0.243845 0.052407 0.431848 0.271900 
0.187977 0.148217 0.464150 0.199656 
0.644642 0.035672 0.034642 0.285043 
0.378729 0.170544 0.140426 0.310300 
0.064210 0.177352 0.150036 0.608402 
0.318994 0.112958 0.080091 0.487957 
0.292221 0.108981 0.089801 0.508996 
0.081414 0.081896 0.608583 0.228107 
0.071571 0.053546 0.285072 0.589811 
0.027804 0.111673 0.106556 0.753968 
0.022834 0.743635 0.052282 0.181248 
0.000160 0.558764 0.060806 0.380270 
0.175036 0.105696 0.048944 0.670324 
0.106354 0.663898 0.170810 0.058938 
0.024184 0.248779 0.028769 0.698268 
0.132919 0.590751 0.234008 0.042321 
0.012964 0.116100 0.222470 0.648466 
0.002308 0.073796 0.214132 0.709764 
0.496933 0.172901 0.215484 0.114682 
0.017920 0.041921 0.103346 0.836813 
0.013045 0.064175 0.312002 0.610779 
0.050123 0.025003 0.105971 0.818903 
0.160736 0.354048 0.280049 0.205167 
0.002454 0.636671 0.303439 0.057436 
0.171774 0.150220 0.194841 0.483165 
0.079305 0.019011 0.025494 0.876191 
0.004112 0.066209 0.257443 0.672236 
0.012933 0.182429 0.065977 0.738660 
0.807998 0.008681 0.097250 0.086071 
0.020357 0.032255 0.445897 0.501492 
0.002144 0.048286 0.045509 0.904061 
0.089515 0.135014 0.139788 0.635684 
0.013112 0.059958 0.302330 0.624599 
0.745746 0.246785 0.001218 0.006250 
0.032369 0.037492 0.330575 0.599563 
0.007674 0.027049 0.068786 0.896491 
0.024460 0.038645 0.474584 0.462311 
0.138075 0.597716 0.208042 0.056167 
0.005909 0.373526 0.056561 0.564004 
0.077350 0.012087 0.151334 0.759229 
0.001199 0.088029 0.696186 0.214586 
0.003927 0.088314 0.018098 0.889660 
0.000481 0.553099 0.188228 0.258192 
0.685932 0.016151 0.002611 0.295306 
0.027831 0.688971 0.152939 0.130259 
0.012805 0.050976 0.111317 0.824901 
0.218728 0.036360 0.306702 0.438209 
0.474607 0.212687 0.152659 0.160048 
0.507589 0.219004 0.025576 0.247831 
0.040010 0.057466 0.279367 0.623158 
0.071715 0.144211 0.112925 0.671148 
0.601957 0.144757 0.071601 0.181685 
0.004722 0.069511 0.055337 0.870430 
0.082436 0.098621 0.469013 0.349931 
0.006991 0.589926 0.105135 0.297948 
0.338893 0.058320 0.219632 0.383155 
0.009133 0.519874 0.439090 0.031903 
0.025517 0.053387 0.568243 0.352854 
0.352697 0.348623 0.052066 0.246614 
0.021754 0.306084 0.408909 0.263253 
0.195963 0.009213 0.162929 0.631896 
0.126055 0.060493 0.096255 0.717197 
0.000207 0.248439 0.283063 0.468291 
0.006808 0.067210 0.333665 0.592316 
0.002907 0.205669 0.494573 0.296850 
0.068429 0.270044 0.543506 0.118022 
0.040660 0.039206 0.074378 0.845756 
0.304351 0.032262 0.091842 0.571545 
0.550168 0.053094 0.084175 0.312563 
0.012433 0.132719 0.085528 0.769321 
0.024621 0.033617 0.042091 0.899670 
0.037941 0.375221 0.440602 0.146237 
0.745097 0.003005 0.049227 0.202671 
0.003003 0.057018 0.643940 0.296039 
0.000203 0.597381 0.144226 0.258190 
0.177809 0.044645 0.076092 0.701454 
0.020369 0.056978 0.214863 0.707791 
0.002507 0.068105 0.710233 0.219155 
0.046307 0.483063 0.205596 0.265034 
0.645065 0.228133 0.070830 0.055972 
0.077469 0.056584 0.127079 0.738869 
0.385561 0.135635 0.192806 0.285997 
0.085175 0.458393 0.360905 0.095527 
0.007707 0.161985 0.191222 0.639086 
0.017439 0.195233 0.626540 0.160788 
0.041210 0.080200 0.251840 0.626750 
0.151536 0.130856 0.052932 0.664677 
0.159523 0.125217 0.081598 0.633661 
0.044956 0.343618 0.097070 0.514356 
0.014919 0.039132 0.031896 0.914054 
0.000508 0.078127 0.285916 0.635448 
0.037281 0.036873 0.069204 0.856642 
0.685954 0.266911 0.010562 0.036574 
0.010063 0.024021 0.124083 0.841833 
0.179500 0.030442 0.189210 0.600848 
0.014966 0.132386 0.433896 0.418751 
0.021639 0.687875 0.123391 0.167096 
0.005089 0.080339 0.147388 0.767184 
0.004128 0.280843 0.310070 0.404960 
0.012087 0.163409 0.096729 0.727774 
0.770428 0.035728 0.047660 0.146183 
0.009105 0.048056 0.745887 0.196952 
0.013728 0.033880 0.208830 0.743562 
0.015234 0.481964 0.266878 0.235924 
0.017666 0.352263 0.082265 0.547806 
0.037612 0.118997 0.516952 0.326440 
0.030528 0.583899 0.057126 0.328447 
0.150663 0.479594 0.300317 0.069426 
0.069982 0.114934 0.606042 0.209041 
0.282435 0.481859 0.199318 0.036389 
0.028119 0.562210 0.037581 0.372090 
0.000237 0.216250 0.167631 0.615881 
0.295671 0.089055 0.475085 0.140189 
0.036248 0.039818 0.288282 0.635652 
0.016516 0.194931 0.225856 0.562698 
0.002840 0.623630 0.089821 0.283709 
0.000089 0.053910 0.876021 0.069981 
0.065047 0.123989 0.699460 0.111504 
0.039670 0.056561 0.420581 0.483188 
0.379900 0.170892 0.097098 0.352111 
0.249588 0.117654 0.016720 0.616038 
0.187357 0.145161 0.137822 0.529660 
0.254949 0.004630 0.387733 0.352688 
0.040080 0.119000 0.153744 0.687176 
0.078796 0.376175 0.022706 0.522323 
0.010009 0.172805 0.489109 0.328076 
0.007028 0.057462 0.802628 0.132882 
0.056230 0.079156 0.371932 0.492682 
0.622039 0.018643 0.259064 0.100254 
0.004247 0.874187 0.005232 0.116335 
0.128265 0.174178 0.662506 0.035051 
0.208877 0.058781 0.487108 0.245234 
0.000125 0.795332 0.154649 0.049894 
0.111275 0.300348 0.004526 0.583850 
0.305677 0.239237 0.043394 0.411692 
0.009900 0.088321 0.200098 0.701680 
0.096995 0.628928 0.031128 0.242948 
0.008471 0.174659 0.182401 0.634468 
0.068505 0.381905 0.066108 0.483482 
0.368236 0.092143 0.172881 0.366740 
0.034195 0.041463 0.356438 0.567903 
0.441430 0.046447 0.455358 0.056765 
0.000122 0.278350 0.368949 0.352579 
0.001623 0.239595 0.753521 0.005261 
0.025292 0.365900 0.252604 0.356205 
0.523681 0.122743 0.081559 0.272017 
0.009096 0.287284 0.078912 0.624708 
0.004067 0.849176 0.119891 0.026866 
0.114571 0.302813 0.464531 0.118085 
0.002602 0.195114 0.620919 0.181364 
0.010545 0.042284 0.215211 0.731960 
0.017928 0.015579 0.041454 0.925039 
0.047395 0.119970 0.689932 0.142703 
0.009411 0.049854 0.014931 0.925804 
0.267565 0.080083 0.071361 0.580991 
0.034292 0.128161 0.362612 0.474935 
0.032370 0.101024 0.280166 0.586440 
0.113268 0.113266 0.578818 0.194647 
0.015784 0.060811 0.331575 0.591830 
0.002563 0.260265 0.271197 0.465976 
0.205581 0.126610 0.027113 0.640695 
0.005846 0.099288 0.612744 0.282122 
0.017089 0.087677 0.295942 0.599292 
0.039401 0.914025 0.006074 0.040500 
0.068651 0.068675 0.770867 0.091807 
0.000833 0.099562 0.702310 0.197294 
0.009926 0.911982 0.067735 0.010357 
0.083411 0.328747 0.443333 0.144509 
0.363125 0.011802 0.040763 0.584309 
0.031616 0.040877 0.556621 0.370885 
0.936111 0.020816 0.020180 0.022893 
0.440990 0.069647 0.389433 0.099930 
0.012410 0.764739 0.163359 0.059492 
0.025914 0.756266 0.073599 0.144222 
0.010228 0.236513 0.504544 0.248716 
0.454786 0.150375 0.087056 0.307783 
0.008668 0.096540 0.345329 0.549463 
0.023762 0.057114 0.269779 0.649345 
0.077619 0.175659 0.212104 0.534618 
0.498847 0.232776 0.042970 0.225407 
0.189734 0.091916 0.266365 0.451985 
0.053876 0.400298 0.355177 0.190648 
0.027662 0.023352 0.148099 0.800887 
0.010707 0.115076 0.111306 0.762911 
0.491317 0.188290 0.168389 0.152004 
0.021752 0.184045 0.094102 0.700102 
0.011274 0.047487 0.769000 0.172239 
0.018619 0.097810 0.097279 0.786292 
0.033625 0.199776 0.109753 0.656846 
0.014627 0.053918 0.019428 0.912027 
0.006555 0.425015 0.001380 0.567050 
0.073549 0.071410 0.338349 0.516692 
0.024919 0.043095 0.266431 0.665555 
0.013439 0.047116 0.078245 0.861200 
0.007858 0.103673 0.344064 0.544406 
0.001916 0.151997 0.795252 0.050835 
0.193564 0.094664 0.477310 0.234462 
0.140622 0.021968 0.241178 0.596232 
0.009441 0.505974 0.031059 0.453527 
0.065564 0.089329 0.782809 0.062298 
0.127119 0.066100 0.091531 0.715250 
0.576368 0.330450 0.029411 0.063771 
0.026157 0.001572 0.081092 0.891179 
0.011901 0.028517 0.067373 0.892208 
0.160427 0.167838 0.333279 0.338456 
0.113086 0.157904 0.349984 0.379025 
0.792209 0.002173 0.049071 0.156546 
0.138546 0.123743 0.092540 0.645172 
0.129718 0.084717 0.125194 0.660371 
0.001263 0.197277 0.748896 0.052564 
0.012693 0.049482 0.357149 0.580676 
0.022787 0.304428 0.173365 0.499420 
0.004529 0.039591 0.091649 0.864231 
0.009778 0.186663 0.013907 0.789653 
0.048666 0.154866 0.084703 0.711765 
0.098979 0.711007 0.120258 0.069756 
0.000309 0.092784 0.116690 0.790216 
0.173885 0.317172 0.074087 0.434856 
0.004405 0.098485 0.281060 0.616050 
0.170281 0.084844 0.035476 0.709399 
0.303300 0.575389 0.103323 0.017988 
0.509764 0.319589 0.098787 0.071860 
0.560725 0.214870 0.034409 0.189997 
0.062991 0.309177 0.058704 0.569129 
0.000106 0.645528 0.106079 0.248288 
0.000480 0.049869 0.185012 0.764639 
0.000057 0.203692 0.793527 0.002724 
0.730712 0.022039 0.033381 0.213868 
0.341600 0.014518 0.180658 0.463224 
0.046347 0.296974 0.217997 0.438682 
0.009496 0.029664 0.131644 0.829196 
0.072847 0.710488 0.118688 0.097977 
0.015363 0.044099 0.318250 0.622288 
0.111683 0.095490 0.711003 0.081824 
0.016584 0.100725 0.164349 0.718342 
0.016329 0.058399 0.499514 0.425758 
0.447654 0.152923 0.026123 0.373300 
0.001036 0.110801 0.820476 0.067687 
0.228338 0.112019 0.209144 0.450499 
0.026668 0.105795 0.622746 0.244792 
0.151895 0.096232 0.065928 0.685946 
0.097080 0.262637 0.329785 0.310498 
0.008486 0.443444 0.188039 0.360031 
0.295737 0.166099 0.312468 0.225696 
0.521145 0.191422 0.105100 0.182334 
0.059442 0.123083 0.046568 0.770908 
0.037715 0.271187 0.661601 0.029497 
0.076516 0.149592 0.028617 0.745275 
0.218852 0.075596 0.358828 0.346724 
0.001450 0.473597 0.349995 0.174958 
0.037471 0.171756 0.107515 0.683259 
0.111230 0.073372 0.553391 0.262007 
0.014910 0.093097 0.196621 0.695372 
0.044517 0.083200 0.374681 0.497603 
0.016471 0.051385 0.441698 0.490445 
0.011544 0.736167 0.176338 0.075951 
0.454073 0.001451 0.060877 0.483599 
0.001768 0.540389 0.174951 0.282892 
0.028394 0.173261 0.569940 0.228405 
0.568487 0.227255 0.191463 0.012794 
0.016801 0.189926 0.092924 0.700350 
0.009962 0.040926 0.155665 0.793447 
0.056431 0.048166 0.019831 0.875572 
0.021071 0.065484 0.889886 0.023559 
0.145943 0.479878 0.148176 0.226003 
0.006169 0.079112 0.494705 0.420014 
0.785914 0.069503 0.031980 0.112603 
0.061743 0.141465 0.637995 0.158798 
0.215234 0.060905 0.340297 0.383564 
0.108098 0.319048 0.103589 0.469264 
0.025596 0.052677 0.277953 0.643774 
0.189666 0.059017 0.159932 0.591385 
0.006936 0.078117 0.418635 0.496312 
0.070888 0.029520 0.218549 0.681042 
0.423425 0.182758 0.173559 0.220258 
0.005155 0.330691 0.189836 0.474318 
0.001321 0.118752 0.542319 0.337608 
0.023998 0.088436 0.464486 0.423081 
0.090964 0.800619 0.042133 0.066284 
0.090293 0.064822 0.523234 0.321651 
0.076014 0.044283 0.183353 0.696351 
0.158057 0.049694 0.575445 0.216804 
0.104419 0.010835 0.086320 0.798426 
0.159659 0.033162 0.417033 0.390146 
0.387958 0.167117 0.384807 0.060118 
0.007634 0.060278 0.377264 0.554825 
0.001407 0.457576 0.527587 0.013430 
0.109958 0.030949 0.420511 0.438581 
0.081534 0.144522 0.024847 0.749097 
0.046206 0.299528 0.045162 0.609104 
0.402906 0.085488 0.436420 0.075186 
0.000194 0.079003 0.422012 0.498790 
0.003106 0.105084 0.658354 0.233456 
0.027572 0.204040 0.586223 0.182165 
0.589299 0.031882 0.153615 0.225204 
0.026616 0.309691 0.218613 0.445080 
0.575944 0.003794 0.031056 0.389206 
0.023500 0.072191 0.419667 0.484641 
0.023060 0.071930 0.511186 0.393824 
0.321402 0.599226 0.005470 0.073902 
0.086106 0.062883 0.421069 0.429942 
0.028997 0.405579 0.025938 0.539485 
0.008730 0.026107 0.170970 0.794193 
0.678923 0.029794 0.209617 0.081667 
0.099657 0.072796 0.062020 0.765528 
0.000168 0.145505 0.709540 0.144787 
0.064487 0.102077 0.069003 0.764433 
0.000245 0.069727 0.312824 0.617203 
0.085226 0.087553 0.392224 0.434997 
0.007347 0.131541 0.322936 0.538176 
0.009057 0.084873 0.824986 0.081084 
0.000212 0.055824 0.763187 0.180778 
0.012817 0.209274 0.248274 0.529635 
0.020304 0.098154 0.685603 0.195939 
0.008316 0.087374 0.104766 0.799544 
0.065522 0.115752 0.030400 0.788326 
0.016233 0.082873 0.461643 0.439250 
0.006607 0.114649 0.591823 0.286921 
0.019098 0.169327 0.419584 0.391992 
0.109988 0.060061 0.116352 0.713599 
0.026243 0.098856 0.706449 0.168452 
0.106945 0.063358 0.179498 0.650200 
0.257396 0.243348 0.034681 0.464575 
0.001118 0.052879 0.242894 0.703109 
0.000061 0.124705 0.842745 0.032490 
0.079843 0.237974 0.655378 0.026804 
0.334336 0.197472 0.261790 0.206401 
0.846799 0.008194 0.081375 0.063632 
0.061833 0.530534 0.313454 0.094179 
0.026882 0.092342 0.284376 0.596400 
0.006448 0.050173 0.275307 0.668071 
0.130331 0.142395 0.058321 0.668953 
0.032539 0.063500 0.123372 0.780589 
0.215719 0.023744 0.109523 0.651014 
0.403174 0.029783 0.398825 0.168218 
0.017456 0.227723 0.051550 0.703271 
0.000096 0.424476 0.560463 0.014965 
0.002578 0.138532 0.714810 0.144079 
0.000180 0.161985 0.148269 0.689565 
0.101455 0.187225 0.464792 0.246528 
0.074743 0.078893 0.223392 0.622973 
0.113812 0.087314 0.036780 0.762093 
0.000102 0.109225 0.813023 0.077650 
0.004503 0.051786 0.448987 0.494724 
0.127616 0.117314 0.424620 0.330450 
0.024551 0.720388 0.063279 0.191781 
0.153813 0.182390 0.045916 0.617881 
0.056331 0.094514 0.748359 0.100796 
0.642345 0.041075 0.035704 0.280876 
0.008277 0.070533 0.398003 0.523187 
0.000178 0.052383 0.147966 0.799473 
0.166420 0.171158 0.308923 0.353499 
0.589105 0.187165 0.054829 0.168901 
0.260885 0.032772 0.022300 0.684044 
0.009181 0.168433 0.161235 0.661151 
0.037282 0.413717 0.446320 0.102681 
0.000186 0.062010 0.736889 0.200916 
0.037804 0.262725 0.103981 0.595490 
0.550765 0.171315 0.204896 0.073024 
0.539874 0.024026 0.047369 0.388731 
0.014185 0.715449 0.200719 0.069647 
0.034502 0.099130 0.049636 0.816733 
0.022477 0.052608 0.257413 0.667502 
0.622592 0.220500 0.023538 0.133370 
0.328252 0.013203 0.089032 0.569512 
0.216341 0.160552 0.518972 0.104135 
0.076098 0.250740 0.628297 0.044864 
0.435036 0.038292 0.378878 0.147794 
0.000216 0.651795 0.021770 0.326219 
0.552240 0.150110 0.244884 0.052766 
0.669009 0.126775 0.181767 0.022450 
0.013441 0.258102 0.401043 0.327414 
0.369427 0.250187 0.320765 0.059621 
0.126732 0.127759 0.127599 0.617909 
0.003245 0.851944 0.091890 0.052921 
0.014125 0.440268 0.082060 0.463546 
0.048930 0.040355 0.112774 0.797940 
0.609918 0.005613 0.047686 0.336783 
0.005920 0.080029 0.116120 0.797931 
0.050415 0.640350 0.181255 0.127980 
0.156696 0.048845 0.043372 0.751086 
0.002040 0.957074 0.032796 0.008090 
0.177988 0.104097 0.106799 0.611117 
0.065985 0.096675 0.287773 0.549566 
0.178617 0.339524 0.292675 0.189184 
0.104693 0.114216 0.308602 0.472489 
0.018611 0.375416 0.047353 0.558621 
0.014011 0.181402 0.756888 0.047699 
0.004684 0.143155 0.091808 0.760353 
0.001559 0.245086 0.413727 0.339629 
0.158154 0.097713 0.223492 0.520641 
0.575014 0.184259 0.030203 0.210524 
0.145123 0.069575 0.491107 0.294195 
0.213835 0.094623 0.342461 0.349081 
0.000378 0.068862 0.575550 0.355209 
0.024327 0.253074 0.204129 0.518471 
0.000427 0.091236 0.387448 0.520889 
0.003403 0.057851 0.624693 0.314053 
0.000657 0.062078 0.524884 0.412382 
0.001586 0.918596 0.044137 0.035681 
0.023093 0.471516 0.034424 0.470967 
0.443552 0.307253 0.030374 0.218820 
0.707861 0.023901 0.172546 0.095693 
0.003024 0.090532 0.619956 0.286488 
0.018461 0.122430 0.223248 0.635861 
0.351310 0.024058 0.258762 0.365870 
0.017286 0.099102 0.728256 0.155357 
0.029525 0.133302 0.345782 0.491391 
0.012916 0.481924 0.416783 0.088378 
0.082716 0.160078 0.078660 0.678546 
0.256811 0.238686 0.451262 0.053241 
0.034810 0.054508 0.647968 0.262714 
0.024405 0.057860 0.224030 0.693705 
0.005268 0.386742 0.258762 0.349228 
0.226910 0.175104 0.558298 0.039688 
0.011493 0.051207 0.311203 0.626097 
0.002301 0.060950 0.319033 0.617716 
0.544827 0.216473 0.165325 0.073375 
0.175358 0.071533 0.063089 0.690020 
0.058349 0.227879 0.154885 0.558887 
0.142781 0.072634 0.031808 0.752777 
0.008341 0.465658 0.371928 0.154073 
0.339216 0.400934 0.071044 0.188806 
0.103136 0.181975 0.614289 0.100600 
0.249555 0.316957 0.336487 0.097002 
0.202356 0.033817 0.164755 0.599072 
0.005038 0.288709 0.092023 0.614230 
0.037790 0.186166 0.276450 0.499594 
0.017096 0.050102 0.674496 0.258306 
0.000195 0.428034 0.242049 0.329722 
0.010787 0.073468 0.550333 0.365412 
0.376810 0.128074 0.007568 0.487548 
0.360807 0.095660 0.058707 0.484826 
0.036130 0.038201 0.418887 0.506782 
0.143394 0.067479 0.019008 0.770119 
0.201926 0.168100 0.078313 0.551662 
0.183335 0.121717 0.148681 0.546266 
0.075686 0.085098 0.116296 0.722920 
0.000109 0.116734 0.735343 0.147815 
0.000344 0.077239 0.512236 0.410181 
0.321443 0.111678 0.030937 0.535941 
0.060830 0.260533 0.032467 0.646171 
0.399579 0.286520 0.247076 0.066824 
0.009789 0.480722 0.087154 0.422335 
0.041543 0.083742 0.759604 0.115111 
0.558811 0.032664 0.078744 0.329781 
0.013806 0.103908 0.079386 0.802900 
0.098634 0.671504 0.048606 0.181256 
0.095930 0.058632 0.150968 0.694471 
0.023489 0.059843 0.715961 0.200707 
0.438222 0.768475 0.937117 1.33798 
