-117620.277834
-117620.277834
-102653.738433
-102653.738433
-101495.102840
-101495.102840
-100762.358604
-100762.358604
-99566.219724
-99566.219724
-98624.317960
-98624.317960
-96604.682377
-96604.682377
-95208.527615
-95208.527615
-92685.809261
-92685.809261
-92257.422633
-92257.422633
-91948.069908
-91948.069908
-90808.550762
-90808.550762
-90184.791316
-90184.791316
-90063.345236
-90063.345236
-89013.547318
-89013.547318
-88922.351294
-88922.351294
-88838.783095
-88838.783095
-88758.197001
-88758.197001
-88192.227560
-88192.227560
-87647.435032
-87647.435032
-87125.299404
-87125.299404
-87073.035807
-87073.035807
-87028.212360
-87028.212360
-86527.298337
-86527.298337
-86493.511871
-86493.511871
-86464.873389
-86464.873389
-85972.963287
-85972.963287
-85490.947570
-85490.947570
-85470.213899
-85470.213899
-85453.907572
-85453.907572
-85439.347091
-85439.347091
-85425.872491
-85425.872491
-85413.096713
-85413.096713
-85400.819072
-85400.819072
-85389.187043
-85389.187043
-85378.102584
-85378.102584
-85367.395321
-85367.395321
-85356.884244
-85356.884244
-85346.456651
-85346.456651
-85336.306180
-85336.306180
-85325.768339
-85325.768339
-85315.432348
-85315.432348
-85304.892205
-85304.892205
-85294.562975
-85294.562975
-85284.063192
-85284.063192
-85274.275793
-85274.275793
-85264.173070
-85264.173070
-85254.133041
-85254.133041
-85244.718294
-85244.718294
-85235.860058
-85235.860058
-85227.746199
-85227.746199
-85219.781848
-85219.781848
-84749.365005
-84749.365005
-84740.314438
-84740.314438
-84733.800733
-84733.800733
-84728.005626
-84728.005626
-84721.985863
-84721.985863
-84716.290789
-84716.290789
-84710.510265
-84710.510265
-84703.849197
-84703.849197
-84698.857243
-84698.857243
-84694.840449
-84694.840449
-84287.485078
-84287.485078
-84262.035394
-84262.035394
-84251.129355
-84251.129355
-84246.373392
-84246.373392
-84242.922776
-84242.922776
-84240.155966
-84240.155966
-84237.709277
-84237.709277
-84235.448446
-84235.448446
-84233.189716
-84233.189716
-84230.485468
-84230.485468
-84228.563041
-84228.563041
-84226.974723
-84226.974723
-84225.383138
-84225.383138
-84223.625032
-84223.625032
-84221.592747
-84221.592747
-84219.442852
-84219.442852
-84217.643302
-84217.643302
-84216.277766
-84216.277766
-84215.286424
-84215.286424
-84214.366327
-84214.366327
-84213.366195
-84213.366195
-84212.263171
-84212.263171
-84211.115323
-84211.115323
-84209.923445
-84209.923445
-84209.112648
-84209.112648
-84208.381489
-84208.381489
-84207.578822
-84207.578822
-84206.675749
-84206.675749
-84205.785617
-84205.785617
-84205.012870
-84205.012870
-84204.152472
-84204.152472
-84203.097064
-84203.097064
-84202.054399
-84202.054399
-84201.194935
-84201.194935
-84200.156681
-84200.156681
-84199.020545
-84199.020545
-84197.939982
-84197.939982
-84197.072737
-84197.072737
-84196.522609
-84196.522609
-84195.918375
-84195.918375
-84195.202070
-84195.202070
-84194.459517
-84194.459517
-84193.954321
-84193.954321
-84193.491571
-84193.491571
-84193.003136
-84193.003136
-84192.473647
-84192.473647
-84191.877037
-84191.877037
-84191.157998
-84191.157998
-84190.236585
-84190.236585
-84189.442880
-84189.442880
-84188.921967
-84188.921967
-84188.386175
-84188.386175
-84187.829720
-84187.829720
-84187.248555
-84187.248555
-84186.607166
-84186.607166
-84185.844792
-84185.844792
-84184.850664
-84184.850664
-84183.414884
-84183.414884
-84181.859919
-84181.859919
-84181.096103
-84181.096103
-84180.428785
-84180.428785
-84179.551640
-84179.551640
-84178.295112
-84178.295112
-84177.528022
-84177.528022
-84177.033000
-84177.033000
-84176.443959
-84176.443959
-84175.690995
-84175.690995
-84175.093020
-84175.093020
-84174.646042
-84174.646042
-84174.205802
-84174.205802
-84173.836711
-84173.836711
-84173.501166
-84173.501166
-84173.158647
-84173.158647
-83874.946468
-83874.946468
-83857.508676
-83857.508676
-83848.481850
-83848.481850
-83842.840604
-83842.840604
-83838.966117
-83838.966117
-83836.133861
-83836.133861
-83833.929446
-83833.929446
-83832.047843
-83832.047843
-83830.205393
-83830.205393
-83828.905420
-83828.905420
-83828.112379
-83828.112379
-83827.462114
-83827.462114
-83826.905971
-83826.905971
-83826.418334
-83826.418334
-83825.980561
-83825.980561
-83825.578122
-83825.578122
-83825.199140
-83825.199140
-83824.833262
-83824.833262
-83824.470560
-83824.470560
-83824.100171
-83824.100171
-83823.708021
-83823.708021
-83823.271887
-83823.271887
-83822.747734
-83822.747734
-83822.021853
-83822.021853
-83820.796684
-83820.796684
-83819.868959
-83819.868959
-83819.176982
-83819.176982
-83817.993865
-83817.993865
-83817.393596
-83817.393596
-83817.193803
-83817.193803
-83817.068377
-83817.068377
-83816.945086
-83816.945086
-83816.821956
-83816.821956
-83816.698524
-83816.698524
-83816.574406
-83816.574406
-83816.449251
-83816.449251
-83816.322727
-83816.322727
-83816.194520
-83816.194520
-83816.064324
-83816.064324
-83815.931845
-83815.931845
-83815.796787
-83815.796787
-83815.658860
-83815.658860
-83815.517770
-83815.517770
-83815.373217
-83815.373217
-83815.224894
-83815.224894
-83815.072483
-83815.072483
-83814.915651
-83814.915651
-83456.966503
-83456.966503
-83452.469494
-83452.469494
-83450.474939
-83450.474939
-83449.296493
-83449.296493
-83448.531882
-83448.531882
-83448.004351
-83448.004351
-83447.619106
-83447.619106
-83447.321826
-83447.321826
-83447.080082
-83447.080082
-83446.874209
-83446.874209
-83446.692981
-83446.692981
-83446.531744
-83446.531744
-83446.390336
-83446.390336
-83446.268704
-83446.268704
-83446.163623
-83446.163623
-83446.070528
-83446.070528
-83445.986037
-83445.986037
-83445.908158
-83445.908158
-83445.835725
-83445.835725
-83445.768006
-83445.768006
-83445.704496
-83445.704496
-83445.644818
-83445.644818
-83445.588676
-83445.588676
-83445.535830
-83445.535830
-83445.486085
-83445.486085
-83445.439276
-83445.439276
-83445.395263
-83445.395263
-83445.353921
-83445.353921
-83445.315133
-83445.315133
-83445.278780
-83445.278780
-83445.244741
-83445.244741
-83445.212891
-83445.212891
-83445.183099
-83445.183099
-83445.155236
-83445.155236
-83445.129173
-83445.129173
-83445.104785
-83445.104785
-83445.081956
-83445.081956
-83445.060574
-83445.060574
-83445.040539
-83445.040539
-83445.021754
-83445.021754
-83445.004133
-83445.004133
-83444.987594
-83444.987594
-83444.972060
-83444.972060
-83444.957463
-83444.957463
-83444.943736
-83444.943736
-83444.930820
-83444.930820
-83444.918659
-83444.918659
-83444.907201
-83444.907201
-83444.896396
-83444.896396
-83444.886202
-83444.886202
-83444.876577
-83444.876577
