-817165.594183
0
0.019386 0.015978 0.004039 0.014668 0.009845 0.005495 0.001564 0.008827 0.018991 0.009907 0.042314 0.013190 0.007720 0.005767 0.008003 0.011768 0.017192 0.008955 0.016554 0.016107 0.006830 0.002138 0.004562 0.006499 0.020019 0.021638 0.003872 0.027512 0.006896 0.006117 0.002182 0.008254 0.013199 0.010522 0.030855 0.016056 0.005888 0.009052 0.012044 0.011176 0.009051 0.009015 0.013547 0.012020 0.004299 0.003452 0.006996 0.014363 0.015320 0.014690 0.004340 0.014562 0.004495 0.005367 0.001415 0.006425 0.020311 0.021618 0.038418 0.018809 0.004288 0.004301 0.006276 0.006665 0.009861 0.007237 0.008755 0.008903 0.002265 0.001276 0.005613 0.006344 0.017691 0.017858 0.003210 0.022675 0.004139 0.006996 0.000948 0.007958 0.000000 0.006866 0.010242 0.004319 0.009224 0.005654 0.006413 0.011149 0.009704 0.008127 0.007715 0.012298 0.009659 0.003897 0.005681 0.015695 
0.000171 0.000617 0.000163 0.001440 0.000056 0.000000 0.000068 0.000181 0.003154 0.008052 0.008820 0.004116 0.000244 0.000000 0.000335 0.002235 0.001903 0.001696 0.001457 0.001899 0.000488 0.001146 0.000744 0.004703 0.001059 0.000051 0.000086 0.002966 0.000000 0.000000 0.000045 0.000000 0.029967 0.031043 0.014406 0.028457 0.000000 0.000239 0.000277 0.001199 0.000706 0.000758 0.001071 0.003578 0.001488 0.001098 0.001265 0.007310 0.000619 0.000055 0.000077 0.001836 0.000000 0.000066 0.000000 0.000198 0.003059 0.011002 0.010206 0.011272 0.000000 0.000037 0.000461 0.000355 0.002234 0.003701 0.001214 0.006845 0.000000 0.000506 0.000409 0.000937 0.017005 0.005427 0.001545 0.116789 0.013234 0.000266 0.000572 0.022665 0.175292 0.119541 0.138612 0.116400 0.000902 0.000180 0.000310 0.002461 0.001648 0.003308 0.002803 0.004746 0.002305 0.003557 0.000967 0.023619 
0.514282 0.485718 
0.849212 0.150788 
0.944153 0.055847 
0.890202 0.109798 
0.057864 0.942136 
0.210112 0.789888 
0.143772 0.856228 
0.523419 0.476581 
0.738144 0.261856 
0.513137 0.486863 
0.535154 0.464846 
0.983613 0.016387 
0.845440 0.154560 
0.959916 0.040084 
0.883233 0.116767 
0.409674 0.590326 
0.823697 0.176303 
0.961212 0.038788 
0.120788 0.879212 
0.941579 0.058421 
0.946934 0.053066 
0.195268 0.804732 
0.927743 0.072257 
0.541339 0.458661 
0.877544 0.122456 
0.832171 0.167829 
0.849667 0.150333 
0.952100 0.047900 
0.777290 0.222710 
0.917281 0.082719 
0.015827 0.984173 
0.980179 0.019821 
0.583581 0.416419 
0.894753 0.105247 
0.141319 0.858681 
0.954594 0.045406 
0.890753 0.109247 
0.968918 0.031082 
0.807821 0.192179 
0.707888 0.292112 
0.934761 0.065239 
0.822149 0.177851 
0.955001 0.044999 
0.911317 0.088683 
0.414505 0.585495 
0.185911 0.814089 
0.362607 0.637393 
0.922225 0.077775 
0.901863 0.098137 
0.988853 0.011147 
0.921592 0.078408 
0.527657 0.472343 
0.008343 0.991657 
0.968817 0.031183 
0.273490 0.726510 
0.940936 0.059064 
0.933622 0.066378 
0.942357 0.057643 
0.896477 0.103523 
0.263124 0.736876 
0.852077 0.147923 
0.477472 0.522528 
0.407952 0.592048 
0.031093 0.968907 
0.843140 0.156860 
0.916130 0.083870 
0.902071 0.097929 
0.743792 0.256208 
0.459299 0.540701 
0.927721 0.072279 
0.622642 0.377358 
0.904559 0.095441 
0.917879 0.082121 
0.638433 0.361567 
0.522825 0.477175 
0.860671 0.139329 
0.957951 0.042049 
0.003771 0.996229 
0.657704 0.342296 
0.965106 0.034894 
0.763480 0.236520 
0.880631 0.119369 
0.744091 0.255909 
0.582412 0.417588 
0.875549 0.124451 
0.618081 0.381919 
0.941408 0.058592 
0.337362 0.662638 
0.904945 0.095055 
0.943826 0.056174 
0.549563 0.450437 
0.587955 0.412045 
0.163266 0.836734 
0.958626 0.041374 
0.389687 0.610313 
0.983787 0.016213 
0.035110 0.964890 
0.188698 0.811302 
0.005453 0.994547 
0.908088 0.091912 
0.612874 0.387126 
0.824764 0.175236 
0.444740 0.555260 
0.418027 0.581973 
0.620191 0.379809 
0.195222 0.804778 
0.856247 0.143753 
0.789588 0.210412 
0.950978 0.049022 
0.890685 0.109315 
0.735689 0.264311 
0.966757 0.033243 
0.434123 0.565877 
0.836817 0.163183 
0.967360 0.032640 
0.857106 0.142894 
0.562235 0.437765 
0.970599 0.029401 
0.882901 0.117099 
0.973164 0.026836 
0.670864 0.329136 
0.959333 0.040667 
0.311224 0.688776 
0.678481 0.321519 
0.394240 0.605760 
0.795356 0.204644 
0.956398 0.043602 
0.932953 0.067047 
0.381589 0.618411 
0.808756 0.191244 
0.732311 0.267689 
0.944202 0.055798 
0.210205 0.789795 
0.505797 0.494203 
0.615080 0.384920 
0.717518 0.282482 
0.840536 0.159464 
0.115818 0.884182 
0.979386 0.020614 
0.784823 0.215177 
0.977108 0.022892 
0.958607 0.041393 
0.322752 0.677248 
0.935186 0.064814 
0.608723 0.391277 
0.966195 0.033805 
0.985289 0.014711 
0.969146 0.030854 
0.898652 0.101348 
0.928564 0.071436 
0.946427 0.053573 
0.162216 0.837784 
0.948276 0.051724 
0.469932 0.530068 
0.957192 0.042808 
0.029894 0.970106 
0.354376 0.645624 
0.252970 0.747030 
0.673945 0.326055 
0.836357 0.163643 
0.974861 0.025139 
0.983634 0.016366 
0.958103 0.041897 
0.978213 0.021787 
0.817843 0.182157 
0.968754 0.031246 
0.950391 0.049609 
0.957328 0.042672 
0.901809 0.098191 
0.628451 0.371549 
0.948816 0.051184 
0.966313 0.033687 
0.821776 0.178224 
0.961553 0.038447 
0.960458 0.039542 
0.015072 0.984928 
0.919517 0.080483 
0.714640 0.285360 
0.926148 0.073852 
0.698239 0.301761 
0.962900 0.037100 
0.055634 0.944366 
0.972506 0.027494 
0.939817 0.060183 
0.831338 0.168662 
0.281601 0.718399 
0.391732 0.608268 
0.442344 0.557656 
0.538978 0.461022 
0.959305 0.040695 
0.632700 0.367300 
0.955478 0.044522 
0.150046 0.849954 
0.498747 0.501253 
0.986477 0.013523 
0.595872 0.404128 
0.355752 0.644248 
0.821121 0.178879 
0.847898 0.152102 
0.694303 0.305697 
1.16407 0.596053 
