-406255.044281
0
0.000000 0.000000 0.000000 0.000000 0.000000 0.000212 0.000000 0.000000 0.004889 0.011160 0.002291 0.003198 0.000702 0.000101 0.000816 0.001498 0.000389 0.000000 0.000541 0.000957 0.000000 0.000000 0.000353 0.000000 0.000597 0.000000 0.000000 0.000647 0.000000 0.000000 0.000273 0.000000 0.044650 0.051451 0.013725 0.041893 0.000000 0.000806 0.000000 0.000667 0.000623 0.000000 0.000000 0.001833 0.000000 0.000000 0.000595 0.000000 0.000649 0.000000 0.000000 0.000297 0.000000 0.000000 0.000000 0.000000 0.003700 0.011433 0.001606 0.008675 0.000000 0.000000 0.000143 0.000333 0.000000 0.000255 0.000469 0.004736 0.000000 0.000252 0.001146 0.000001 0.008688 0.003160 0.000858 0.023952 0.018376 0.000363 0.000828 0.032294 0.244044 0.179319 0.105429 0.154991 0.000000 0.000517 0.000426 0.000425 0.000562 0.000427 0.001216 0.001657 0.000000 0.001013 0.000367 0.002523 
0.018157 0.014715 0.003890 0.014174 0.008874 0.004890 0.001635 0.007964 0.018221 0.009050 0.040238 0.012800 0.007530 0.005545 0.007322 0.010335 0.016398 0.007463 0.014371 0.014054 0.005894 0.002110 0.004331 0.006751 0.018626 0.020055 0.003112 0.024715 0.006435 0.005393 0.001878 0.008241 0.012319 0.008966 0.028737 0.014265 0.005274 0.007971 0.010693 0.010059 0.007753 0.008887 0.012579 0.011336 0.003877 0.003652 0.006746 0.014201 0.014152 0.013660 0.004338 0.013684 0.004048 0.005314 0.001200 0.006408 0.018969 0.019670 0.037252 0.017331 0.004246 0.003784 0.005651 0.006249 0.009151 0.007501 0.008078 0.009712 0.001332 0.001291 0.005054 0.005300 0.021678 0.017453 0.003260 0.055450 0.003297 0.006662 0.001015 0.006761 0.000000 0.005759 0.031024 0.005201 0.008597 0.004753 0.005956 0.011217 0.009315 0.008435 0.007577 0.011722 0.008716 0.004121 0.005500 0.020676 
0.634352 0.365648 
0.261794 0.738206 
0.331817 0.668183 
0.046522 0.953478 
0.023139 0.976861 
0.045892 0.954108 
0.808160 0.191840 
0.407836 0.592164 
0.112136 0.887864 
0.300873 0.699127 
0.051066 0.948934 
0.031665 0.968335 
0.780515 0.219485 
0.037023 0.962977 
0.064936 0.935064 
0.020916 0.979084 
0.411958 0.588042 
0.512730 0.487270 
0.065976 0.934024 
0.272444 0.727556 
0.038170 0.961830 
0.264947 0.735053 
0.053281 0.946719 
0.422353 0.577647 
0.043115 0.956885 
0.379247 0.620753 
0.026710 0.973290 
0.103246 0.896754 
0.085775 0.914225 
0.017811 0.982189 
0.161669 0.838331 
0.084394 0.915606 
0.094779 0.905221 
0.974856 0.025144 
0.094768 0.905232 
0.246742 0.753258 
0.253985 0.746015 
0.025509 0.974491 
0.104464 0.895536 
0.010921 0.989079 
0.807961 0.192039 
0.595743 0.404257 
0.070778 0.929222 
0.113591 0.886409 
0.263791 0.736209 
0.217708 0.782292 
0.146650 0.853350 
0.723327 0.276673 
0.000616 0.999384 
0.845885 0.154115 
0.215241 0.784759 
0.050539 0.949461 
0.001590 0.998410 
0.277747 0.722253 
0.467589 0.532411 
0.075568 0.924432 
0.252787 0.747213 
0.036901 0.963099 
0.242771 0.757229 
0.061694 0.938306 
0.035589 0.964411 
0.508413 0.491587 
0.180250 0.819750 
0.017634 0.982366 
0.273265 0.726735 
0.303087 0.696913 
0.042117 0.957883 
0.046897 0.953103 
0.696945 0.303055 
0.124240 0.875760 
0.058510 0.941490 
0.058549 0.941451 
0.606596 0.393404 
0.659935 0.340065 
0.465947 0.534053 
0.048031 0.951969 
0.649001 0.350999 
0.030879 0.969121 
0.067550 0.932450 
0.083455 0.916545 
0.759857 0.240143 
0.017935 0.982065 
0.150044 0.849956 
0.086126 0.913874 
0.002846 0.997154 
0.116847 0.883153 
0.073492 0.926508 
0.003899 0.996101 
0.036168 0.963832 
0.053491 0.946509 
0.103087 0.896913 
0.821418 0.178582 
0.128249 0.871751 
0.319880 0.680120 
0.018148 0.981852 
0.155341 0.844659 
0.074268 0.925732 
0.000661 0.999339 
0.223536 0.776464 
0.550973 0.449027 
0.027265 0.972735 
0.354672 0.645328 
0.394068 0.605932 
0.125426 0.874574 
0.157870 0.842130 
0.099912 0.900088 
0.786558 0.213442 
0.065314 0.934686 
0.251499 0.748501 
0.058813 0.941187 
0.052668 0.947332 
0.151627 0.848373 
0.115193 0.884807 
0.040374 0.959626 
0.456769 0.543231 
0.179128 0.820872 
0.024365 0.975635 
0.001711 0.998289 
0.409964 0.590036 
0.352041 0.647959 
0.293392 0.706608 
0.149123 0.850877 
0.201239 0.798761 
0.097216 0.902784 
0.581522 0.418478 
0.001028 0.998972 
0.090517 0.909483 
0.024627 0.975373 
0.010164 0.989836 
0.566539 0.433461 
0.132757 0.867243 
0.039879 0.960121 
0.092703 0.907297 
0.078725 0.921275 
0.036136 0.963864 
0.118133 0.881867 
0.065419 0.934581 
0.053592 0.946408 
0.085825 0.914175 
0.044214 0.955786 
0.931171 0.068829 
0.721136 0.278864 
0.030247 0.969753 
0.053787 0.946213 
0.364039 0.635961 
0.056806 0.943194 
0.001344 0.998656 
0.723218 0.276782 
0.215979 0.784021 
0.376795 0.623205 
0.001143 0.998857 
0.677614 0.322386 
0.090271 0.909729 
0.291899 0.708101 
0.172816 0.827184 
0.885717 0.114283 
0.008531 0.991469 
0.015672 0.984328 
0.010246 0.989754 
0.183732 0.816268 
0.994144 0.005856 
0.164628 0.835372 
0.627605 0.372395 
0.050288 0.949712 
0.009622 0.990378 
0.126995 0.873005 
0.042770 0.957230 
0.038541 0.961459 
0.043588 0.956412 
0.243849 0.756151 
0.026681 0.973319 
0.063260 0.936740 
0.064888 0.935112 
0.136285 0.863715 
0.056248 0.943752 
0.039512 0.960488 
0.013740 0.986260 
0.303019 0.696981 
0.518321 0.481679 
0.022881 0.977119 
0.023201 0.976799 
0.406824 0.593176 
0.122556 0.877444 
0.009909 0.990091 
0.416441 0.583559 
0.110715 0.889285 
0.013806 0.986194 
0.766633 0.233367 
0.042508 0.957492 
0.162251 0.837749 
0.076630 0.923370 
0.082348 0.917652 
0.045948 0.954052 
0.038285 0.961715 
0.800779 0.199221 
0.073590 0.926410 
0.677553 0.322447 
0.094113 0.905887 
0.216461 0.783539 
0.111231 0.888769 
0.462028 0.537972 
0.134458 0.865542 
0.129615 0.870385 
0.692811 0.307189 
0.042172 0.957828 
0.531653 0.468347 
0.556550 0.443450 
0.757804 0.242196 
0.148605 0.851395 
0.027291 0.972709 
0.567590 0.432410 
0.028923 0.971077 
0.000766 0.999234 
0.057712 0.942288 
0.085415 0.914585 
0.037579 0.962421 
0.033743 0.966257 
0.010957 0.989043 
0.208908 0.791092 
0.149413 0.850587 
0.001320 0.998680 
0.797368 0.202632 
0.021083 0.978917 
0.038228 0.961772 
0.043924 0.956076 
0.040018 0.959982 
0.321009 0.678991 
0.544537 0.455463 
0.212238 0.787762 
0.130449 0.869551 
0.038464 0.961536 
0.066898 0.933102 
0.814597 0.185403 
0.439510 0.560490 
0.211086 0.788914 
0.016472 0.983528 
0.523101 0.476899 
0.059861 0.940139 
0.081831 0.918169 
0.327476 0.672524 
0.027541 0.972459 
0.103231 0.896769 
0.039177 0.960823 
0.189776 0.810224 
0.092597 0.907403 
0.200159 0.799841 
0.921602 0.078398 
0.013635 0.986365 
0.138824 0.861176 
0.779223 0.220777 
0.065731 0.934269 
0.037752 0.962248 
0.737764 0.262236 
0.785102 0.214898 
0.199254 0.800746 
0.580539 0.419461 
0.366616 0.633384 
0.022175 0.977825 
0.170571 0.829429 
0.565132 0.434868 
0.878737 0.121263 
0.074402 0.925598 
0.138066 0.861934 
0.695946 0.304054 
0.000825 0.999175 
0.244992 0.755008 
0.163746 0.836254 
0.033546 0.966454 
0.299676 0.700324 
0.572828 0.427172 
0.748361 0.251639 
0.298317 0.701683 
0.368036 0.631964 
0.960182 0.039818 
0.071666 0.928334 
0.001296 0.998704 
0.041274 0.958726 
0.306210 0.693790 
0.017922 0.982078 
0.406998 0.593002 
0.108111 0.891889 
0.895732 0.104268 
0.111975 0.888025 
0.022845 0.977155 
0.372061 0.627939 
0.001518 0.998482 
0.282746 0.717254 
0.436514 0.563486 
0.173941 0.826059 
0.063698 0.936302 
0.014358 0.985642 
0.371495 0.628505 
0.015316 0.984684 
0.079807 0.920193 
0.082494 0.917506 
0.066341 0.933659 
0.145263 0.854737 
0.097389 0.902611 
0.079263 0.920737 
0.081204 0.918796 
0.049259 0.950741 
0.018166 0.981834 
0.093711 0.906289 
0.029799 0.970201 
0.075419 0.924581 
0.776570 0.223430 
0.440270 0.559730 
0.041871 0.958129 
0.340480 0.659520 
0.303336 0.696664 
0.627344 0.372656 
0.051748 0.948252 
0.147441 0.852559 
0.028131 0.971869 
0.051851 0.948149 
0.019064 0.980936 
0.582542 0.417458 
0.160450 0.839550 
0.556205 0.443795 
0.314920 0.685080 
0.012140 0.987860 
0.900936 0.099064 
0.168238 0.831762 
0.020708 0.979292 
0.968679 0.031321 
0.159521 0.840479 
0.125045 0.874955 
0.050438 0.949562 
0.374331 0.625669 
0.026376 0.973624 
0.285524 0.714476 
0.489504 0.510496 
0.009470 0.990530 
0.034602 0.965398 
0.044134 0.955866 
0.029405 0.970595 
0.194223 0.805777 
0.261344 0.738656 
0.000615 0.999385 
0.000450 0.999550 
0.016880 0.983120 
0.296228 0.703772 
0.500085 0.499915 
0.376418 0.623582 
0.011151 0.988849 
0.151972 0.848028 
0.764364 0.235636 
0.004716 0.995284 
0.832085 0.167915 
0.648682 0.351318 
0.009895 0.990105 
0.002552 0.997448 
0.835771 0.164229 
0.017068 0.982932 
0.013522 0.986478 
0.288903 0.711097 
0.130709 0.869291 
0.302328 0.697672 
0.026346 0.973654 
0.173564 0.826436 
0.030830 0.969170 
0.022589 0.977411 
0.031562 0.968438 
0.035986 0.964014 
0.240110 0.759890 
0.449015 0.550985 
0.656355 0.343645 
0.085301 0.914699 
0.047479 0.952521 
0.028906 0.971094 
0.032298 0.967702 
0.001500 0.998500 
0.107036 0.892964 
0.228173 0.771827 
0.001199 0.998801 
0.192681 0.807319 
0.018937 0.981063 
0.203590 0.796410 
0.051532 0.948468 
0.017908 0.982092 
0.039974 0.960026 
0.416604 0.583396 
0.113098 0.886902 
0.020696 0.979304 
0.857579 0.142421 
0.407985 0.592015 
0.151485 0.848515 
0.920812 0.079188 
0.085569 0.914431 
0.037244 0.962756 
0.164824 0.835176 
0.000544 0.999456 
0.075805 0.924195 
0.944714 0.055286 
0.989133 0.010867 
0.077506 0.922494 
0.974088 0.025912 
0.091761 0.908239 
0.100895 0.899105 
0.809879 0.190121 
0.952378 0.047622 
0.186202 0.813798 
0.024757 0.975243 
0.015152 0.984848 
0.137268 0.862732 
0.241206 0.758794 
0.575585 0.424415 
0.544031 0.455969 
0.156159 0.843841 
0.558109 0.441891 
0.078771 0.921229 
0.046774 0.953226 
0.730075 0.269925 
0.059935 0.940065 
0.216221 0.783779 
0.115498 0.884502 
0.071548 0.928452 
0.018758 0.981242 
0.230460 0.769540 
0.108918 0.891082 
0.267755 0.732245 
0.822047 0.177953 
0.475547 0.524453 
0.790047 0.209953 
0.066834 0.933166 
0.326384 0.673616 
0.908619 0.091381 
0.101135 0.898865 
0.958075 0.041925 
0.110472 0.889528 
0.062628 0.937372 
0.138915 0.861085 
0.054731 0.945269 
0.646228 0.353772 
0.053556 0.946444 
0.019238 0.980762 
0.422007 0.577993 
0.091241 0.908759 
0.823372 0.176628 
0.796425 0.203575 
0.407559 0.592441 
0.021541 0.978459 
0.957934 0.042066 
0.078208 0.921792 
0.911943 0.088057 
0.781427 0.218573 
0.174637 0.825363 
0.192939 0.807061 
0.045661 0.954339 
0.364324 0.635676 
0.155969 0.844031 
0.083754 0.916246 
0.022563 0.977437 
0.132655 0.867345 
0.494296 0.505704 
0.710679 0.289321 
0.070943 0.929057 
0.034640 0.965360 
0.001037 0.998963 
0.574006 0.425994 
0.016064 0.983936 
0.124164 0.875836 
0.624468 0.375532 
0.026472 0.973528 
0.882769 0.117231 
0.765169 0.234831 
0.041821 0.958179 
0.696371 0.303629 
0.037102 0.962898 
0.119494 0.880506 
0.001774 0.998226 
0.232141 0.767859 
0.033361 0.966639 
0.287776 0.712224 
0.102669 0.897331 
0.128745 0.871255 
0.145554 0.854446 
0.127920 0.872080 
0.069806 0.930194 
0.037533 0.962467 
0.587129 0.412871 
0.213165 0.786835 
0.103088 0.896912 
0.186470 0.813530 
0.237486 0.762514 
0.083109 0.916891 
0.067129 0.932871 
0.092612 0.907388 
0.011757 0.988243 
0.134623 0.865377 
0.017984 0.982016 
0.012319 0.987681 
0.799519 0.200481 
0.576639 0.423361 
0.075594 0.924406 
0.049932 0.950068 
0.242719 0.757281 
0.621048 0.378952 
0.103422 0.896578 
0.186564 0.813436 
0.531473 1.46724 
