-284969.984357
-284969.984357
-274641.405615
-274641.405615
-271554.685742
-271554.685742
-269249.429786
-269249.429786
-267201.939366
-267201.939366
-263530.031382
-263530.031382
-261826.168231
-261826.168231
-253091.933390
-253091.933390
-251692.976691
-251692.976691
-250419.105276
-250419.105276
-249298.081544
-249298.081544
-244619.354105
-244619.354105
-243824.731289
-243824.731289
-243148.607087
-243148.607087
-238677.492609
-238677.492609
-238141.860196
-238141.860196
-233695.931103
-233695.931103
-233267.627474
-233267.627474
-232879.663679
-232879.663679
-230550.332365
-230550.332365
-230222.849100
-230222.849100
-225976.710386
-225976.710386
-223783.413468
-223783.413468
-223544.688982
-223544.688982
-223325.266272
-223325.266272
-221093.098471
-221093.098471
-220904.886050
-220904.886050
-220736.320333
-220736.320333
-220584.641468
-220584.641468
-220446.235997
-220446.235997
-220322.654134
-220322.654134
-220208.778727
-220208.778727
-220104.686901
-220104.686901
-220008.747159
-220008.747159
-219921.723133
-219921.723133
-219840.978714
-219840.978714
-217864.885842
-217864.885842
-217793.004800
-217793.004800
-217730.919548
-217730.919548
-217677.306299
-217677.306299
-217626.839351
-217626.839351
-217581.062798
-217581.062798
-217536.801014
-217536.801014
-217495.213845
-217495.213845
-217459.154824
-217459.154824
-217424.077422
-217424.077422
-217393.849190
-217393.849190
-217364.415017
-217364.415017
-217336.328310
-217336.328310
-217308.190620
-217308.190620
-217280.917742
-217280.917742
-217255.075050
-217255.075050
-217233.180280
-217233.180280
-217211.481010
-217211.481010
-217191.717650
-217191.717650
-217170.937594
-217170.937594
-217151.445733
-217151.445733
-215480.315825
-215480.315825
-215425.871782
-215425.871782
-215393.442418
-215393.442418
-215368.048469
-215368.048469
-215346.900959
-215346.900959
-215328.961890
-215328.961890
-213663.924777
-213663.924777
-213617.427565
-213617.427565
-213591.558340
-213591.558340
-213570.822231
-213570.822231
-213552.342549
-213552.342549
-213535.344149
-213535.344149
-213520.424129
-213520.424129
-213507.318408
-213507.318408
-213495.621263
-213495.621263
-213483.669783
-213483.669783
-213472.715517
-213472.715517
-213462.473825
-213462.473825
-213453.038873
-213453.038873
-213444.290638
-213444.290638
-213434.621188
-213434.621188
-213424.194093
-213424.194093
-213415.185020
-213415.185020
-213406.629170
-213406.629170
-213398.843897
-213398.843897
-213390.904489
-213390.904489
-213383.435743
-213383.435743
-211668.662832
-211668.662832
-211636.733569
-211636.733569
-211620.859277
-211620.859277
-211609.861967
-211609.861967
-211600.866973
-211600.866973
-211593.475957
-211593.475957
-211587.050302
-211587.050302
-211581.275968
-211581.275968
-211575.441451
-211575.441451
-211569.759341
-211569.759341
-211565.046443
-211565.046443
-211560.623156
-211560.623156
-211556.631311
-211556.631311
-211552.177377
-211552.177377
-211548.869353
-211548.869353
-211545.192823
-211545.192823
-211542.159351
-211542.159351
-211539.793875
-211539.793875
-211537.682965
-211537.682965
-211535.549844
-211535.549844
-211533.226323
-211533.226323
-211530.498086
-211530.498086
-211526.925045
-211526.925045
-211522.800640
-211522.800640
-211518.820007
-211518.820007
-211515.005811
-211515.005811
-211512.149082
-211512.149082
-211509.610229
-211509.610229
-211506.880181
-211506.880181
-211504.446047
-211504.446047
-211502.138176
-211502.138176
-211498.942846
-211498.942846
-209754.215067
-209754.215067
-209739.559622
-209739.559622
-209734.998626
-209734.998626
-209731.800089
-209731.800089
-209729.561181
-209729.561181
-209727.773196
-209727.773196
-209726.085367
-209726.085367
-209724.423119
-209724.423119
-209723.021890
-209723.021890
-209721.752437
-209721.752437
-209720.481058
-209720.481058
-209719.161548
-209719.161548
-209717.723776
-209717.723776
-209716.058285
-209716.058285
-209714.292740
-209714.292740
-209712.551564
-209712.551564
-209710.405930
-209710.405930
-209708.485220
-209708.485220
-209706.482033
-209706.482033
-209704.705633
-209704.705633
-209703.616396
-209703.616396
-209702.707903
-209702.707903
-209701.538658
-209701.538658
-209700.299077
-209700.299077
-209699.589992
-209699.589992
-209699.072089
-209699.072089
-209698.565260
-209698.565260
-209698.056513
-209698.056513
-209697.538747
-209697.538747
-209697.000402
-209697.000402
-209696.419474
-209696.419474
-209695.749999
-209695.749999
-209694.926921
-209694.926921
-209694.220293
-209694.220293
-209693.817393
-209693.817393
-209693.446915
-209693.446915
-209693.083687
-209693.083687
-209692.725053
-209692.725053
-209692.370254
-209692.370254
-209692.018728
-209692.018728
-209691.669930
-209691.669930
-209691.323313
-209691.323313
-209690.978314
-209690.978314
-209690.634348
-209690.634348
-209690.290802
-209690.290802
-209689.947022
-209689.947022
-209689.602308
-209689.602308
-209689.255893
-209689.255893
-209688.906930
-209688.906930
-209688.554472
-209688.554472
-209688.197442
-209688.197442
-209687.834596
-209687.834596
-209687.464475
-209687.464475
-209687.085336
-209687.085336
-209686.695053
-209686.695053
-209686.290979
-209686.290979
-209685.869726
-209685.869726
-209685.426832
-209685.426832
-209684.956201
-209684.956201
-209684.449128
-209684.449128
-209683.892454
-209683.892454
-209683.264740
-209683.264740
-209682.527231
-209682.527231
-209681.598526
-209681.598526
-209680.266663
-209680.266663
-209677.946357
-209677.946357
-209676.104919
-209676.104919
-209673.855153
-209673.855153
-209672.483288
-209672.483288
-209671.003506
-209671.003506
-209670.619240
-209670.619240
-209670.266526
-209670.266526
-209669.882884
-209669.882884
-209669.451753
-209669.451753
-209668.950944
-209668.950944
-209668.339714
-209668.339714
-209667.531396
-209667.531396
-209666.324107
-209666.324107
-209664.718506
-209664.718506
-209663.839014
-209663.839014
-209663.062838
-209663.062838
-209662.176092
-209662.176092
-209661.151407
-209661.151407
-209660.015409
-209660.015409
-209659.236378
-209659.236378
-209658.323953
-209658.323953
-209657.749667
-209657.749667
-209657.309990
-209657.309990
-209656.650195
-209656.650195
-209655.547648
-209655.547648
-209654.943199
-209654.943199
-209654.547231
-209654.547231
-209654.064368
-209654.064368
-209653.326257
-209653.326257
-209652.827767
-209652.827767
-209652.646609
-209652.646609
-209652.494025
-209652.494025
-209652.338982
-209652.338982
-209652.177376
-209652.177376
-209652.007506
-209652.007506
-209651.827502
-209651.827502
-209651.634928
-209651.634928
-209651.426483
-209651.426483
-209651.197515
-209651.197515
-209650.941175
-209650.941175
-209650.646765
-209650.646765
-209650.296195
-209650.296195
-209649.855210
-209649.855210
-209649.246803
-209649.246803
-209648.247679
-209648.247679
-209646.590814
-209646.590814
-209644.660095
-209644.660095
-209643.537091
-209643.537091
-209642.380463
-209642.380463
-209642.197122
-209642.197122
-209642.082528
-209642.082528
-209641.970267
-209641.970267
-209641.856005
-209641.856005
-209641.738846
-209641.738846
-209641.618124
-209641.618124
-209641.493047
-209641.493047
-209641.362611
-209641.362611
-209641.225485
-209641.225485
-209641.079846
-209641.079846
-209640.923079
-209640.923079
-209640.751220
-209640.751220
-209640.557821
-209640.557821
-209640.331347
-209640.331347
-209640.048196
-209640.048196
-209639.649581
-209639.649581
-209638.944217
-209638.944217
-209637.936175
-209637.936175
-209637.134000
-209637.134000
-209636.882576
-209636.882576
-209636.755928
-209636.755928
-209636.625969
-209636.625969
-209636.490238
-209636.490238
-209636.347675
-209636.347675
-209636.196984
-209636.196984
-209636.036515
-209636.036515
-209635.864118
-209635.864118
-209635.676905
-209635.676905
-209635.470858
-209635.470858
-209635.240128
-209635.240128
-209634.975686
-209634.975686
-209634.662418
-209634.662418
-209634.271941
-209634.271941
-209633.741159
-209633.741159
-209632.898056
-209632.898056
-209631.607402
-209631.607402
-209630.713381
-209630.713381
-209629.586826
-209629.586826
-209628.427299
-209628.427299
-209627.151849
-209627.151849
-209626.583610
-209626.583610
-209625.780017
-209625.780017
-209625.588316
-209625.588316
-209625.383299
-209625.383299
-209625.151212
-209625.151212
-209624.880211
-209624.880211
-209624.548204
-209624.548204
-209624.105562
-209624.105562
-209623.406582
-209623.406582
-209622.132193
-209622.132193
-209621.397732
-209621.397732
-209620.633909
-209620.633909
-209620.121956
-209620.121956
-209619.276759
-209619.276759
-209617.698084
-209617.698084
-209616.230383
-209616.230383
-209615.413721
-209615.413721
-209615.214452
-209615.214452
-209615.074525
-209615.074525
-209614.916911
-209614.916911
-209614.730777
-209614.730777
-209614.502142
-209614.502142
-209614.205423
-209614.205423
-209613.786917
-209613.786917
-209613.112944
-209613.112944
-209611.835734
-209611.835734
-209610.571330
-209610.571330
-209610.270978
-209610.270978
-209610.195877
-209610.195877
-209610.131044
-209610.131044
-209610.062936
-209610.062936
-209609.990045
-209609.990045
-209609.911167
-209609.911167
-209609.824739
-209609.824739
-209609.728594
-209609.728594
-209609.619579
-209609.619579
-209609.492825
-209609.492825
-209609.340207
-209609.340207
-209609.146653
-209609.146653
-209608.879720
-209608.879720
-209608.453893
-209608.453893
-209607.633409
-209607.633409
-209606.962374
-209606.962374
-209606.728103
-209606.728103
-209606.627860
-209606.627860
-209606.515514
-209606.515514
-209606.377202
-209606.377202
-209606.197660
-209606.197660
-209605.945408
-209605.945408
-209605.540847
-209605.540847
-209604.761041
-209604.761041
-209603.985860
-209603.985860
-209603.652602
-209603.652602
-209603.358527
-209603.358527
-209602.764101
-209602.764101
-209601.952910
-209601.952910
-209601.712981
-209601.712981
-209601.688569
-209601.688569
-209601.676796
-209601.676796
-209601.665620
-209601.665620
-209601.654717
-209601.654717
-209601.644058
-209601.644058
-209601.633629
-209601.633629
-209601.623417
-209601.623417
-209601.613410
-209601.613410
-209601.603598
-209601.603598
