100 96
5 9 4 10 2 1 0 0 3 18 2 5 4 0 3 3 6 3 0 4 1 3 2 7 9 8 0 8 2 3 4 1 31 49 14 50 4 2 9 4 1 3 2 7 3 0 3 11 4 9 3 10 1 2 1 1 2 19 11 19 1 0 3 0 6 7 2 10 0 2 1 3 15 15 2 96 0 3 0 1 45 151 113 54 1 0 3 5 3 5 3 3 3 5 4 30 
13 13 2 16 7 5 5 17 21 11 86 19 6 8 5 11 17 1 11 19 1 1 8 2 16 9 0 8 6 7 1 12 20 19 41 13 3 12 4 13 5 10 11 10 2 7 2 9 8 4 0 6 7 9 1 5 25 20 51 12 2 0 7 3 11 5 4 9 3 2 7 3 8 14 3 22 9 10 0 14 19 17 40 16 8 8 5 9 10 7 4 7 0 6 9 6 
18 15 0 20 22 8 4 10 16 7 7 15 9 4 8 13 14 6 15 18 6 2 5 3 20 12 1 20 15 9 4 21 15 4 6 13 7 8 9 8 9 14 9 15 5 5 7 20 12 12 2 13 11 5 1 19 12 10 3 12 5 5 7 1 10 9 6 6 5 6 14 6 20 9 2 37 16 8 1 25 9 19 22 10 7 6 11 10 11 12 9 15 9 5 8 26 
4 10 0 8 3 3 0 2 17 9 27 5 11 3 7 20 24 9 16 29 30 2 4 16 13 2 0 6 3 1 0 1 12 1 17 7 2 4 4 5 16 6 15 24 18 6 7 37 16 7 0 11 1 4 0 4 5 5 22 9 1 5 2 1 8 12 11 9 5 1 7 19 21 9 1 32 4 1 0 7 24 10 9 25 21 0 18 18 11 24 8 20 39 7 6 54 
14 13 1 11 4 1 1 3 23 6 63 14 7 9 8 6 11 7 16 10 2 0 2 5 24 17 5 42 1 1 1 1 10 6 56 18 5 7 3 11 7 14 11 12 1 2 9 9 11 10 2 18 0 3 0 6 50 40 64 33 1 4 3 6 7 9 4 6 2 1 3 5 14 7 0 31 0 2 0 7 3 5 37 15 6 4 3 14 8 4 8 11 0 6 4 13 
2 1 0 3 0 0 0 1 7 4 4 3 1 1 0 3 0 0 1 2 1 1 0 0 2 0 0 2 3 1 0 1 15 8 6 8 0 1 0 2 2 1 0 1 2 0 0 1 3 0 1 0 0 0 0 1 4 3 3 3 1 0 2 0 2 0 0 3 1 0 1 1 20 6 5 60 32 0 1 58 330 79 67 200 0 0 2 1 2 3 2 3 1 0 0 8 
6 10 2 4 0 2 1 3 11 18 23 5 2 4 2 0 7 2 5 4 0 1 1 1 12 16 4 27 3 3 0 5 52 56 45 48 2 4 2 2 3 1 5 5 1 3 3 1 13 5 3 5 2 3 1 1 17 31 43 19 2 2 4 2 5 1 3 4 0 2 3 1 3 10 3 12 1 2 2 1 59 170 70 52 2 0 1 6 2 4 5 0 0 2 1 3 
7 14 1 11 19 10 3 11 13 10 15 11 8 4 4 17 19 9 12 24 11 2 9 11 15 11 2 17 12 10 3 12 9 6 10 15 4 9 14 15 5 16 14 18 11 10 8 24 7 12 1 12 5 5 1 14 20 11 7 17 4 1 5 7 12 6 6 11 2 4 9 9 13 14 0 23 6 13 0 25 6 18 6 15 11 2 13 11 13 13 7 12 25 8 9 24 
19 13 2 19 20 13 7 25 14 14 33 13 12 4 5 9 13 8 18 13 2 1 8 10 19 12 1 20 10 16 8 24 7 10 30 12 1 11 10 9 4 12 3 6 0 5 7 10 11 8 0 10 6 9 1 18 17 13 23 10 2 5 5 12 12 6 3 6 0 7 8 5 20 15 2 12 12 13 0 20 9 18 15 11 5 4 7 10 17 14 3 14 5 5 18 12 
7 8 1 8 5 2 0 5 23 5 49 13 13 7 6 10 17 7 18 21 15 3 4 17 13 5 3 18 3 2 0 3 5 10 40 9 8 8 5 3 12 5 25 25 11 4 11 26 7 13 0 4 2 1 0 3 18 31 47 24 0 0 1 1 14 12 12 8 5 2 1 14 16 12 0 26 4 1 0 5 9 8 16 10 11 1 4 10 11 13 9 23 25 4 7 37 
25 7 2 11 21 9 9 20 20 7 24 19 9 3 5 6 6 5 11 11 0 1 8 3 16 24 3 20 13 17 6 20 15 9 25 11 5 14 10 13 9 14 6 9 5 7 7 13 9 11 2 12 13 12 1 23 16 19 13 11 2 3 5 5 5 7 5 7 4 1 17 4 14 12 1 21 13 21 0 23 17 23 11 16 7 7 3 12 6 10 8 11 3 1 9 11 
31 26 19 12 8 3 1 7 8 6 2 11 12 5 6 6 12 7 10 14 5 1 1 3 37 47 8 31 7 11 5 8 18 9 6 20 3 12 27 9 9 6 16 14 4 1 7 10 30 32 17 25 2 10 8 8 11 7 5 11 6 6 17 4 12 4 6 3 1 0 3 3 33 36 11 32 3 7 0 5 16 12 0 9 9 5 11 5 3 5 2 3 8 2 3 8 
4 1 2 6 5 0 1 4 12 6 16 12 3 0 1 3 10 2 7 4 6 4 0 7 4 4 2 9 3 2 0 1 19 5 22 6 0 2 1 0 2 6 8 9 1 2 2 7 2 2 0 5 1 1 0 0 23 7 15 11 0 2 2 2 3 2 6 5 1 2 1 3 16 7 2 35 18 2 2 40 271 46 40 138 2 1 3 5 3 3 0 6 12 6 2 11 
1 3 0 4 4 2 0 4 17 24 27 12 3 1 0 9 9 4 8 12 8 1 0 5 6 11 2 17 0 1 1 1 28 47 48 46 4 1 2 1 6 6 13 6 5 6 2 18 5 5 1 6 1 3 0 0 13 39 57 29 0 2 4 1 4 3 4 5 0 1 3 5 13 6 0 14 2 2 0 0 51 131 56 29 5 1 1 2 5 5 5 8 18 3 3 13 
21 15 7 14 6 2 1 3 10 3 3 4 3 3 10 5 8 2 5 5 0 0 1 1 43 40 6 16 9 6 3 6 14 13 5 17 4 7 12 7 4 1 10 3 0 0 5 1 23 18 9 10 4 2 1 4 5 4 3 3 3 3 7 3 2 1 4 1 0 0 1 1 32 26 5 18 23 11 3 34 180 34 27 106 1 3 5 5 3 0 2 2 0 0 2 2 
9 7 2 9 8 3 1 10 20 16 51 16 8 8 8 3 35 9 20 28 2 3 7 3 11 9 7 28 4 1 2 6 18 17 29 16 2 8 4 6 9 14 14 14 1 5 8 8 12 10 3 7 4 2 1 9 37 28 51 26 3 2 5 3 12 11 11 12 0 0 2 2 7 13 3 18 3 6 2 7 17 24 20 10 7 2 3 10 13 12 9 12 5 3 5 9 
26 26 5 10 8 5 3 5 11 4 8 6 6 5 8 10 18 1 15 8 9 0 1 7 29 43 1 27 7 10 7 11 21 16 14 20 11 6 22 10 9 6 15 16 2 5 6 11 25 27 12 15 3 4 5 9 10 11 17 9 3 3 11 2 12 3 6 6 2 0 1 6 30 35 5 24 4 5 1 4 19 30 6 9 6 7 5 6 8 7 5 8 20 3 4 17 
0 0 0 0 1 0 0 1 14 3 4 3 0 0 0 1 0 1 1 2 0 0 1 0 1 0 0 0 0 0 0 1 16 9 10 7 0 2 0 0 1 1 0 1 0 0 0 1 0 1 1 0 0 0 0 0 6 2 1 1 0 0 1 0 0 0 0 1 0 0 0 0 17 4 0 13 43 0 0 52 412 85 53 217 0 0 0 1 1 0 0 1 3 0 0 2 
6 5 4 3 1 1 0 0 26 15 110 13 1 7 1 4 7 7 11 8 1 0 0 1 12 11 5 19 0 0 0 0 19 11 79 8 1 2 1 1 5 5 20 4 0 4 5 6 1 8 1 4 1 2 0 2 46 31 99 24 0 0 0 1 14 4 6 6 0 1 2 2 14 8 2 19 4 1 0 13 72 23 54 45 2 1 0 3 6 2 5 9 4 2 1 5 
11 11 1 6 1 2 0 1 17 7 10 5 0 0 3 3 3 4 6 1 0 2 1 0 15 19 3 23 1 1 0 3 16 8 23 17 2 2 6 1 1 3 7 0 0 0 2 1 7 14 5 9 2 5 1 1 34 18 19 15 0 2 2 1 4 1 2 4 0 0 1 0 13 12 2 16 19 4 1 48 225 49 49 147 2 1 1 0 1 3 6 2 2 0 0 1 
43 29 13 28 3 5 6 0 11 6 3 8 6 6 10 4 5 1 14 4 0 0 2 0 48 65 9 36 11 5 5 7 18 17 9 12 9 14 31 9 10 3 4 4 0 0 8 1 32 46 26 27 8 6 6 6 4 7 5 7 10 8 10 6 2 1 5 2 0 0 3 1 43 50 6 48 1 14 2 1 4 9 3 8 6 6 7 6 2 2 4 4 1 2 0 1 
13 9 3 5 14 12 2 12 20 10 21 14 12 6 12 10 42 14 23 25 5 2 6 2 13 4 4 13 6 8 1 8 21 14 17 21 5 8 17 11 10 8 12 21 2 6 9 9 13 7 4 20 1 5 1 8 25 18 19 24 5 3 5 6 22 8 10 15 4 0 9 0 14 10 5 14 2 3 1 4 15 16 12 13 3 2 7 10 18 16 13 17 4 5 6 16 
10 11 2 12 5 0 0 7 27 11 61 13 5 4 4 9 22 9 16 10 1 0 3 2 9 12 3 34 6 2 0 1 8 5 51 19 1 4 6 5 5 8 13 6 0 2 1 9 8 7 1 7 1 3 0 3 32 33 83 23 5 4 7 3 8 5 8 7 0 1 1 2 13 7 2 74 2 2 0 2 9 12 88 9 3 4 4 3 12 7 7 8 1 4 4 17 
20 30 1 16 7 4 0 3 13 7 19 19 10 9 13 19 14 6 13 19 6 1 1 2 18 18 1 31 5 5 0 12 9 6 11 13 13 8 10 22 4 10 5 5 1 1 4 3 14 11 1 10 5 2 0 6 4 2 6 6 6 1 6 14 6 5 3 7 4 0 5 3 30 17 1 26 12 3 0 17 109 28 16 57 20 9 3 20 2 7 3 7 3 3 5 8 
28 20 17 21 8 6 0 4 15 10 28 5 5 3 4 3 10 0 9 6 0 2 0 1 35 46 13 49 9 8 9 10 18 16 32 14 5 7 33 14 6 0 8 8 0 2 5 7 28 17 15 10 3 10 5 4 13 23 46 22 9 6 8 2 7 4 7 0 0 0 1 1 30 34 5 30 3 9 1 4 7 14 14 8 3 7 6 3 4 4 7 1 2 1 2 1 
11 6 5 7 11 4 2 3 21 10 67 17 9 2 9 14 18 9 18 18 0 2 2 1 11 10 2 10 6 6 3 7 23 22 47 24 1 4 11 2 7 7 13 7 2 2 3 8 10 6 2 7 6 3 0 1 27 19 42 20 6 2 2 5 16 11 2 17 0 0 2 2 12 10 3 6 2 4 1 6 22 51 52 37 7 1 5 4 20 7 8 13 2 2 4 9 
7 2 2 6 9 6 0 1 13 11 7 9 3 5 5 5 21 2 18 8 3 3 5 3 8 3 0 7 2 2 2 4 18 20 8 17 2 2 8 2 5 5 14 14 1 2 7 5 5 5 2 4 5 4 1 3 12 12 11 9 2 1 3 1 10 4 7 10 0 0 5 2 16 4 6 48 8 2 4 39 176 55 43 87 5 4 4 10 8 10 12 10 4 3 1 11 
4 4 1 2 3 1 0 3 8 2 16 6 3 2 5 4 7 9 6 7 4 7 2 12 9 3 0 9 1 1 0 3 9 5 12 9 2 0 3 2 6 3 4 8 3 4 6 15 1 5 0 4 1 2 0 0 4 10 20 12 2 2 1 2 8 8 7 10 1 3 1 6 30 5 3 189 7 3 1 10 68 36 125 56 9 3 2 1 7 12 5 14 11 2 4 52 
8 4 0 2 0 1 0 1 6 5 14 2 7 1 1 3 5 3 9 7 12 0 0 11 2 1 0 2 0 0 0 2 14 4 8 10 0 2 0 2 4 7 8 10 10 3 6 12 3 3 0 3 1 1 0 1 5 2 9 6 0 1 0 2 4 3 5 2 3 0 2 6 23 7 3 51 24 0 0 38 252 57 48 134 9 2 3 5 6 5 6 13 15 1 6 21 
21 7 2 9 16 8 2 17 14 15 8 21 7 6 13 8 25 13 17 29 7 4 3 4 7 6 7 15 8 8 2 7 27 12 4 19 5 7 16 10 7 11 20 16 3 6 12 7 12 4 0 8 11 4 2 7 28 17 10 17 6 8 12 6 13 14 7 18 3 1 11 1 13 11 1 32 7 4 2 17 11 28 9 12 10 7 7 5 11 12 12 16 6 5 10 14 
13 7 3 10 7 6 1 10 19 7 21 15 7 6 4 8 26 8 20 19 5 2 4 3 12 3 4 11 4 9 2 5 10 15 26 20 7 7 12 13 13 6 12 9 3 2 4 12 12 8 4 19 2 3 1 7 12 15 20 12 1 5 11 2 16 12 10 10 2 1 10 7 14 12 2 81 6 11 0 9 14 24 58 18 4 1 7 6 15 9 11 11 4 7 8 14 
10 2 1 4 0 0 0 1 3 8 12 4 3 2 7 8 10 5 5 11 7 7 1 8 7 8 2 7 1 1 0 1 19 12 6 13 1 3 3 5 10 8 6 13 7 6 6 24 6 2 3 8 0 2 0 0 3 5 8 7 0 4 1 2 3 5 5 8 1 1 0 6 26 10 1 68 16 0 0 34 150 61 70 96 10 1 5 5 3 7 6 13 15 3 6 26 
16 7 0 7 1 1 0 2 12 17 117 12 3 4 1 8 11 3 9 7 3 0 1 3 6 6 1 5 3 0 0 0 20 10 67 12 0 0 1 4 3 5 9 7 2 1 1 7 3 3 0 2 0 1 0 0 27 18 58 20 2 1 0 1 6 8 2 9 0 0 3 1 15 8 2 18 8 3 1 18 130 28 53 82 8 2 3 3 6 6 4 9 4 0 2 7 
19 22 10 28 7 4 2 3 13 9 31 7 5 2 6 8 8 2 13 5 1 1 1 1 30 45 6 39 7 6 3 8 12 18 28 19 9 10 23 9 6 6 11 4 0 1 3 6 28 32 12 23 6 11 5 1 19 26 34 19 4 9 12 8 10 2 6 3 1 3 3 3 25 32 7 34 5 8 1 2 14 12 11 7 3 7 7 3 5 4 4 4 0 1 1 6 
14 9 1 14 12 6 3 12 21 7 97 14 7 3 4 7 8 13 15 12 2 0 6 1 11 10 0 5 6 9 2 10 11 13 60 14 9 6 8 7 6 8 8 7 1 3 5 11 9 8 1 7 4 3 1 6 16 26 46 19 1 6 0 2 7 4 8 18 2 3 6 1 13 14 1 27 7 8 0 14 17 20 52 11 8 4 7 8 12 7 9 13 6 4 4 12 
7 3 1 10 3 2 0 1 6 5 23 11 4 1 5 7 12 6 10 8 14 5 2 10 1 7 1 14 1 2 0 1 4 5 14 7 7 0 3 2 8 3 16 17 10 10 8 26 4 5 0 14 1 2 0 0 5 13 22 11 1 2 1 2 5 12 5 10 3 0 3 4 27 12 1 190 1 0 0 3 6 14 117 26 11 2 3 8 16 9 7 17 16 12 5 49 
21 22 2 13 11 8 1 19 30 12 45 9 10 4 6 10 20 3 9 22 4 2 7 7 16 13 1 9 5 9 0 9 13 6 31 15 6 9 4 12 3 9 9 9 4 5 6 9 13 9 1 3 14 4 2 16 12 8 32 6 5 7 5 4 11 4 4 5 4 2 10 5 12 21 2 19 8 15 5 25 41 13 25 32 14 4 3 15 6 9 3 10 3 3 6 11 
7 4 2 6 0 2 0 2 7 3 2 3 0 0 0 0 1 1 3 3 0 1 1 1 9 4 2 11 3 2 0 0 13 3 6 10 0 6 5 1 2 1 0 1 1 0 1 3 5 2 3 2 1 1 0 0 6 4 1 6 1 1 2 0 0 1 0 1 2 0 0 0 13 19 3 40 26 1 1 59 353 69 56 180 0 0 1 1 1 0 0 0 1 0 2 2 
28 32 7 25 5 4 1 8 12 4 16 18 13 8 10 12 10 3 13 9 2 0 8 1 39 28 2 33 10 11 3 8 12 14 9 15 9 14 20 24 2 8 4 8 2 4 5 5 28 17 5 17 6 5 3 4 2 12 9 4 2 6 7 11 3 5 3 10 0 0 1 5 37 33 2 53 4 7 1 6 14 27 21 18 10 7 5 11 3 5 3 8 2 2 7 11 
5 2 1 1 3 1 1 2 12 3 5 7 3 1 0 1 7 5 10 5 2 1 0 2 6 2 0 3 1 5 0 6 14 7 8 14 3 0 4 6 2 1 8 6 0 0 2 1 3 4 0 1 0 2 2 2 11 6 5 5 1 2 3 1 4 5 4 8 0 0 2 1 18 13 1 13 29 2 2 55 325 72 41 157 3 1 1 3 8 1 1 1 0 0 1 1 
13 1 1 4 3 1 1 4 25 20 72 21 2 3 5 8 14 7 22 9 1 1 1 2 17 18 10 49 3 1 0 1 6 18 65 14 1 5 3 0 11 9 16 11 0 5 6 9 3 2 1 8 1 1 0 4 50 62 99 35 0 3 4 3 15 9 18 2 1 1 3 2 3 10 0 10 1 4 0 2 5 10 50 11 5 1 2 3 8 7 4 5 1 4 2 6 
0 4 2 5 2 1 0 5 29 12 75 17 1 0 0 2 9 5 19 3 0 2 3 4 15 14 7 44 2 0 0 4 7 14 67 8 1 0 0 2 6 2 15 0 2 5 6 16 3 4 0 6 1 3 0 2 51 69 100 41 0 2 0 3 11 4 12 3 0 5 6 3 9 6 2 67 1 3 0 1 6 9 64 12 2 0 0 1 1 7 14 5 0 3 3 18 
7 7 1 3 9 3 2 5 13 3 8 9 2 0 8 1 3 0 5 6 1 0 2 3 3 4 0 3 4 2 1 2 19 10 5 12 2 6 3 7 3 11 1 5 0 0 5 3 2 4 0 3 0 1 1 4 8 1 0 3 1 3 5 3 2 2 1 2 0 0 3 1 12 12 1 16 29 4 2 53 319 60 39 160 3 2 3 5 2 4 2 3 1 0 2 4 
6 6 1 4 4 4 0 3 11 13 19 7 9 3 7 15 17 7 16 17 22 0 6 17 9 7 1 17 2 5 0 3 17 14 25 16 3 3 3 6 12 18 17 14 11 3 8 46 7 7 1 12 0 4 0 4 20 20 33 15 1 2 3 5 6 12 8 13 5 0 2 16 21 7 0 20 0 5 0 0 14 39 32 17 9 0 9 9 13 8 14 18 50 5 4 36 
15 17 1 18 5 5 1 7 26 4 137 12 9 4 7 16 11 9 10 20 4 2 4 2 19 9 4 9 0 1 0 4 16 5 84 18 6 5 5 15 5 7 10 12 0 3 2 3 15 7 1 6 0 4 0 3 15 14 67 12 3 5 3 5 7 1 8 9 0 1 3 4 18 9 1 24 3 2 0 4 17 15 56 16 7 4 2 10 10 2 3 4 3 0 6 3 
2 2 2 9 2 1 0 2 0 3 15 3 0 0 1 2 0 4 3 4 0 3 2 15 7 5 2 19 1 0 0 0 1 3 14 6 1 2 2 1 2 4 0 6 0 0 4 11 7 2 2 8 2 0 0 0 0 15 20 20 0 1 1 0 3 7 7 14 0 1 0 3 36 12 3 289 1 0 0 1 11 21 206 36 0 0 0 2 5 10 8 4 5 7 2 62 
31 19 5 19 20 15 1 16 17 13 6 13 11 12 7 8 13 9 7 16 2 1 9 10 28 23 6 16 14 12 3 30 12 9 4 17 8 11 10 19 6 12 7 14 2 5 11 7 15 13 3 9 6 6 1 17 16 6 5 13 9 6 10 8 7 1 4 9 1 4 8 4 11 26 5 23 8 16 2 27 12 17 3 15 4 9 10 14 7 8 5 7 3 7 6 8 
5 5 0 2 2 0 0 1 3 5 10 7 1 1 1 9 5 4 5 6 3 4 0 3 3 6 2 12 0 1 0 1 32 33 13 22 0 2 0 0 2 1 4 5 5 0 4 12 6 6 1 2 0 1 0 0 6 18 16 17 0 1 1 3 7 3 1 10 4 2 1 1 22 8 0 82 10 4 0 19 153 95 99 103 2 2 1 2 2 4 4 8 5 5 2 19 
24 13 0 12 3 4 0 3 19 2 10 5 14 5 10 21 25 10 20 20 32 8 9 17 12 1 0 13 2 2 0 4 11 11 5 9 4 10 5 10 13 7 14 23 17 3 10 37 16 11 0 14 1 2 1 7 5 6 12 9 2 4 5 4 7 4 7 5 5 0 9 16 33 4 0 25 10 1 0 6 5 9 3 14 17 10 12 9 13 21 9 36 47 3 10 42 
6 9 1 9 4 1 0 2 8 14 12 11 6 4 8 9 4 3 6 2 0 0 1 0 12 10 3 8 2 2 0 2 51 64 25 59 6 1 7 8 3 2 3 10 0 2 3 0 8 6 0 6 0 1 0 0 9 28 15 15 1 1 1 3 6 3 2 10 0 1 0 1 5 6 1 11 3 0 1 4 82 201 67 56 6 3 2 8 3 3 1 5 0 2 6 4 
32 26 9 20 14 6 7 8 12 5 15 8 5 3 7 4 12 1 7 6 0 1 3 2 45 66 3 43 8 7 2 10 25 12 8 22 6 8 38 9 5 3 9 9 0 2 7 3 34 42 10 33 4 8 2 8 8 22 10 10 6 4 9 0 11 2 5 4 0 0 0 0 26 40 5 46 3 11 1 5 3 7 2 16 2 2 10 7 3 2 2 5 1 1 3 2 
18 4 3 9 7 9 1 6 19 17 5 17 6 6 10 6 13 8 10 6 4 1 5 5 9 10 0 9 6 2 2 8 39 48 11 54 3 7 10 10 7 10 10 10 2 0 4 6 13 8 4 8 1 1 0 2 2 12 3 16 9 1 7 3 8 4 5 10 0 0 5 3 8 9 1 15 1 4 2 5 69 120 44 48 11 4 4 15 5 8 1 8 4 2 5 10 
12 9 0 8 5 0 0 5 10 13 21 13 8 7 4 14 20 11 12 22 27 5 2 12 3 7 3 15 2 2 0 6 13 8 26 5 8 2 2 6 13 6 11 27 16 6 11 44 12 2 0 6 3 2 0 2 15 15 25 18 2 0 4 6 15 8 15 16 11 2 6 13 18 2 0 32 1 4 0 5 4 13 7 11 23 2 10 12 15 18 9 33 35 4 5 57 
27 24 9 21 4 6 2 4 11 10 38 7 5 2 11 5 12 4 12 4 6 1 2 5 23 47 7 30 9 6 4 6 21 13 28 14 5 4 30 8 5 4 10 13 6 3 9 10 28 36 9 25 1 5 7 5 13 12 17 6 4 3 12 2 4 5 6 2 1 0 4 3 22 37 3 37 4 6 3 7 9 11 13 10 8 5 6 7 9 5 2 12 7 2 5 13 
4 6 0 9 4 5 2 3 15 5 15 13 5 2 5 3 19 6 19 12 1 1 4 4 5 3 1 12 4 2 2 4 14 11 9 7 5 3 4 8 1 9 11 7 2 3 7 6 9 3 3 6 4 6 2 0 22 12 13 17 6 5 0 2 9 4 10 8 2 0 2 1 10 13 2 14 24 2 1 34 193 41 30 127 5 6 3 7 10 7 5 5 5 1 4 3 
1 1 0 4 3 2 0 1 8 3 8 5 0 0 1 0 0 2 1 3 0 3 2 4 3 1 1 4 0 0 0 2 9 2 11 5 0 0 2 2 2 3 6 1 1 0 1 5 0 0 0 5 0 0 0 0 9 11 13 8 2 2 1 1 1 3 1 2 1 0 1 1 11 7 0 61 28 0 1 39 314 79 81 169 2 1 0 0 0 2 0 6 2 0 1 21 
26 17 15 12 5 9 1 1 8 5 3 9 5 4 9 7 9 3 13 8 10 1 2 6 43 38 4 37 6 7 3 6 19 7 11 9 9 8 19 13 7 11 10 11 6 0 3 22 25 33 15 21 8 4 1 5 6 6 6 10 4 2 9 4 6 7 9 5 2 0 5 7 36 32 8 46 1 7 2 11 29 12 1 21 8 6 6 10 4 6 4 6 18 2 6 21 
41 33 19 19 8 3 3 5 16 9 10 4 1 2 8 2 5 0 5 4 0 0 2 0 44 56 9 33 12 12 3 10 23 21 6 29 8 12 32 7 3 4 5 6 0 1 4 0 36 39 24 19 6 9 4 6 4 9 8 11 2 6 13 4 7 0 2 3 0 0 1 1 21 43 8 41 3 10 3 2 19 40 15 8 1 3 7 6 4 2 4 3 0 1 0 3 
21 11 1 7 3 2 1 6 17 14 75 13 3 1 3 9 10 7 16 2 0 0 1 2 13 20 4 24 6 1 2 3 23 29 69 35 5 3 16 8 15 0 11 5 2 4 4 2 10 10 8 9 2 4 2 5 35 36 55 21 0 2 2 3 8 2 3 11 0 0 1 4 8 14 3 10 1 2 1 4 27 51 54 19 3 3 2 3 7 5 5 3 3 0 3 7 
9 17 2 11 7 4 0 7 8 7 11 4 13 2 12 17 13 8 14 15 24 8 6 16 16 13 1 16 2 4 0 3 8 11 11 11 9 6 10 9 17 11 12 30 18 6 14 44 14 9 4 12 1 5 3 3 8 11 14 9 6 2 4 5 7 5 7 15 5 0 9 14 26 20 1 48 2 1 0 4 4 9 5 7 12 3 11 10 12 12 9 22 33 5 8 47 
19 13 2 16 3 3 0 4 32 12 125 13 11 8 7 11 12 2 8 15 4 2 6 4 21 9 0 14 5 3 2 4 12 13 53 12 3 10 3 10 6 4 7 11 1 1 6 3 17 7 2 8 0 3 1 2 13 17 69 12 5 3 5 10 12 5 4 11 0 0 10 1 20 15 0 26 5 3 1 5 23 9 54 13 9 8 3 11 1 6 5 4 3 3 5 6 
3 4 1 12 2 2 0 0 11 7 24 5 1 0 4 7 9 9 9 6 1 2 2 8 4 7 1 20 0 1 1 2 9 12 29 3 1 0 2 2 5 2 11 4 1 3 4 20 8 0 2 6 1 2 0 2 12 35 43 21 1 1 0 0 11 12 7 10 0 3 4 3 22 10 1 206 0 1 0 2 8 29 144 26 1 0 0 6 5 8 8 10 5 6 1 44 
2 3 1 1 2 2 3 1 30 16 69 12 1 4 0 5 5 7 18 4 0 1 1 2 10 20 7 24 2 2 0 3 24 31 64 20 1 5 2 4 6 5 25 6 0 0 6 4 2 3 3 6 2 3 0 2 49 51 76 47 1 2 0 1 6 6 7 4 1 1 3 1 0 2 0 2 2 1 2 7 46 73 47 45 2 1 0 3 8 3 8 1 1 1 5 2 
15 18 6 8 11 5 4 13 18 10 31 13 6 6 5 8 25 10 18 13 1 2 1 3 19 17 3 24 9 9 3 5 17 16 16 18 3 5 18 4 17 7 9 15 2 5 6 7 18 23 6 12 7 4 2 4 20 15 18 13 8 4 6 5 7 8 5 7 2 2 3 1 15 20 9 22 11 9 6 16 48 26 10 40 4 3 7 6 7 7 10 7 9 2 1 1 
8 9 2 1 1 2 1 1 26 9 195 11 2 1 2 10 17 4 4 10 2 3 3 2 7 10 1 10 0 0 0 0 18 17 90 10 0 3 2 1 3 2 7 7 0 4 2 2 8 8 1 5 0 4 0 3 27 27 111 11 2 0 1 0 12 4 3 12 0 0 1 0 10 10 4 17 2 2 0 3 20 31 81 16 6 0 2 6 6 4 6 4 2 1 3 2 
7 6 1 3 4 5 2 6 9 17 12 4 2 5 6 7 9 7 13 14 2 1 3 0 5 2 3 6 1 3 3 5 56 53 21 49 1 1 3 7 7 4 8 7 2 3 1 3 5 4 1 3 1 4 0 2 9 19 7 19 2 0 2 1 5 7 7 15 0 0 4 3 6 7 1 24 1 8 0 8 77 178 55 46 7 1 2 3 7 9 11 11 2 4 4 9 
2 0 0 4 1 5 2 1 32 21 84 12 1 3 2 6 11 4 19 4 2 1 3 3 11 19 2 39 4 0 1 5 14 7 80 11 0 7 2 2 10 7 25 1 1 5 4 6 2 3 1 8 1 1 0 2 67 67 115 51 1 4 1 2 12 9 9 2 0 1 1 5 4 5 2 7 2 0 0 4 15 16 40 9 1 1 0 3 4 9 11 4 2 5 0 5 
8 5 0 6 5 3 1 6 6 9 12 3 3 5 3 3 5 2 4 6 2 0 3 1 11 11 0 10 3 4 0 9 21 8 7 15 2 3 4 6 1 2 5 7 2 3 3 1 3 4 0 7 0 1 0 4 21 9 14 3 1 3 4 4 1 1 3 0 1 0 1 2 14 8 3 21 18 4 0 53 267 70 36 141 1 4 2 12 3 4 1 4 2 2 2 2 
9 9 4 12 7 3 3 6 13 12 16 17 6 7 5 11 18 6 22 14 3 0 3 5 13 9 3 23 5 2 2 8 30 36 21 23 2 12 10 18 4 6 18 14 2 2 6 8 10 3 0 13 3 4 0 3 23 28 35 17 1 3 7 9 5 8 9 6 2 0 7 6 14 7 4 20 1 5 0 7 38 81 37 23 6 6 4 16 6 5 8 4 2 4 6 6 
11 4 0 4 2 1 0 3 6 5 16 1 6 3 2 10 13 6 13 17 34 3 6 12 8 3 0 8 0 1 0 1 14 7 5 11 2 6 2 10 11 13 13 19 21 5 13 49 8 9 0 7 1 1 0 6 5 2 9 7 2 1 2 3 4 7 10 11 4 0 3 12 20 7 0 26 9 1 0 24 102 29 15 65 15 6 6 7 10 16 12 23 38 5 7 43 
30 24 3 31 10 2 0 10 10 8 19 16 14 7 12 16 12 9 16 23 1 1 3 0 30 30 4 26 9 5 2 4 9 11 23 26 11 8 16 25 4 14 9 16 2 6 4 2 18 23 6 21 5 4 1 5 9 14 22 8 10 8 7 7 9 3 8 8 1 1 2 1 24 23 6 31 3 4 0 4 5 16 8 11 10 10 3 24 7 4 5 13 2 2 7 4 
11 12 3 17 11 3 4 15 17 5 36 6 3 8 6 10 15 5 12 10 2 1 7 5 19 23 6 20 6 6 2 7 11 9 23 14 2 2 13 16 4 9 15 8 1 6 9 15 11 12 4 12 7 12 2 5 25 30 39 15 5 3 11 6 10 6 6 7 0 1 6 7 11 18 3 48 5 8 2 17 7 13 28 10 10 5 11 12 6 10 8 11 9 9 7 20 
1 4 0 3 3 1 0 1 10 16 26 6 1 4 0 7 8 0 11 7 3 1 3 2 5 8 4 18 0 0 0 2 46 70 38 51 0 2 2 2 7 2 8 10 5 5 3 13 2 3 0 3 0 2 0 2 12 36 23 21 0 3 0 1 5 3 4 6 3 1 3 3 5 4 0 16 1 3 0 2 75 154 76 55 4 0 2 4 4 6 3 3 12 4 3 9 
4 0 0 5 0 0 0 0 2 3 19 7 1 0 0 3 6 5 5 8 0 4 3 11 3 1 1 16 1 0 1 1 7 10 25 12 0 1 0 0 2 3 5 7 2 1 5 18 2 3 0 4 1 0 0 0 9 16 36 19 1 0 0 0 4 14 7 7 0 1 0 1 25 12 2 261 0 0 0 0 9 28 200 42 1 0 0 2 3 6 6 5 3 7 6 49 
1 1 0 1 0 1 0 0 3 13 10 9 0 0 1 2 5 1 6 2 0 1 0 0 3 1 0 2 1 0 0 1 43 66 23 41 1 1 1 0 0 1 2 5 0 3 1 2 2 1 0 2 0 1 0 0 6 13 7 10 1 1 1 0 0 0 2 8 0 0 1 1 12 7 1 15 15 1 1 20 208 193 69 128 2 0 0 4 1 0 2 4 0 0 2 3 
9 9 2 12 2 1 2 4 24 20 69 13 2 4 3 9 8 9 14 7 1 2 0 3 21 26 10 48 1 4 1 3 14 14 60 18 3 6 6 8 7 6 18 3 1 2 1 6 8 12 2 4 0 1 0 0 54 59 103 44 3 3 3 7 11 8 8 9 0 0 0 5 8 12 2 11 1 2 1 1 5 7 36 8 1 2 0 10 7 4 9 3 1 1 4 4 
3 3 1 3 3 1 0 0 9 14 15 7 1 0 3 5 13 4 8 7 2 4 5 5 5 3 1 8 2 2 1 3 47 53 18 54 0 3 4 3 6 4 5 13 4 3 3 7 3 3 0 4 1 2 0 2 9 14 19 24 2 0 3 3 5 2 7 10 0 1 3 4 10 6 1 81 1 2 0 3 55 121 114 41 3 4 2 9 5 4 5 14 4 1 0 25 
33 30 17 18 13 8 4 8 9 9 1 4 4 6 9 5 10 3 11 7 1 1 2 1 47 59 7 36 15 11 5 6 20 13 11 24 8 8 24 13 6 4 12 3 0 1 4 2 33 47 20 31 6 7 6 7 10 8 2 7 6 6 12 2 8 4 5 2 0 0 3 0 28 57 8 32 3 15 2 4 5 5 4 10 6 5 11 5 5 2 2 1 1 0 3 1 
8 5 2 4 0 2 0 0 7 1 4 0 1 0 6 3 0 4 0 1 3 0 1 1 5 9 0 5 2 2 0 3 12 10 5 5 2 1 4 5 1 1 3 1 1 1 2 2 4 3 3 2 2 1 0 2 4 0 1 11 1 1 1 0 0 0 0 1 1 0 0 3 15 11 2 11 29 0 1 53 357 70 47 202 4 1 4 1 0 1 2 2 3 0 0 8 
8 3 2 4 3 2 1 2 15 23 85 6 6 1 1 5 7 3 5 5 2 2 2 2 3 10 0 6 1 0 1 0 54 51 68 36 0 2 3 3 3 3 2 7 0 0 2 4 2 5 0 4 0 0 0 1 16 16 57 19 0 0 1 2 7 5 2 6 0 0 1 2 8 4 0 12 2 2 0 1 70 143 73 38 8 0 4 4 8 3 7 4 2 3 2 2 
9 8 2 5 8 4 5 7 16 10 8 15 5 4 9 4 29 6 16 10 4 0 4 2 6 1 0 6 5 5 2 1 16 9 11 13 7 7 3 4 14 10 12 10 2 2 5 7 8 9 0 12 6 2 0 9 16 18 8 17 6 2 2 2 13 6 5 4 1 0 6 0 13 13 2 18 10 4 3 19 170 46 18 96 8 7 7 6 11 9 10 14 1 5 3 7 
3 1 0 3 1 0 0 0 4 22 5 3 0 2 2 5 4 2 4 6 1 0 2 0 0 3 2 8 1 2 0 1 52 103 18 68 0 1 0 2 2 4 6 10 0 0 2 3 1 1 0 1 0 0 0 1 4 18 11 17 1 1 1 1 4 3 2 2 1 0 1 2 3 3 0 2 4 2 1 4 126 238 76 89 0 1 0 6 0 3 4 3 0 0 1 3 
16 3 1 5 1 4 1 2 29 19 141 14 3 3 3 11 18 5 10 11 1 2 2 6 1 10 2 3 2 0 1 1 32 23 78 21 0 3 2 3 2 2 5 11 0 3 0 5 13 4 0 1 0 6 0 2 25 26 94 19 1 0 2 1 16 4 6 8 0 0 1 0 12 8 1 15 5 1 0 5 33 34 75 16 1 0 2 3 2 6 6 9 1 3 4 8 
4 3 2 2 1 0 0 1 20 13 93 11 1 5 0 8 10 5 19 1 0 1 0 3 11 26 8 57 0 0 0 0 10 9 92 11 0 2 2 0 10 7 18 2 0 7 7 14 6 8 4 9 0 5 0 0 58 77 129 49 0 1 0 3 13 6 12 2 0 3 1 5 3 4 0 8 0 0 0 0 10 10 38 2 0 2 1 0 4 6 12 4 1 5 0 3 
11 11 0 9 9 5 3 9 9 8 10 13 3 2 9 7 12 9 7 12 1 3 4 8 18 7 4 19 2 5 0 6 7 2 6 9 3 4 6 7 4 13 7 6 4 4 8 10 7 3 0 7 6 1 2 6 3 17 20 13 2 4 3 3 5 13 8 11 3 1 6 7 30 13 2 169 2 4 0 12 8 20 120 23 6 5 7 7 9 9 7 9 3 5 6 38 
19 10 5 10 10 2 3 7 26 12 77 12 3 6 4 4 13 5 9 5 0 0 2 3 27 36 5 27 6 6 5 7 24 19 42 23 3 8 18 7 4 7 11 10 2 1 4 3 12 20 5 17 5 5 3 4 17 16 50 9 6 4 9 4 6 3 5 8 0 0 1 0 16 32 7 20 8 8 1 4 17 25 38 14 4 4 3 5 3 7 9 2 2 0 4 6 
15 23 8 14 3 4 2 8 24 19 40 14 0 3 7 5 6 4 11 3 0 1 1 0 17 30 4 37 8 5 0 4 24 28 33 34 4 6 19 2 5 4 13 5 0 2 1 1 32 20 10 13 8 5 0 7 22 31 42 28 4 6 9 3 8 3 2 5 0 0 1 2 23 40 6 18 2 9 1 2 15 34 32 20 2 3 6 2 3 5 4 2 0 1 3 5 
10 7 1 12 20 9 2 11 22 8 18 27 13 4 12 13 50 10 23 32 5 2 0 1 11 6 2 10 4 5 4 10 26 17 11 25 7 9 11 11 16 13 13 16 1 3 8 4 13 14 3 8 7 3 3 1 12 19 12 14 5 3 4 5 13 9 12 15 2 0 6 4 18 12 9 15 1 7 0 8 10 26 6 13 8 8 7 19 16 16 6 23 4 3 10 13 
10 11 1 8 8 7 5 10 20 5 7 6 11 6 6 5 18 6 11 16 2 2 7 6 9 7 1 12 10 5 3 13 15 9 8 9 7 3 10 6 12 6 4 12 0 2 7 7 3 7 0 8 4 1 1 1 13 9 7 11 3 5 8 3 10 6 6 11 4 0 6 0 14 7 6 17 19 8 1 41 169 44 17 90 5 1 8 6 13 8 8 8 2 4 2 4 
9 5 0 6 6 0 1 7 7 12 4 8 4 0 1 6 8 2 6 12 6 0 3 5 9 7 0 9 1 3 2 8 57 53 15 58 1 6 3 3 5 9 7 18 7 1 5 13 3 2 0 4 2 0 1 6 8 13 3 15 2 2 1 3 2 3 4 5 1 0 3 6 9 3 1 10 5 9 0 6 90 158 71 57 3 5 4 9 5 7 4 9 8 3 1 16 
10 6 1 14 1 1 0 2 21 14 126 10 1 1 7 9 10 7 11 11 1 1 1 4 4 7 1 14 3 1 1 1 22 13 94 26 0 0 2 3 2 5 9 3 0 5 2 3 4 8 0 5 0 3 0 1 23 19 82 15 1 0 1 5 12 4 4 7 0 0 0 0 14 15 2 34 8 2 1 4 51 17 88 36 5 0 0 3 5 7 13 3 0 3 0 4 
17 10 3 10 9 8 4 14 31 17 18 23 9 6 11 8 27 13 20 17 4 1 8 4 11 5 5 14 10 3 1 7 16 19 11 28 9 4 14 9 10 13 17 18 3 6 6 7 13 9 5 14 1 3 1 7 16 18 12 17 8 1 3 5 14 8 17 16 1 0 10 3 14 9 3 22 5 16 1 8 17 24 8 11 12 5 8 10 16 21 9 22 3 4 3 9 
6 5 2 11 11 6 1 5 18 10 58 17 2 3 6 13 13 9 19 8 1 0 7 3 11 23 2 32 7 9 3 5 8 10 57 16 3 7 6 9 4 7 22 6 0 9 4 5 2 9 1 12 3 4 1 12 53 49 91 37 2 4 4 2 12 4 4 3 2 2 7 2 5 5 3 7 7 16 1 13 8 9 30 14 5 4 2 9 6 4 12 0 2 0 10 7 
16 14 5 10 2 0 2 2 8 6 22 11 2 3 7 3 3 3 7 5 2 2 1 9 16 22 3 18 5 3 5 4 27 25 19 29 5 3 8 3 2 2 8 5 2 0 6 18 15 12 6 14 0 0 1 4 7 15 16 16 2 1 4 1 8 4 4 5 0 2 1 5 21 15 6 127 0 4 0 5 25 66 104 26 4 2 1 6 4 9 5 5 6 8 2 23 
6 11 3 5 2 3 0 1 8 26 72 5 1 1 3 6 7 3 8 6 1 1 0 2 6 5 0 5 0 0 0 1 43 40 44 37 2 4 5 3 2 2 7 2 0 0 2 3 8 3 4 4 1 0 0 1 7 28 50 18 2 0 2 2 5 3 5 8 0 1 1 1 11 9 0 51 2 3 0 0 48 131 89 54 3 1 0 6 7 5 3 8 2 1 0 18 
26 19 6 15 9 3 3 11 16 11 25 18 11 7 11 15 26 6 28 29 7 5 4 8 13 7 1 17 6 3 4 1 19 9 13 23 7 9 7 12 13 12 17 13 6 1 4 11 15 13 2 10 11 1 0 3 11 12 13 20 7 2 5 10 11 8 13 19 3 0 6 6 14 9 3 22 3 9 3 8 12 19 11 16 9 6 7 15 14 12 7 14 6 5 5 23 
10 11 0 4 1 4 1 4 23 8 165 10 3 1 2 8 13 4 8 3 1 2 0 1 5 8 0 9 0 0 0 2 27 19 74 35 1 3 2 3 6 7 6 7 0 4 1 4 6 10 1 5 1 3 0 0 22 28 84 20 0 2 2 5 10 3 4 15 0 0 1 2 14 13 2 14 0 2 0 6 25 48 77 22 5 4 2 5 6 0 11 4 0 1 1 4 
14 17 8 16 8 1 1 1 5 12 0 4 4 1 5 3 3 0 2 3 0 1 2 0 23 27 3 15 0 1 4 7 55 49 7 49 2 6 10 6 1 0 7 6 0 2 3 2 15 15 6 4 7 4 3 5 2 10 3 11 1 2 7 0 6 0 3 3 0 0 1 1 22 25 4 36 1 2 1 12 99 130 74 54 3 1 2 6 2 3 3 4 1 2 4 4 
7 3 0 5 3 1 0 2 13 7 6 6 8 2 3 19 16 7 14 15 23 8 8 12 8 4 0 12 0 4 0 3 29 26 6 24 6 2 3 5 22 8 13 15 20 10 9 41 17 4 0 8 0 1 0 1 7 5 3 11 3 1 4 4 5 9 4 12 6 0 5 11 16 7 1 19 0 3 1 9 39 68 27 27 18 3 9 13 13 16 6 19 33 9 13 52 
39 38 5 29 6 7 0 14 24 6 12 18 9 9 16 28 11 6 8 15 2 0 1 4 24 28 3 28 8 4 2 8 9 5 9 14 12 24 12 20 4 9 2 11 2 2 7 4 28 24 3 25 2 2 0 4 2 4 6 2 6 7 10 19 7 4 7 12 0 0 12 4 31 12 2 38 8 5 1 8 15 3 6 19 14 12 8 29 6 5 1 12 1 1 6 9 
