20 96
21 16 3 4 18 5 5 15 18 10 56 13 8 8 3 12 30 8 15 18 10 2 6 8 11 9 1 10 10 8 3 11 18 13 38 14 3 4 4 12 11 12 6 14 7 6 7 12 13 9 0 2 3 10 0 9 15 10 40 9 6 3 4 6 12 9 5 7 2 4 7 2 15 20 1 12 12 12 0 20 5 12 26 17 14 10 7 9 10 9 8 9 6 3 5 15 
29 25 2 20 2 3 0 4 11 10 12 19 6 4 11 15 9 3 12 19 3 0 5 2 19 14 1 23 2 5 0 5 24 24 14 36 8 16 10 15 4 7 5 10 2 0 4 4 17 11 0 17 2 1 0 2 1 5 12 14 5 5 7 10 5 4 6 5 1 1 1 4 21 16 1 55 0 2 0 10 22 78 48 31 15 13 5 23 6 6 2 6 2 3 3 18 
12 7 0 5 5 4 2 6 18 5 22 11 9 0 8 21 30 15 18 24 23 2 5 10 9 10 1 5 3 3 0 3 15 9 12 14 4 7 6 11 22 12 16 23 27 6 10 37 10 9 0 7 1 0 0 5 10 17 17 20 1 3 3 7 4 2 9 12 6 1 5 13 20 6 0 30 4 4 0 5 5 7 9 6 24 3 20 13 9 11 11 17 46 8 10 43 
5 4 0 6 1 5 1 3 13 5 52 5 3 3 3 2 10 3 11 9 0 0 1 3 5 3 1 9 3 2 0 1 22 10 28 15 2 2 2 3 2 3 6 4 0 0 3 5 6 2 2 4 1 1 0 1 12 10 31 11 2 0 5 1 5 3 4 10 0 0 2 1 19 18 3 67 12 4 3 34 179 44 61 107 5 2 4 1 6 3 6 8 3 5 0 13 
22 19 2 12 21 9 3 19 28 9 4 11 7 5 10 11 11 10 11 16 7 2 13 6 18 12 3 13 15 16 5 25 20 6 5 13 4 12 17 12 5 15 4 9 3 8 14 7 11 7 1 14 11 12 0 21 13 13 0 12 5 6 4 13 10 6 6 7 6 1 16 11 8 18 1 18 11 22 3 23 10 15 2 15 4 8 8 12 6 11 11 9 8 10 15 17 
23 17 3 11 8 9 2 11 14 8 8 7 5 1 6 6 8 6 6 9 2 1 6 4 31 15 1 17 9 16 2 20 20 7 4 13 7 11 10 14 10 8 5 5 1 0 5 2 18 19 0 11 12 4 1 15 14 9 1 10 5 3 7 4 5 3 5 5 1 4 10 3 9 19 1 14 24 12 1 51 121 34 5 60 4 5 4 10 4 6 3 6 4 1 10 9 
10 10 2 7 10 6 3 10 34 10 22 10 3 5 12 18 42 20 31 23 3 2 7 2 13 3 3 10 9 12 2 9 29 31 22 21 7 6 10 8 13 14 13 22 2 3 7 6 8 10 2 10 2 5 0 4 26 12 16 19 9 4 5 4 11 9 19 13 4 0 5 1 9 15 4 11 2 6 1 7 11 16 14 12 9 5 5 8 21 7 11 19 7 8 5 12 
5 5 0 9 5 0 0 2 1 16 10 8 2 4 1 3 1 3 2 3 0 1 1 5 10 3 0 14 2 0 1 4 34 32 10 35 0 1 3 5 0 0 3 2 1 3 5 11 1 4 1 11 3 3 0 1 1 14 10 12 0 2 1 3 3 8 2 9 1 2 3 3 19 5 1 151 5 3 1 7 52 137 135 55 2 2 2 10 3 3 3 7 3 7 3 20 
6 10 0 8 5 6 0 1 6 2 9 5 3 3 7 4 5 1 5 11 2 1 2 2 8 3 1 10 2 6 0 5 10 3 6 13 4 2 2 13 3 7 2 8 1 1 7 3 9 5 0 9 1 4 0 2 5 3 1 0 2 2 2 4 3 4 1 4 3 0 4 2 14 9 2 17 29 6 0 53 284 54 38 144 5 4 3 15 1 7 3 4 1 0 5 8 
35 33 14 30 6 1 1 7 11 5 3 5 5 3 17 2 8 2 5 4 0 2 0 0 41 53 13 39 9 5 4 12 22 16 8 16 6 9 27 12 6 2 12 2 0 1 5 0 41 49 27 23 5 11 9 5 9 7 3 7 5 5 13 2 6 3 8 2 0 0 1 0 38 65 11 33 4 7 3 12 2 9 4 9 5 5 10 7 1 1 5 5 0 1 2 1 
7 3 0 10 5 2 0 5 9 9 14 10 8 4 5 10 21 11 8 25 19 4 5 17 5 4 0 11 2 0 0 6 20 11 10 6 1 3 6 6 19 13 7 20 10 5 11 40 10 12 0 5 0 2 0 4 13 9 10 13 4 2 1 3 8 7 10 8 4 1 6 14 20 5 1 25 8 6 0 15 72 25 16 40 20 4 14 12 14 9 8 15 41 4 5 48 
13 4 2 16 3 2 0 6 5 4 11 5 2 4 5 3 10 6 14 15 0 1 3 15 12 18 1 24 9 2 2 4 7 6 16 8 2 3 10 4 5 5 5 10 2 1 4 10 7 19 4 13 2 4 0 9 10 14 17 10 3 5 3 1 4 7 9 9 0 3 1 2 29 19 4 180 1 7 0 6 5 17 131 18 4 2 6 8 8 12 6 10 6 5 2 39 
4 8 1 6 4 2 1 6 17 18 50 14 6 3 8 10 19 7 20 11 1 1 0 4 6 11 2 13 5 7 2 4 24 18 40 19 1 1 8 3 9 10 12 11 1 1 4 9 8 4 1 8 3 2 1 4 29 27 64 27 2 5 2 2 18 7 2 10 2 1 2 3 19 7 5 60 2 4 0 4 24 35 63 19 6 1 5 15 9 7 12 7 3 2 2 13 
8 3 0 3 2 3 0 1 14 5 7 8 4 2 2 6 5 3 6 4 4 1 1 6 3 6 0 3 0 1 0 4 11 5 5 12 0 5 2 2 3 8 2 8 2 1 3 13 2 5 0 3 0 2 0 1 3 0 7 4 3 0 2 1 2 3 2 5 1 0 3 2 21 6 1 32 25 4 2 52 292 62 46 165 3 1 1 4 1 3 3 3 11 0 2 12 
6 8 2 8 1 2 1 4 16 5 70 12 4 1 2 7 13 4 9 10 12 1 3 9 4 9 1 20 1 0 0 1 13 10 40 10 1 4 3 1 6 11 8 9 5 6 2 15 8 5 1 10 0 3 0 0 24 23 62 29 2 4 2 0 5 6 9 9 0 1 3 5 28 5 5 106 1 3 0 2 8 14 102 13 8 2 3 4 13 7 14 8 15 4 4 30 
3 7 0 4 7 2 1 7 6 3 15 6 2 1 1 3 1 5 1 9 1 1 2 2 9 3 0 5 5 3 1 6 18 5 10 10 3 2 1 3 1 2 7 4 1 3 2 5 3 4 0 2 3 6 0 6 8 4 10 7 1 2 1 3 3 0 3 3 1 5 2 2 9 14 3 11 33 9 3 63 296 69 35 152 1 1 0 1 1 4 1 4 0 2 6 4 
12 9 0 11 7 3 1 10 18 13 16 10 8 5 7 16 32 7 23 26 15 1 6 5 9 6 4 12 8 6 0 10 21 13 14 21 7 7 9 9 15 17 11 14 8 5 5 27 2 16 3 13 6 4 0 5 18 16 14 22 8 4 5 4 11 14 4 14 3 2 4 5 18 10 3 24 2 6 1 2 9 28 18 11 14 3 10 8 14 13 10 22 15 6 2 35 
24 21 6 17 10 7 3 13 12 9 6 14 9 5 10 9 7 3 7 16 2 0 10 7 31 34 1 20 12 12 2 15 12 12 5 19 9 10 11 17 4 7 11 11 1 6 15 10 19 24 6 19 8 5 3 7 16 8 3 10 5 4 11 3 2 2 5 6 1 0 13 6 19 34 4 47 12 14 1 29 9 13 14 10 6 8 8 18 9 5 8 5 3 3 5 16 
32 24 4 37 13 4 1 13 20 7 18 25 14 15 13 29 19 13 7 25 1 0 12 1 35 31 3 37 5 3 2 9 4 4 17 10 12 19 17 26 5 5 6 6 1 3 6 4 21 14 0 20 4 4 1 9 4 1 8 8 10 7 12 16 2 5 6 5 2 0 4 6 29 17 2 32 3 1 1 8 7 4 4 11 15 11 5 31 4 6 0 5 2 3 8 5 
45 37 14 16 6 2 4 11 19 7 7 6 10 5 17 3 6 3 12 5 0 0 4 3 37 43 7 25 7 8 8 12 13 7 9 18 8 18 45 16 13 3 3 7 1 0 4 1 36 37 18 20 3 11 3 7 6 8 4 7 12 11 17 4 3 4 1 3 0 1 4 1 27 51 4 44 5 9 3 5 3 7 0 8 4 4 7 15 4 2 4 6 0 1 8 3 
