100 96
138 110 43 77 96 40 27 72 80 40 26 57 41 31 47 34 57 35 37 65 21 7 34 30 142 184 24 121 76 52 18 76 75 52 23 80 44 50 100 57 44 45 42 42 18 21 39 50 97 112 46 82 48 40 19 54 51 42 25 50 23 23 40 32 35 15 32 26 12 12 49 17 102 153 22 156 42 66 16 111 32 59 11 50 31 32 40 52 36 31 25 52 37 21 39 82 
52 41 8 40 48 35 13 50 110 55 130 79 30 22 46 41 141 55 123 119 16 10 23 19 61 61 19 100 22 34 8 38 85 68 117 77 27 18 49 50 55 46 93 69 14 19 54 50 51 63 21 53 25 28 4 22 104 136 154 116 23 9 28 23 67 41 64 66 4 2 27 21 80 62 18 102 22 30 4 57 159 97 76 102 31 24 24 41 56 66 58 84 27 13 18 57 
25 26 4 27 14 5 1 15 156 71 449 80 4 16 7 40 50 36 106 27 6 8 8 18 60 113 28 263 1 5 0 1 44 50 375 54 10 24 7 19 47 29 143 20 1 13 28 30 26 30 9 46 1 20 1 6 296 325 567 236 1 22 14 25 63 30 48 27 0 4 3 22 22 21 2 50 7 3 0 5 43 35 174 34 11 14 6 19 22 18 37 21 7 12 12 39 
4 6 0 44 3 2 1 5 13 37 79 19 2 5 2 4 13 33 20 18 1 20 3 53 18 14 3 81 5 1 0 0 36 47 73 55 1 3 5 3 6 13 11 7 8 8 15 87 6 18 1 44 0 3 0 2 21 88 166 82 2 5 1 1 31 46 32 53 1 11 8 12 165 34 16 1281 0 3 0 1 59 200 1013 214 1 5 0 19 10 44 28 49 29 33 11 264 
70 58 13 40 31 13 2 25 108 55 640 58 36 20 24 48 61 30 32 55 9 7 9 14 69 56 8 69 18 10 14 29 102 85 394 82 18 21 37 32 26 36 30 40 2 10 20 18 72 49 13 46 10 17 4 16 108 103 382 71 8 8 14 22 52 33 35 45 3 1 16 15 89 68 9 80 24 24 5 41 97 83 273 87 29 19 8 55 21 29 39 31 10 9 15 28 
43 27 7 49 23 15 12 42 54 52 80 68 25 16 46 40 115 48 78 82 6 10 18 37 33 10 10 77 14 27 7 29 91 53 45 80 10 20 31 30 32 39 65 65 8 14 27 72 38 33 4 53 15 16 8 11 64 87 94 90 20 11 9 8 63 56 50 84 4 4 21 18 124 62 25 683 9 18 1 19 36 97 491 118 34 17 16 34 53 54 51 74 20 34 19 168 
9 16 2 9 7 4 0 9 165 65 442 69 4 20 0 25 48 22 122 11 0 3 4 14 49 116 42 275 0 0 0 3 48 44 449 47 2 10 4 8 24 19 129 21 1 15 28 47 10 33 8 38 0 15 0 10 327 377 615 264 2 15 3 12 64 34 48 12 0 8 5 18 15 9 3 35 3 1 0 7 73 64 207 38 0 2 1 3 30 21 54 15 2 9 2 37 
105 90 10 87 105 55 17 85 93 45 163 72 39 34 20 51 63 32 52 64 15 4 27 29 91 74 8 67 75 57 19 94 88 54 77 65 33 54 45 74 35 68 46 47 11 35 40 45 51 45 9 59 51 43 6 65 97 37 80 47 11 23 40 50 34 42 21 47 16 19 61 32 69 95 6 103 68 84 10 147 54 61 74 57 50 38 31 71 42 59 33 38 27 28 51 59 
59 42 15 43 39 24 8 43 108 69 286 96 32 34 37 40 156 48 114 119 20 14 30 16 50 23 13 54 29 34 10 33 118 79 172 88 20 28 51 49 61 49 79 64 6 16 33 51 61 38 13 48 20 25 5 20 91 100 165 107 21 19 24 29 62 35 60 80 2 2 28 14 69 85 22 84 16 31 2 31 69 103 142 74 38 28 25 47 74 66 49 70 19 29 22 34 
97 83 6 92 24 10 1 40 52 25 115 70 42 42 36 73 63 31 31 70 8 8 16 43 105 88 14 126 14 13 3 19 25 20 81 61 37 60 42 71 9 30 29 35 17 12 25 62 79 36 4 92 6 13 0 15 23 68 159 63 19 34 24 46 40 37 29 46 4 10 16 18 132 79 13 665 12 16 0 21 27 57 427 110 48 33 23 76 26 23 18 46 18 33 21 119 
105 92 12 88 71 40 15 77 65 35 50 67 32 44 39 48 73 41 39 70 18 6 38 42 89 89 8 72 46 42 15 62 35 37 27 60 37 71 54 63 26 49 32 42 6 13 32 54 51 56 4 71 33 31 3 75 59 37 48 50 20 24 39 42 26 27 23 53 7 16 53 33 105 70 17 436 50 55 12 85 40 64 226 105 49 47 26 94 40 49 27 49 24 26 33 122 
166 136 14 158 47 18 4 31 96 34 175 96 67 65 58 109 85 31 46 93 26 7 25 14 160 105 3 133 23 27 1 31 28 32 97 98 54 85 75 98 26 61 32 53 15 12 27 24 94 66 2 95 21 16 0 20 29 23 106 39 33 32 38 83 38 26 33 51 0 1 28 28 128 88 8 193 18 19 0 27 50 34 75 53 84 65 38 126 24 26 8 48 8 10 30 37 
53 30 12 50 18 9 8 16 58 31 171 48 22 12 26 56 90 34 56 84 55 22 18 68 57 52 8 83 15 13 3 19 56 52 103 62 19 23 33 32 38 51 62 77 30 14 30 141 57 67 20 43 16 15 5 15 57 68 142 74 12 6 14 17 37 45 42 68 18 6 14 45 120 70 16 497 12 14 1 16 30 60 359 92 37 10 25 43 42 66 35 78 103 28 21 202 
142 128 81 107 64 24 6 36 58 32 74 40 17 18 47 19 45 24 58 28 2 3 13 5 176 234 37 204 48 46 26 53 99 72 65 93 37 46 170 54 30 24 63 25 1 12 17 16 115 161 92 115 36 41 22 29 79 84 80 78 35 32 51 29 29 11 44 18 1 7 14 4 131 223 41 143 28 55 9 38 25 64 38 42 25 35 28 29 20 20 26 17 2 2 19 14 
94 62 9 60 40 16 5 37 68 38 81 64 56 32 43 80 126 40 80 128 87 23 29 54 72 47 7 58 25 18 8 39 65 51 69 65 30 33 33 59 39 56 70 90 58 21 47 162 60 48 3 51 16 20 0 33 44 56 71 68 24 23 26 30 57 45 58 50 25 1 27 62 97 50 5 149 24 33 2 34 38 60 56 56 95 31 69 76 73 54 33 135 128 32 32 166 
10 13 4 40 1 5 0 5 12 18 60 22 9 4 4 11 24 26 18 24 8 20 10 76 23 7 2 59 0 1 0 5 22 25 62 29 1 3 2 5 10 13 14 28 20 10 21 115 4 22 0 39 1 2 0 3 1 58 122 67 1 1 3 4 39 34 36 77 1 8 8 15 173 38 19 1322 7 1 0 10 96 137 979 226 5 3 3 19 22 42 30 54 35 43 10 279 
5 6 1 5 4 0 0 0 11 74 18 24 11 6 7 17 10 7 11 21 10 5 5 11 19 6 0 16 0 3 4 4 295 412 111 320 3 9 10 13 8 4 12 30 10 9 9 25 8 2 3 11 0 4 0 4 8 87 11 77 1 3 6 12 7 3 6 41 3 0 9 12 18 13 5 27 19 3 4 31 626 1274 427 450 17 6 10 27 20 9 14 24 12 5 12 28 
85 51 5 49 26 27 8 42 56 36 62 58 49 22 29 77 129 50 87 111 122 18 26 89 43 41 3 46 21 23 2 39 65 35 30 56 28 31 21 37 67 61 81 104 91 37 74 202 44 50 1 61 14 24 2 33 44 37 38 60 19 20 24 19 37 43 39 68 27 8 33 69 102 39 1 140 26 36 2 55 46 64 38 70 91 19 62 68 64 55 41 108 191 33 39 244 
63 58 15 50 26 14 1 27 86 49 163 43 39 29 23 72 76 34 66 63 92 12 20 46 94 91 17 122 17 16 4 23 55 43 194 49 20 40 27 28 47 40 66 77 58 16 37 138 65 61 19 66 8 17 3 27 109 126 209 95 11 11 20 33 42 33 33 32 16 5 21 62 97 58 10 102 21 15 4 37 123 49 71 90 65 12 38 59 52 49 34 101 116 31 22 134 
3 5 1 5 2 3 0 4 40 16 50 22 0 1 1 2 5 1 6 11 0 2 0 3 9 7 2 7 1 5 0 2 64 20 40 41 2 0 1 6 1 4 3 3 0 0 4 1 2 2 1 2 0 0 1 2 48 19 21 26 0 2 2 1 3 4 2 6 1 3 3 3 67 38 8 75 163 0 5 294 2048 417 236 1069 1 1 0 2 1 2 4 4 2 0 1 2 
37 41 8 38 8 10 1 18 105 36 570 58 13 7 10 37 64 36 51 49 20 13 6 37 26 20 1 48 7 1 0 3 60 72 322 57 6 9 5 10 16 21 30 38 7 13 17 39 30 24 0 28 3 7 0 4 103 93 362 64 4 1 6 14 37 40 26 40 4 4 7 13 128 45 7 552 10 5 1 9 59 93 577 101 31 11 16 23 33 30 36 37 26 18 7 130 
4 0 0 4 0 0 0 0 0 93 2 19 4 8 2 12 4 2 5 1 0 0 9 1 6 5 0 10 2 4 2 2 385 488 106 364 0 8 5 7 8 1 4 23 0 2 3 4 1 0 0 1 0 2 0 0 0 96 2 77 0 0 6 2 1 0 1 48 0 0 10 7 7 12 3 24 1 3 0 2 602 1462 505 407 7 7 2 28 12 7 9 18 0 5 2 12 
54 33 8 47 41 19 11 34 58 68 73 60 21 25 34 50 144 60 129 91 11 5 17 22 29 22 13 55 33 27 10 30 88 94 57 66 22 21 32 40 55 38 58 63 10 17 32 61 39 23 8 49 25 28 3 27 65 78 78 90 24 15 26 15 68 52 54 75 3 3 18 16 111 50 18 456 15 27 9 35 137 153 326 127 21 29 23 33 66 71 40 72 22 34 23 132 
126 109 9 108 60 31 5 49 107 36 203 83 55 44 43 86 71 31 32 85 13 5 33 19 124 115 5 92 31 34 10 58 58 54 116 79 51 51 76 106 38 44 34 43 7 12 31 25 104 73 14 86 30 18 3 39 42 41 120 57 27 27 33 42 40 33 28 40 7 8 37 17 83 88 19 172 32 35 6 68 77 39 127 74 52 55 39 105 34 37 22 38 13 11 33 38 
104 74 9 74 87 55 14 104 81 46 37 68 38 29 45 60 89 39 70 117 15 5 36 27 80 52 6 70 73 56 16 92 87 42 34 86 22 45 41 74 33 60 40 76 9 29 50 36 45 60 4 45 36 32 11 61 83 50 26 58 23 15 34 45 50 25 43 49 14 19 88 16 70 74 16 93 77 67 14 142 196 91 30 144 33 38 31 73 52 54 31 51 34 21 42 62 
77 73 27 56 28 15 8 16 42 30 69 36 12 7 21 19 27 17 23 26 2 5 9 31 103 110 17 136 23 27 14 32 59 37 82 46 15 16 50 33 16 20 30 15 7 10 18 42 56 79 37 67 13 17 3 27 36 53 84 56 16 7 19 15 28 33 20 28 0 7 11 14 141 113 26 730 51 24 8 63 305 116 478 241 14 20 13 25 16 22 25 32 18 22 13 124 
15 13 1 18 2 2 3 5 9 73 39 27 3 6 8 27 6 3 9 7 0 5 4 3 16 17 1 31 2 5 4 4 287 386 109 335 4 9 14 10 17 7 9 29 1 6 9 12 12 15 3 15 3 4 2 1 8 100 32 89 1 3 3 0 12 7 9 56 0 2 11 10 29 35 5 105 9 15 2 21 613 1155 461 390 7 11 4 22 13 12 15 19 1 8 6 32 
63 39 7 52 48 39 10 61 105 67 90 76 40 31 56 52 169 65 146 130 13 14 19 17 38 21 14 53 40 22 9 44 101 69 58 105 25 23 49 41 72 70 76 102 11 26 34 44 59 37 13 51 27 29 6 21 102 76 66 102 49 26 24 34 77 48 61 83 6 0 28 18 58 48 22 114 27 27 6 49 157 125 47 114 52 21 21 46 88 75 70 84 25 25 36 64 
49 50 5 30 14 14 5 26 104 64 539 58 22 11 15 42 65 31 43 47 2 4 13 22 42 42 5 49 13 9 5 21 140 138 337 106 10 15 13 16 20 23 28 37 4 12 13 22 23 37 7 33 11 16 3 23 76 106 324 91 4 9 4 11 52 23 22 48 4 5 17 7 54 50 14 174 14 23 3 29 149 288 417 138 23 12 12 36 43 32 33 30 7 18 12 38 
116 118 53 101 29 16 16 21 67 64 185 56 16 18 25 23 46 9 68 23 0 5 16 5 169 224 25 224 30 26 11 33 79 65 167 70 31 36 116 40 36 20 87 26 2 13 34 21 138 146 72 103 21 28 23 26 152 173 273 121 20 24 34 15 37 30 39 19 1 5 8 6 103 138 36 129 12 31 11 14 30 21 82 31 19 21 31 12 15 11 20 10 2 2 13 11 
49 39 13 49 52 28 8 51 53 42 71 52 29 18 31 25 118 47 81 94 11 10 22 36 58 26 9 66 30 34 2 50 87 54 45 61 20 27 34 31 40 57 61 54 12 14 34 52 32 45 9 42 17 23 8 20 57 72 77 83 17 17 20 14 47 43 41 67 9 9 27 22 110 61 19 597 19 33 7 45 45 129 397 111 26 30 18 41 65 69 54 58 33 43 22 163 
144 138 15 130 33 19 5 52 78 31 115 103 64 54 71 116 65 32 69 91 20 5 20 20 137 91 2 135 21 24 4 41 23 30 65 99 51 64 72 118 28 44 30 58 10 10 30 34 86 61 2 110 20 13 1 14 26 26 74 35 29 35 39 65 30 31 29 41 7 5 24 22 116 80 11 281 29 18 0 47 133 41 96 117 55 48 36 122 14 33 17 46 9 17 36 62 
70 39 9 48 51 33 8 66 112 63 103 87 49 44 44 61 167 60 149 139 10 10 26 24 47 25 16 49 33 33 16 38 117 86 71 121 31 32 44 59 75 55 85 106 8 19 45 64 42 45 13 59 25 30 5 25 94 95 69 98 35 9 26 24 74 41 76 62 5 0 33 15 86 64 22 100 21 43 6 18 57 95 38 56 46 40 44 50 73 72 75 83 32 29 29 74 
146 131 36 122 49 41 12 64 89 33 45 82 36 46 54 67 57 35 57 72 11 4 30 19 134 148 10 141 47 51 18 72 72 45 32 81 36 85 95 72 33 35 34 69 3 17 33 21 117 100 47 86 34 40 8 55 40 33 21 38 32 32 57 50 25 15 25 23 8 13 45 18 122 159 23 173 43 68 10 75 114 62 17 76 33 37 34 65 34 26 23 30 13 14 34 31 
16 12 2 13 11 2 0 8 52 21 85 32 19 4 9 27 36 23 25 29 26 10 3 17 21 30 11 62 2 2 0 3 65 20 88 53 5 10 7 14 27 21 33 31 15 10 12 68 12 7 1 19 2 7 0 6 87 79 114 56 1 7 4 3 17 7 19 17 6 1 3 14 79 27 7 88 102 0 3 245 1328 294 204 786 19 7 11 11 22 16 24 39 48 6 4 49 
91 63 48 60 22 15 7 12 41 24 23 23 18 7 24 9 24 5 15 11 0 0 2 1 114 131 19 90 25 23 22 28 98 45 26 69 20 31 86 20 12 9 16 11 0 7 11 1 85 94 56 72 12 18 13 17 38 27 6 39 21 14 30 8 19 1 9 8 0 0 3 2 126 131 29 123 123 24 17 189 1092 240 116 648 10 13 13 13 8 4 8 10 0 0 8 4 
74 65 21 84 36 12 7 19 60 66 58 48 24 31 35 49 40 18 26 30 3 1 15 11 97 77 11 74 21 21 6 17 185 285 94 204 32 42 65 53 17 19 23 26 1 7 20 12 78 57 20 55 8 11 3 13 11 60 39 66 21 14 19 31 12 12 7 38 2 0 19 14 87 81 16 167 11 18 4 20 288 643 311 238 30 22 21 51 24 16 16 29 3 10 16 26 
3 10 2 4 3 4 0 7 85 67 214 53 1 4 4 19 22 17 60 11 2 6 4 7 41 62 22 130 0 1 2 4 114 125 249 101 2 11 9 10 17 9 80 14 3 11 11 28 10 13 12 26 0 9 0 2 182 219 361 144 1 3 1 6 33 22 32 13 0 5 3 8 36 15 6 32 49 3 2 106 722 380 284 466 4 3 0 12 18 7 28 17 6 10 3 21 
4 3 0 9 1 0 0 1 1 84 18 23 5 1 7 9 6 3 7 10 0 1 8 9 12 7 1 15 2 2 1 2 328 457 105 328 0 5 2 12 8 5 12 22 1 5 8 21 4 2 1 3 0 3 0 1 6 96 37 90 0 1 5 4 5 10 8 43 0 3 7 6 30 8 4 197 2 3 3 5 509 1273 540 370 7 4 2 24 15 16 9 16 3 14 6 34 
19 9 1 52 9 2 0 4 7 23 68 27 18 4 6 16 46 22 27 45 27 18 11 69 26 8 2 74 3 1 0 6 24 21 50 31 8 5 10 15 15 13 19 30 42 15 22 130 13 14 1 42 1 6 0 1 4 57 121 84 2 3 4 2 27 57 35 63 6 9 13 33 158 45 12 1285 3 3 0 5 20 94 837 168 17 7 12 25 26 45 32 74 61 42 17 314 
13 10 3 17 6 4 1 8 91 65 242 59 5 18 2 17 40 27 72 13 1 8 5 11 32 63 26 156 4 2 0 8 136 176 277 131 3 11 5 4 20 24 93 21 1 11 16 41 10 28 7 33 4 13 3 5 166 237 358 159 4 8 3 15 48 22 48 38 0 3 5 10 33 18 7 194 8 1 2 10 264 466 344 213 4 11 4 10 32 18 36 15 7 11 12 54 
13 18 1 7 13 10 0 8 135 89 471 76 2 8 2 20 36 31 111 11 1 11 6 15 50 92 39 252 0 0 0 0 41 51 406 50 0 13 5 10 32 18 123 18 1 26 23 43 14 38 6 38 1 18 0 5 303 328 577 230 0 12 6 12 63 33 54 16 0 3 4 14 15 22 4 34 12 0 0 25 199 69 176 111 5 3 0 7 35 17 50 12 5 7 4 25 
72 46 38 49 22 14 7 14 21 49 31 34 24 11 27 27 45 10 37 24 23 8 7 37 78 113 15 101 18 19 9 25 159 194 63 149 20 23 52 29 26 14 37 34 15 12 21 78 89 75 29 57 13 19 12 19 19 60 43 59 11 11 25 21 35 22 21 26 7 1 12 18 108 107 16 371 13 15 4 17 249 490 321 192 28 20 19 27 28 20 29 57 55 20 10 99 
70 44 11 46 57 38 9 55 107 56 115 61 45 36 41 57 152 48 126 122 17 9 24 21 68 39 12 56 38 38 11 44 118 103 75 86 26 36 51 27 65 54 74 69 9 17 34 34 50 57 25 41 23 16 6 34 85 104 89 99 25 16 37 31 78 31 58 72 5 0 30 12 85 68 15 171 16 30 8 30 61 142 135 75 53 27 41 40 72 61 64 78 25 24 19 85 
36 22 7 19 12 11 0 11 151 70 522 59 7 14 5 40 43 39 94 15 2 6 4 18 71 113 34 245 1 4 0 3 42 64 428 42 2 17 11 10 19 15 119 19 0 20 23 42 27 44 20 35 2 12 1 5 253 341 632 218 2 17 5 13 69 21 47 33 0 10 2 18 24 21 5 41 4 3 1 2 46 32 218 36 2 6 3 6 26 22 44 18 5 12 5 40 
48 35 11 37 24 19 4 26 91 59 384 71 25 20 32 46 77 31 49 78 5 5 16 12 44 26 10 34 12 12 5 16 163 195 245 165 17 20 19 35 26 38 56 47 2 8 14 26 44 29 7 26 11 10 2 10 96 114 212 95 10 7 11 16 43 34 28 48 3 0 11 14 45 51 9 68 7 11 3 18 200 472 270 165 27 23 17 41 50 46 36 44 16 9 13 38 
67 49 6 49 12 12 1 12 157 51 751 53 19 13 24 62 61 29 46 42 9 12 11 22 37 43 7 41 8 8 0 16 107 92 446 93 8 23 13 24 13 27 24 43 1 8 9 16 52 25 3 40 4 10 0 10 122 111 482 89 10 9 11 18 60 44 26 56 2 1 5 8 80 57 10 108 6 10 0 14 65 70 360 70 30 9 6 29 43 28 32 41 8 4 16 29 
101 93 46 88 48 35 11 43 55 42 75 41 21 27 43 35 63 29 48 40 22 14 14 27 144 200 33 194 48 38 17 50 74 60 77 73 35 44 93 51 25 29 55 31 18 14 28 52 122 131 63 98 25 39 24 39 75 84 106 58 22 24 46 26 36 22 37 23 9 6 19 20 117 173 43 243 21 55 17 55 19 43 91 55 33 14 38 42 24 17 25 33 35 19 23 67 
70 55 9 42 19 21 3 34 126 61 645 78 29 10 26 49 100 29 64 68 20 11 9 25 47 42 7 48 12 8 4 8 98 78 358 82 14 13 19 23 32 33 42 53 14 23 21 51 46 35 5 34 8 12 1 8 115 112 376 90 13 6 8 19 58 41 39 73 10 2 5 14 71 55 13 81 21 15 2 18 67 79 262 69 30 17 14 26 62 37 46 39 37 12 17 47 
59 48 2 45 15 9 6 24 102 50 523 50 30 9 14 60 96 32 64 72 60 16 14 50 63 43 3 40 13 6 3 20 76 64 264 85 14 16 10 22 37 38 46 68 38 18 22 89 46 29 1 30 5 14 0 8 93 91 311 90 9 7 3 18 50 39 31 73 13 2 20 41 67 46 7 172 11 13 0 24 49 72 289 78 46 14 33 33 53 42 43 71 91 20 28 126 
84 53 12 44 41 31 17 43 127 79 238 89 31 23 63 54 147 49 138 107 21 11 22 28 48 22 10 45 29 30 10 33 116 91 154 97 19 29 46 39 54 68 83 81 10 19 26 47 65 30 17 48 24 27 4 29 119 110 147 79 25 17 24 24 65 43 70 65 6 0 16 16 68 68 20 96 17 32 6 20 55 79 99 55 40 32 31 41 76 54 67 77 27 31 18 63 
63 70 9 57 52 33 15 62 82 65 212 60 26 20 16 29 59 35 41 52 15 5 26 12 45 55 9 50 38 30 6 56 139 140 140 151 19 27 31 37 34 46 22 39 4 12 26 25 39 30 5 37 36 17 2 42 67 69 120 83 16 13 24 23 29 18 18 43 12 8 46 14 60 51 7 71 51 52 6 94 355 337 206 238 33 29 17 47 34 39 28 32 16 23 30 36 
79 76 45 45 16 9 4 11 21 71 5 24 18 5 25 14 23 6 20 8 0 1 10 0 82 126 15 104 27 17 14 18 259 307 68 314 13 18 55 31 21 7 24 30 0 6 16 9 74 78 36 66 21 23 11 17 20 73 5 60 13 12 20 10 13 4 7 31 0 0 7 2 60 138 13 77 9 22 7 13 382 859 314 247 9 4 30 24 14 13 17 8 0 2 11 7 
95 80 6 79 22 18 2 17 97 35 343 78 35 27 34 80 91 36 55 88 59 16 27 38 80 67 6 85 13 19 2 28 67 42 188 74 30 38 43 62 37 50 37 62 22 19 31 79 69 51 3 70 10 11 2 11 58 63 218 65 20 11 30 35 37 36 33 48 11 0 21 32 101 77 13 133 27 15 0 34 126 78 134 95 58 40 53 74 36 38 38 64 58 12 28 84 
54 38 10 34 43 29 4 27 137 72 364 73 25 31 43 35 111 57 114 92 9 16 13 12 51 33 27 85 20 11 7 35 87 81 270 81 11 28 30 29 54 51 74 67 7 17 26 45 29 28 13 47 10 16 3 20 154 153 288 136 17 18 17 26 72 42 44 68 8 5 29 14 62 51 17 85 11 25 3 27 58 77 153 61 38 18 22 42 67 48 50 58 17 15 13 55 
46 41 8 43 41 27 15 37 74 40 53 60 22 21 42 39 111 45 86 98 10 14 22 34 43 23 12 70 24 22 15 39 74 55 76 57 24 20 42 37 58 37 58 54 9 18 29 42 45 33 7 53 16 21 9 29 53 86 87 87 17 9 16 16 47 58 57 67 2 5 31 20 107 55 15 610 13 26 16 47 61 94 415 129 30 18 17 41 52 75 37 68 25 36 21 154 
120 94 51 77 27 18 4 17 58 59 90 34 19 16 33 20 38 12 50 20 0 3 4 8 162 198 27 174 29 30 17 26 132 134 111 139 34 45 108 29 24 12 68 17 0 7 18 12 112 133 66 111 25 27 22 23 91 121 124 87 22 23 49 12 37 13 15 25 0 1 11 7 111 180 38 135 19 34 12 38 173 228 135 129 15 26 36 17 13 8 23 14 0 4 14 16 
54 34 4 23 22 11 0 19 45 29 73 29 66 20 34 78 117 52 84 150 160 18 23 95 51 37 1 53 6 15 0 22 43 34 34 53 30 25 20 36 86 47 72 138 101 28 59 255 69 54 1 45 3 19 0 21 28 26 52 49 16 20 13 16 47 50 40 59 38 5 28 83 117 32 0 174 21 16 0 19 31 43 29 30 93 12 70 72 85 62 42 155 253 47 54 275 
78 70 8 61 14 13 3 20 142 66 682 69 30 24 27 56 74 34 41 55 8 6 3 17 44 53 3 57 16 11 0 15 88 79 342 80 22 23 24 43 13 44 37 35 3 11 17 12 65 46 2 28 7 10 1 12 119 115 385 69 15 10 17 30 59 25 27 50 1 0 18 10 81 79 10 88 19 13 3 26 137 82 284 91 32 23 16 50 33 16 42 26 11 7 16 21 
11 11 1 16 8 8 3 10 55 21 128 36 3 6 3 13 35 10 22 18 5 3 3 5 11 11 1 17 6 4 1 8 71 30 80 51 4 7 7 9 11 13 14 20 5 1 6 11 12 8 1 8 4 2 0 3 50 29 63 27 3 3 4 4 16 12 12 15 0 0 4 1 73 31 15 78 133 6 4 299 1641 325 231 950 7 4 9 9 11 10 9 16 4 5 2 14 
22 18 1 13 10 9 4 20 45 22 14 29 4 12 4 5 13 1 12 21 5 0 6 5 15 9 1 14 6 8 0 23 74 22 25 51 7 6 13 19 6 11 10 12 5 4 15 6 7 7 1 8 5 6 2 15 44 14 2 14 0 5 6 2 8 5 3 7 2 5 11 4 89 37 6 65 177 12 7 325 1787 367 211 972 8 7 7 10 13 7 8 6 13 2 7 17 
2 9 0 33 4 1 0 0 13 43 60 27 0 2 0 11 10 14 11 15 0 11 3 35 11 10 3 59 0 0 0 0 135 177 77 131 0 3 2 6 6 6 9 10 7 10 14 60 5 8 1 23 0 2 0 0 16 104 120 89 0 0 1 2 23 24 20 41 0 7 6 14 86 39 8 855 16 2 0 32 385 574 757 354 1 6 3 14 22 29 24 27 15 29 6 170 
111 96 16 84 135 45 19 103 100 48 9 58 48 34 44 33 63 34 48 78 11 12 35 30 100 93 14 76 94 77 19 108 82 50 24 92 47 57 67 74 49 57 47 58 16 24 66 43 62 65 13 71 61 41 9 77 86 51 7 38 25 28 40 43 38 27 27 35 13 13 86 27 63 94 10 81 87 95 7 137 58 83 15 47 38 41 31 65 38 46 35 59 24 29 48 58 
88 67 7 80 26 23 4 38 104 63 213 63 37 34 35 72 82 39 79 68 6 8 16 18 75 89 15 162 16 14 6 32 81 79 186 110 18 49 43 62 44 30 73 47 6 21 25 43 56 51 12 77 19 16 0 13 131 163 256 133 29 17 29 42 54 22 39 51 1 3 23 18 63 43 9 147 8 14 1 16 87 149 142 89 37 28 20 58 46 36 37 31 11 11 27 39 
97 81 6 80 105 40 27 80 86 45 16 63 30 35 36 29 60 46 65 79 7 8 41 52 65 79 11 78 70 63 22 103 85 45 18 81 36 66 49 93 39 65 33 47 17 36 52 51 49 63 7 61 57 42 5 78 77 39 13 51 19 20 42 37 45 27 26 42 21 28 67 43 72 80 6 169 81 102 6 162 42 75 99 66 38 46 35 64 39 38 35 61 27 26 50 104 
25 37 5 24 6 13 1 10 169 86 614 83 10 16 12 42 53 36 84 37 3 11 5 17 45 90 22 202 1 0 0 4 58 61 501 58 2 11 6 6 17 24 77 18 3 18 19 29 24 19 8 25 3 13 0 8 231 283 561 173 0 6 2 15 57 34 42 32 0 3 2 14 41 36 10 60 4 1 1 11 41 45 270 47 13 4 7 8 33 20 48 18 6 9 7 34 
84 56 6 49 64 41 10 70 118 48 428 62 32 32 31 37 59 38 61 60 13 15 22 24 71 59 3 52 54 36 10 50 76 83 241 74 20 39 29 56 29 54 39 48 5 13 26 30 42 45 2 44 19 36 5 53 108 81 266 80 11 15 23 21 45 29 33 57 14 13 41 25 70 74 10 81 34 63 7 105 63 84 204 53 35 29 16 46 39 30 37 42 22 9 37 45 
106 67 19 71 70 43 21 71 98 54 46 59 45 25 52 38 96 56 92 97 23 11 34 31 87 103 16 80 60 54 18 67 92 70 35 94 27 38 77 54 57 50 47 60 11 17 43 44 98 75 20 71 34 32 11 37 86 72 35 68 24 26 47 42 41 42 44 48 14 12 39 28 99 99 17 132 26 51 6 95 49 92 48 74 44 35 37 53 52 48 53 50 33 16 38 81 
31 24 3 50 15 14 2 25 40 36 199 45 11 6 7 12 33 30 31 28 3 15 17 34 30 34 7 79 17 11 3 26 41 36 122 38 3 13 5 11 12 20 20 22 12 11 25 71 21 23 4 41 19 15 2 17 39 96 181 81 4 3 10 11 38 56 33 58 3 14 24 24 129 63 19 999 13 22 2 30 39 121 711 149 16 14 3 25 24 46 30 40 30 35 20 223 
0 3 1 2 1 1 0 2 2 93 7 26 9 4 4 20 4 1 11 6 0 0 6 0 10 4 2 8 3 1 1 4 373 474 102 428 0 9 3 18 4 2 6 28 0 4 6 8 5 1 0 1 2 3 0 0 9 102 8 81 1 1 4 7 0 0 2 43 0 1 5 8 3 10 1 6 1 9 0 1 579 1404 501 394 2 11 7 26 9 11 9 12 0 7 7 5 
125 111 34 89 26 10 9 21 86 39 268 57 43 21 41 58 90 33 59 63 40 7 20 27 114 123 15 120 28 21 13 31 67 62 162 73 29 35 78 61 39 50 54 43 27 13 27 76 108 80 35 95 15 19 11 30 55 50 160 47 21 27 43 35 43 22 35 43 11 1 19 26 111 110 15 136 17 30 6 25 46 58 102 62 50 23 42 58 31 32 29 50 60 12 37 89 
119 76 11 92 69 51 11 84 97 56 77 87 50 29 51 67 141 64 110 107 30 13 37 14 87 59 16 85 36 36 10 68 87 55 40 74 26 56 51 64 65 83 74 84 10 14 37 42 55 59 9 57 28 26 6 39 90 51 44 74 24 21 37 44 70 47 35 56 10 5 44 26 86 71 15 106 33 48 6 56 51 84 29 52 57 41 43 74 72 64 41 65 26 26 44 51 
66 52 28 47 13 6 9 14 108 63 309 61 8 15 23 27 38 23 95 17 0 6 6 9 103 159 42 241 11 15 13 15 56 49 268 46 11 25 53 22 21 15 101 18 3 16 27 36 53 78 46 67 10 18 6 16 216 261 428 195 4 24 18 17 49 25 38 24 0 4 0 8 73 85 15 225 8 17 4 5 33 37 220 56 9 7 16 10 18 13 41 19 5 8 5 57 
13 20 5 31 14 13 4 20 129 63 311 55 8 29 6 28 59 33 124 24 11 10 8 18 56 88 47 226 6 5 1 11 43 42 324 49 5 17 20 10 31 27 109 24 7 18 37 57 24 36 12 48 5 14 4 7 271 281 490 214 1 11 11 11 41 27 61 41 4 4 10 14 43 30 6 231 4 9 2 7 33 39 283 43 6 8 8 13 37 29 58 31 27 33 11 71 
87 57 14 65 67 37 14 56 125 54 68 68 45 36 55 58 167 73 172 120 22 14 40 31 50 38 10 51 37 39 19 63 113 90 50 96 20 36 59 50 72 74 85 87 9 13 41 64 52 40 15 55 25 29 4 44 90 72 66 89 28 18 28 25 68 50 50 74 10 6 58 17 83 53 9 91 22 53 8 62 48 86 42 64 47 29 33 50 63 61 56 63 19 28 31 75 
31 30 4 15 23 9 2 14 107 52 269 64 25 20 17 48 81 42 108 60 57 13 16 38 44 69 31 154 8 6 2 15 60 65 244 49 14 23 24 17 63 36 102 62 34 21 35 118 46 44 9 32 1 17 1 18 193 237 320 145 15 16 13 12 51 39 49 49 15 6 18 47 52 30 7 85 15 13 0 24 96 69 141 79 47 8 25 37 49 40 50 71 85 15 17 111 
32 22 9 31 31 12 3 20 30 67 28 32 15 18 13 20 17 13 15 19 1 4 21 8 42 36 7 50 16 25 10 38 279 352 94 297 6 19 19 31 13 15 26 33 0 14 9 16 24 21 7 20 11 20 3 18 25 86 34 90 8 8 14 12 6 14 13 51 3 4 30 11 27 30 3 58 16 28 5 28 441 971 392 309 18 16 9 40 15 26 13 31 12 10 13 28 
120 94 29 83 26 11 6 24 100 51 397 66 33 28 28 51 62 23 61 51 11 5 12 12 111 137 22 158 23 18 15 23 68 55 240 71 30 43 59 54 17 27 56 29 2 9 20 17 103 105 43 84 13 13 4 18 91 110 318 75 32 18 37 35 36 21 27 40 0 2 15 7 119 132 22 149 15 20 14 24 43 52 151 52 28 19 18 42 26 23 33 30 3 8 20 22 
71 46 17 47 65 44 14 81 113 62 83 81 34 43 42 50 163 58 110 129 16 12 20 17 51 48 16 76 62 39 16 41 97 77 82 110 22 27 51 47 76 61 91 88 12 17 44 61 60 45 20 47 45 27 3 49 112 107 86 95 34 18 29 20 66 49 70 58 9 5 40 18 64 69 22 84 24 41 10 50 46 91 38 61 36 29 33 51 80 52 55 74 26 23 32 67 
58 38 7 41 54 27 10 41 58 79 39 40 21 23 20 29 24 17 24 39 1 1 14 16 49 43 5 54 46 27 13 55 168 189 93 162 11 37 28 40 22 34 26 29 7 23 27 32 22 26 4 28 22 23 2 39 65 77 48 77 8 19 18 22 23 16 14 29 8 11 30 12 39 43 2 49 78 42 8 120 561 635 229 337 16 21 16 46 19 30 17 27 14 12 21 34 
73 57 24 44 32 26 8 30 107 68 224 74 29 24 34 43 93 42 124 71 13 8 14 14 77 107 35 166 21 23 15 30 98 79 199 79 14 32 56 32 41 57 104 49 9 15 27 48 71 70 17 50 15 21 5 28 178 204 264 129 19 19 25 23 53 35 50 49 4 4 25 14 67 76 19 100 6 25 6 17 36 54 123 42 25 17 24 31 55 38 51 38 10 11 20 48 
105 113 9 100 26 17 1 33 103 48 301 103 38 43 54 86 60 38 77 73 10 12 18 19 112 129 19 180 16 17 3 21 38 38 211 87 28 56 56 95 24 41 75 36 7 18 23 23 72 59 7 75 10 12 1 18 110 143 290 116 30 32 28 41 54 28 44 30 3 8 20 18 91 68 10 120 19 10 0 23 38 27 106 47 37 41 21 76 33 19 24 31 13 13 17 27 
39 18 1 20 29 13 8 24 61 17 34 40 18 12 20 15 40 24 44 40 5 4 11 15 26 15 3 21 24 20 5 41 75 32 32 53 11 20 14 25 22 26 25 28 7 6 17 13 26 12 5 21 21 12 5 24 41 25 13 45 9 11 9 10 20 11 16 27 5 2 17 7 62 41 15 75 154 23 8 229 1439 283 159 803 17 9 15 18 20 27 16 24 6 10 15 25 
50 35 5 23 10 8 2 11 136 75 623 54 19 17 7 50 63 29 74 51 21 9 10 17 22 62 21 105 6 3 2 3 93 96 411 89 3 15 8 12 32 29 57 45 9 15 18 31 37 25 3 25 5 10 0 3 160 220 546 134 5 8 1 19 51 38 36 35 3 2 3 20 36 30 9 60 9 5 0 12 73 138 331 59 18 9 8 20 33 24 42 28 19 8 11 43 
105 68 8 56 107 59 28 108 98 45 100 80 24 39 20 33 59 44 58 79 11 12 38 29 101 75 11 103 60 59 21 89 62 32 104 76 36 53 55 63 42 72 54 46 10 25 50 42 37 53 7 57 44 50 8 63 129 93 110 92 13 23 38 44 48 32 35 43 11 21 64 41 43 78 9 89 81 90 7 139 36 55 30 47 27 50 25 59 42 46 32 54 24 20 47 65 
6 8 1 20 3 3 0 5 96 50 300 57 3 10 0 21 33 21 59 16 0 14 4 48 32 78 29 194 0 0 0 0 23 22 286 37 0 13 4 6 15 14 82 11 4 17 25 70 10 14 4 42 0 9 0 6 190 266 448 169 0 9 3 12 38 30 48 39 0 12 4 21 91 31 7 684 0 0 0 1 29 61 570 98 0 3 0 5 23 27 34 20 15 24 4 159 
56 37 8 46 24 16 3 25 57 38 105 40 31 17 18 55 82 32 59 109 110 32 14 52 43 51 5 83 12 11 4 22 56 46 80 38 21 27 29 32 79 46 73 107 66 23 47 217 62 51 9 43 8 14 3 19 58 79 127 69 11 15 16 12 47 46 52 62 25 8 24 67 104 44 7 331 12 10 2 28 38 52 169 48 85 11 56 58 53 52 38 106 170 29 39 247 
117 89 39 67 47 31 6 33 80 57 68 75 45 23 61 48 117 39 87 95 10 4 31 12 107 116 18 71 33 34 14 34 132 124 55 140 34 41 89 57 56 38 62 61 6 20 30 37 88 94 29 66 32 27 7 20 60 77 40 78 32 18 31 28 56 22 49 52 4 0 26 12 104 138 24 117 21 49 13 29 94 181 55 77 41 25 37 38 48 59 36 62 9 12 32 61 
70 39 10 46 21 17 2 30 40 24 59 51 47 16 37 71 125 56 85 133 119 29 24 82 62 45 3 50 11 24 3 27 49 33 53 74 22 38 30 23 74 64 65 118 74 18 49 197 59 43 7 60 12 15 2 23 40 49 54 62 15 14 18 24 46 44 35 53 27 3 15 73 119 45 4 241 13 16 1 25 32 51 75 76 76 14 72 57 72 66 49 132 210 30 33 259 
16 20 5 18 5 18 0 19 159 91 439 88 4 17 2 39 40 20 114 19 2 7 5 20 54 112 44 264 8 4 1 6 44 51 464 44 6 22 4 11 34 30 111 25 1 16 27 41 14 28 12 48 5 11 0 14 305 331 603 220 1 10 4 14 64 30 48 21 0 11 10 22 18 18 9 32 1 9 0 21 35 30 175 20 4 9 1 3 33 22 58 14 11 11 10 39 
5 4 2 50 1 1 1 5 0 16 67 22 0 2 0 2 14 16 14 26 1 28 6 66 18 5 2 78 0 0 0 0 6 12 58 25 0 2 1 5 5 7 9 13 10 9 25 99 12 9 0 46 0 0 0 4 3 69 134 71 0 2 0 1 30 56 37 53 0 11 4 13 194 57 17 1463 3 0 0 6 46 98 1024 203 0 2 0 16 13 63 34 51 21 44 9 343 
202 148 81 112 57 26 12 31 60 41 16 33 21 32 35 18 44 10 38 21 0 2 7 3 216 324 35 193 66 47 26 45 121 73 30 116 36 56 146 60 26 9 52 31 0 5 24 11 176 204 116 140 33 48 34 33 38 40 9 42 37 25 59 24 23 8 19 17 0 1 11 3 158 254 43 155 20 64 25 28 19 39 3 44 22 21 38 35 21 10 23 9 1 6 14 10 
171 138 68 118 50 29 22 23 64 28 31 27 19 21 44 15 38 19 34 28 0 0 14 13 201 275 37 172 49 42 21 50 98 60 48 94 33 56 173 54 24 19 42 30 3 9 33 20 148 158 79 110 35 46 19 26 45 38 28 39 28 22 64 26 35 14 18 19 3 0 14 9 151 243 49 290 12 60 19 44 16 41 96 52 16 18 39 21 22 15 23 13 9 7 22 42 
35 24 8 31 24 16 2 21 129 67 311 59 17 16 25 33 56 33 106 55 14 7 7 23 43 76 33 210 12 7 10 14 88 74 279 77 7 14 12 18 31 25 92 45 12 20 28 55 34 33 15 44 8 21 2 13 230 290 428 179 6 14 12 15 79 44 46 51 9 5 16 30 39 38 10 59 6 12 0 6 69 150 179 62 22 7 17 24 47 37 49 35 27 21 11 48 
62 55 12 79 20 6 3 14 40 29 107 50 16 14 20 38 42 22 32 30 7 18 11 47 72 51 7 85 8 13 6 11 21 24 81 47 20 25 31 50 8 21 13 26 13 8 23 68 44 50 10 72 4 6 5 12 19 47 115 66 11 12 16 22 36 34 17 45 3 4 8 19 169 80 18 1049 10 10 4 7 27 73 690 144 28 16 18 42 15 39 35 49 21 35 21 217 
103 71 18 75 75 36 11 93 88 62 59 69 58 40 57 51 115 61 95 117 11 10 25 21 65 63 9 67 66 51 22 62 98 76 39 94 26 28 65 54 56 68 76 91 8 20 44 47 67 40 14 64 34 36 5 45 98 77 36 81 27 28 37 28 60 47 66 74 13 5 57 19 67 68 16 88 35 52 12 79 53 104 29 71 38 34 38 66 75 49 41 61 21 31 41 57 
187 163 53 133 42 23 10 35 78 37 49 78 51 37 65 53 67 17 52 45 5 1 22 5 198 230 29 184 42 36 27 37 61 48 40 100 39 66 128 81 26 30 40 33 5 10 34 14 163 140 64 117 16 23 16 34 27 17 36 30 37 31 68 67 34 16 32 37 0 2 20 11 155 180 36 189 23 30 7 30 33 28 24 51 48 36 50 69 25 16 8 26 5 6 18 23 
16 13 2 43 9 5 1 8 36 28 194 32 5 7 5 15 29 29 17 25 0 10 10 47 27 22 4 74 2 4 1 8 57 68 108 64 5 6 11 2 7 20 9 21 9 9 13 83 17 16 1 44 2 5 0 2 21 63 192 67 1 1 4 8 41 45 22 45 0 4 7 11 137 52 13 1137 0 3 0 5 75 222 861 173 8 6 7 17 16 43 31 49 17 24 15 250 
38 23 9 21 16 11 3 13 129 74 366 75 8 18 10 29 50 39 118 34 4 9 2 12 53 81 39 249 6 5 5 12 53 53 356 64 3 14 17 15 45 25 127 42 1 22 26 39 31 22 8 52 4 17 1 6 284 321 574 241 10 16 8 20 65 36 64 28 0 7 20 16 21 21 15 39 5 6 0 14 42 63 151 42 12 5 11 21 30 32 66 29 7 13 7 34 
130 123 67 76 38 26 14 18 86 52 245 45 14 14 36 24 46 15 63 33 4 2 5 5 157 228 38 182 37 30 20 37 100 64 174 91 19 41 90 38 30 11 70 32 2 4 24 24 140 133 68 90 24 38 19 21 87 110 185 88 28 22 47 20 40 15 31 19 0 0 13 9 122 195 37 138 13 39 11 29 43 34 112 37 22 24 26 23 25 23 22 19 1 5 12 17 
