500 96
3 2 0 2 0 2 0 2 1 1 1 2 0 1 0 1 2 1 0 1 0 0 0 0 0 6 0 2 0 0 0 0 10 12 4 10 1 1 1 2 2 0 0 0 0 1 0 0 0 2 1 1 0 0 0 0 1 8 0 2 0 1 0 0 1 0 0 3 0 0 1 0 1 3 0 0 0 0 1 0 18 45 16 9 0 1 2 5 2 1 0 0 0 0 0 1 
0 1 0 1 0 1 0 1 2 2 9 0 1 1 0 2 5 1 1 1 0 1 1 3 1 1 0 1 1 0 0 0 2 3 8 2 0 0 0 0 1 0 0 0 0 0 0 1 0 2 0 2 0 0 0 1 0 4 8 4 0 0 0 0 3 2 1 1 0 0 0 1 5 3 0 44 0 1 0 0 5 9 27 10 1 0 0 0 1 0 0 3 0 0 1 6 
0 0 0 3 1 1 0 0 2 1 2 4 0 0 0 0 3 0 3 1 0 0 1 3 2 1 0 6 0 2 0 0 6 5 4 3 0 0 0 1 0 0 1 1 0 0 3 4 0 1 0 2 0 0 0 1 1 3 2 3 0 0 0 0 0 2 0 2 0 0 0 0 5 3 0 38 0 0 0 1 8 9 25 12 0 0 1 0 1 1 0 1 0 1 0 13 
0 0 1 0 0 0 0 0 6 4 18 2 0 0 0 2 0 0 2 0 1 0 0 0 4 5 2 9 0 0 0 0 5 1 14 3 0 2 1 0 1 2 4 4 0 1 1 5 1 2 2 3 0 1 0 1 7 8 25 8 0 0 0 1 4 1 2 1 0 2 1 0 1 2 0 3 0 2 0 0 1 4 9 3 0 0 1 0 1 1 1 0 1 0 0 0 
3 3 0 3 0 0 0 1 6 1 9 1 0 2 3 1 2 1 1 1 0 0 2 3 5 4 0 5 0 0 0 2 3 5 9 4 0 3 5 0 1 2 3 0 0 1 3 2 3 1 0 2 1 0 0 0 7 8 15 3 1 0 1 2 2 1 2 1 0 0 0 2 4 1 0 10 0 0 0 1 1 1 13 1 0 2 1 5 2 1 1 2 0 0 1 1 
6 2 2 4 1 0 0 2 3 1 1 3 2 1 2 1 5 3 5 4 1 1 0 1 7 8 1 5 1 1 0 3 4 3 1 1 0 0 5 1 5 1 5 0 0 0 1 1 3 5 0 5 4 1 0 1 5 4 5 5 1 1 1 0 1 1 1 3 0 0 0 2 3 5 0 7 1 0 0 0 1 7 2 2 0 1 1 0 2 2 3 2 1 1 1 4 
0 0 3 1 0 1 0 0 1 0 0 0 0 0 0 0 0 0 0 0 0 0 0 0 3 0 1 2 1 0 0 0 3 2 1 2 0 0 0 0 0 0 0 0 0 1 1 1 1 0 0 1 0 0 0 0 2 0 1 5 0 1 0 0 0 0 0 0 0 0 0 0 4 5 3 19 12 0 0 12 52 8 10 37 0 0 0 0 0 0 0 0 0 0 0 3 
1 4 0 0 1 0 0 0 1 0 6 1 2 0 1 1 2 0 1 2 5 0 1 0 3 1 0 1 0 0 0 0 4 2 5 3 1 3 1 0 1 1 4 2 1 1 2 2 2 3 0 2 0 2 0 0 1 3 4 3 0 0 1 0 1 1 0 1 1 0 1 1 5 0 0 4 3 0 0 6 24 12 9 19 1 0 2 4 1 5 1 3 4 1 0 2 
8 2 1 2 1 0 0 1 1 0 0 0 2 0 3 0 1 2 3 5 0 1 2 0 3 9 1 3 0 4 1 3 4 4 3 2 3 3 5 5 2 1 2 6 1 2 5 2 0 4 0 3 1 3 1 4 5 3 0 2 0 1 1 2 1 1 2 1 0 1 1 1 1 3 2 3 2 1 0 3 7 5 1 5 1 1 2 3 1 3 1 2 2 1 1 2 
2 4 0 2 4 1 1 2 4 0 0 1 0 2 1 0 2 0 2 6 1 0 1 3 3 2 0 1 1 2 2 2 8 8 2 8 0 1 1 6 2 1 3 3 0 1 1 1 0 0 0 1 3 2 0 1 1 3 0 2 3 1 1 1 0 1 1 2 0 0 5 1 2 2 0 4 4 1 1 2 10 20 5 4 2 1 1 1 2 3 0 3 0 2 2 1 
2 0 1 4 1 0 0 0 8 3 10 1 1 0 3 6 3 1 1 0 0 0 1 0 3 7 1 10 1 0 0 1 0 2 5 3 5 2 3 2 2 1 2 3 0 0 2 0 5 7 0 2 3 2 0 1 4 1 6 4 0 1 1 1 1 1 2 0 0 0 3 0 10 1 3 8 1 2 0 0 4 2 8 2 1 3 3 1 0 0 0 2 1 0 1 1 
3 4 1 3 6 1 0 6 1 0 1 4 2 2 2 2 5 1 2 3 1 1 1 1 4 4 0 4 2 2 2 2 2 2 0 4 3 2 4 2 1 2 1 3 0 5 1 4 1 1 0 2 4 4 0 4 1 2 0 3 0 1 1 0 3 0 2 2 0 1 4 2 5 2 1 6 3 3 1 7 2 1 0 2 1 3 1 2 1 0 1 1 2 1 2 5 
0 0 0 0 0 0 0 0 0 8 7 3 0 2 1 0 2 0 1 0 0 0 1 0 0 0 2 0 0 0 0 0 17 18 5 14 0 1 0 0 0 1 0 3 0 0 1 1 0 0 0 0 0 0 0 0 2 3 4 2 0 0 0 1 0 0 0 3 0 0 0 1 0 0 0 0 0 0 0 1 18 41 16 13 0 0 2 0 1 0 0 1 0 1 0 2 
6 2 1 5 2 2 0 0 8 0 0 3 0 0 3 0 3 1 4 5 0 0 2 0 10 5 1 7 4 3 1 0 5 3 2 3 1 1 6 0 2 2 5 3 0 0 1 1 1 3 2 2 1 1 0 0 1 1 2 2 0 3 5 4 1 2 4 4 1 0 1 0 11 5 0 8 1 2 0 1 2 3 1 2 0 3 1 0 1 1 1 1 1 1 0 0 
3 3 2 2 2 0 0 0 3 5 10 0 0 0 2 0 1 0 3 3 0 0 0 0 5 10 0 14 2 2 0 2 2 3 12 4 1 0 0 1 3 1 2 1 0 0 0 0 4 4 1 5 0 1 2 0 4 4 10 6 0 0 3 0 2 1 2 1 0 0 0 0 1 2 1 13 0 2 0 1 4 3 11 1 0 0 2 0 1 0 0 1 0 0 0 3 
3 2 1 5 3 2 1 6 8 3 5 2 1 2 1 1 3 1 6 3 1 0 3 1 4 1 0 4 3 3 1 8 2 3 4 6 1 6 0 2 1 4 2 0 0 3 1 1 0 2 0 1 2 0 0 1 5 0 4 2 0 1 0 2 2 1 2 1 1 1 1 0 1 3 0 2 4 4 1 0 1 1 5 2 0 1 1 3 1 3 1 4 1 1 4 3 
0 1 0 0 0 0 0 0 0 2 1 1 0 1 0 1 0 2 0 1 0 0 0 1 1 0 0 4 0 0 0 0 6 4 5 3 0 0 0 0 0 0 0 0 0 1 0 2 1 0 0 2 0 0 0 0 0 5 6 5 1 0 0 0 0 0 1 2 0 2 1 0 5 2 2 45 0 0 0 0 5 14 33 12 0 0 0 2 1 1 0 3 1 1 0 10 
2 2 0 1 0 0 1 0 2 3 20 0 0 0 0 0 2 2 0 1 1 1 1 1 1 2 0 1 0 0 0 0 3 3 11 3 0 1 0 1 0 1 1 1 0 1 0 2 2 1 0 0 0 0 0 0 6 1 6 1 0 0 1 0 3 1 0 1 0 0 1 0 4 2 0 4 6 0 0 7 39 6 15 15 1 0 0 0 2 0 0 0 0 0 0 3 
4 1 1 2 2 0 0 3 3 1 3 4 4 2 3 2 6 3 4 3 4 2 0 1 1 2 0 1 0 1 2 3 4 3 1 2 0 1 0 2 1 3 4 5 3 0 0 1 3 4 0 1 0 0 0 3 3 5 4 1 1 1 2 0 5 2 2 2 0 0 1 0 5 4 1 9 2 0 0 3 2 4 5 4 1 1 5 0 6 1 1 2 2 0 2 2 
3 3 0 3 2 1 1 2 2 3 16 2 1 1 1 5 3 2 2 1 0 0 0 2 2 3 0 3 0 1 0 0 5 3 4 6 0 2 0 5 1 1 2 0 0 0 1 1 2 2 0 2 1 0 0 2 5 1 2 4 0 3 0 0 1 0 2 2 0 0 0 1 3 3 0 5 4 2 0 0 14 9 9 11 0 0 0 5 1 1 1 3 0 1 0 2 
8 3 1 1 1 0 0 3 3 2 1 3 3 0 0 2 3 3 2 6 5 1 2 3 2 1 1 3 1 1 0 0 2 0 2 1 2 1 1 2 2 3 3 4 3 0 2 13 2 3 0 4 1 0 0 0 0 1 2 3 2 1 0 1 2 1 3 0 0 0 0 2 6 4 1 4 0 1 1 2 4 3 0 1 3 1 1 0 1 3 2 4 8 2 3 11 
0 4 0 1 4 0 0 0 1 2 7 2 0 1 1 2 1 0 2 0 0 0 1 0 3 5 0 4 2 2 0 2 2 3 3 4 5 1 3 3 0 3 2 3 0 1 2 2 5 2 0 1 0 0 0 0 1 2 6 2 0 1 0 2 4 3 1 0 0 0 0 1 6 2 0 7 3 1 0 3 19 5 14 8 2 0 1 6 1 0 0 3 1 1 0 2 
5 4 1 5 0 1 0 0 4 2 15 6 4 3 1 0 1 2 4 1 1 0 1 0 3 7 1 5 1 0 0 0 0 2 7 4 2 1 3 4 0 1 2 0 0 0 1 1 1 1 0 1 0 1 0 0 11 11 9 9 0 2 3 1 2 2 1 0 0 0 0 2 1 1 0 3 0 0 0 0 3 5 4 2 0 1 2 2 2 2 2 2 0 0 4 1 
2 1 0 2 0 0 0 0 5 2 8 1 0 0 0 1 0 0 0 0 0 1 0 3 1 2 1 5 0 0 0 0 7 5 3 6 0 1 0 1 1 0 0 2 0 0 3 3 1 3 0 0 0 0 0 0 2 5 9 1 0 1 0 0 1 1 3 2 0 0 0 0 5 0 0 23 0 0 0 0 9 20 33 6 0 1 1 0 1 1 0 1 0 0 0 3 
4 3 2 2 2 0 0 1 3 3 11 1 0 0 2 4 3 1 4 0 1 0 0 3 2 5 0 5 3 0 0 2 3 1 6 2 1 1 4 2 3 3 4 3 1 0 1 2 4 0 0 3 1 0 0 1 10 8 9 8 2 0 0 0 1 0 4 3 0 1 1 0 3 6 0 4 0 1 0 1 3 4 3 1 0 0 1 2 2 3 1 2 0 0 0 3 
1 0 0 3 0 0 0 0 3 4 3 0 0 2 1 1 0 1 2 1 8 0 0 3 1 2 1 1 0 0 0 1 9 7 3 2 0 2 1 0 1 1 3 4 1 1 1 9 1 1 0 0 0 0 0 0 3 6 3 2 2 1 0 1 2 0 0 3 0 0 2 1 2 0 0 2 1 0 0 1 8 29 15 7 1 1 1 2 2 3 1 4 2 2 2 2 
0 2 0 2 0 0 0 1 7 2 15 7 0 0 0 3 0 0 6 1 0 1 0 1 3 4 5 15 1 0 0 0 4 2 16 1 0 3 0 1 0 3 3 1 0 1 1 4 0 3 0 1 0 0 0 0 14 13 14 9 0 0 0 0 2 1 2 0 0 0 0 1 0 1 0 1 0 0 1 1 2 0 8 2 0 0 0 0 2 1 3 1 0 0 0 1 
5 3 1 2 3 4 1 3 3 5 0 3 2 1 1 0 2 1 4 2 1 0 2 1 1 4 0 1 7 1 1 6 5 1 0 3 0 0 4 4 2 4 2 2 0 2 3 1 1 4 0 1 2 1 0 3 2 4 1 7 1 1 1 1 1 3 0 4 0 1 1 1 0 5 0 2 3 3 0 3 4 4 0 8 0 2 0 5 1 4 1 3 0 3 1 3 
4 1 1 5 4 1 0 0 6 2 0 3 0 0 1 1 3 1 3 6 1 0 0 0 3 1 0 4 3 3 1 1 5 7 2 2 0 2 2 1 2 2 4 3 0 3 5 1 4 0 0 1 2 2 1 4 2 4 2 2 1 2 1 2 5 0 3 3 0 1 2 0 5 6 1 11 0 2 0 3 5 3 2 3 3 1 2 0 1 1 0 3 1 0 0 3 
2 0 0 3 1 1 0 2 7 2 6 2 3 1 3 3 5 0 3 5 3 1 0 2 1 2 0 1 0 0 0 1 0 4 3 2 0 1 1 3 5 1 2 2 2 2 2 10 2 2 0 0 0 1 0 0 4 3 10 1 0 1 1 0 1 0 2 1 1 1 1 1 2 0 1 11 0 1 0 1 1 2 3 2 4 1 4 4 3 4 0 3 14 1 3 2 
0 1 0 1 0 1 0 1 2 1 1 2 0 0 0 1 3 1 1 2 0 2 3 2 3 2 0 4 1 1 0 3 0 2 0 5 1 1 2 3 0 1 0 4 0 0 2 8 1 1 0 1 1 0 0 2 3 3 1 3 3 0 1 0 1 3 1 2 0 0 1 0 3 3 1 34 0 1 1 3 2 4 27 8 1 0 0 2 0 2 0 4 0 0 0 8 
6 2 1 1 1 2 0 4 2 3 2 4 0 2 2 3 5 2 1 5 1 1 1 0 2 0 0 3 2 0 1 3 3 6 1 3 0 1 2 4 2 2 4 5 0 0 3 1 3 2 1 3 0 1 1 0 4 5 2 4 1 2 0 2 3 5 2 0 0 0 2 1 4 4 1 5 2 1 0 2 3 3 2 6 1 1 1 1 3 2 3 5 2 2 0 3 
2 2 1 2 0 0 0 1 6 4 34 0 0 1 3 1 2 0 4 3 1 0 1 0 2 4 0 2 0 0 0 0 1 1 9 4 1 0 0 1 0 0 1 3 0 0 1 3 1 1 0 1 0 0 0 0 6 2 8 3 0 0 1 3 1 1 2 5 0 0 0 0 1 3 1 4 1 1 0 2 4 3 17 4 3 2 0 3 3 5 2 0 2 0 2 1 
0 0 0 0 0 0 0 0 1 2 1 0 0 0 0 1 0 0 0 0 0 0 1 0 1 0 0 0 0 0 0 0 14 9 6 10 0 0 0 1 0 0 1 0 0 0 0 0 0 0 0 0 0 0 0 0 0 1 0 3 0 0 0 0 0 0 0 2 0 0 2 0 5 0 0 1 5 1 0 8 45 40 15 24 0 0 0 0 0 0 0 0 0 0 0 0 
3 1 0 0 1 2 0 0 5 2 33 4 0 0 1 1 3 2 2 1 0 0 0 1 1 0 0 2 0 0 0 0 2 6 15 3 0 0 0 0 3 0 2 5 0 0 0 1 0 1 0 1 0 0 0 0 3 8 19 3 0 0 1 1 3 2 2 1 0 0 0 0 7 2 1 7 0 0 0 1 3 4 14 3 0 0 0 1 2 1 1 3 0 0 2 1 
5 5 1 4 1 1 0 0 1 2 3 2 4 2 3 2 3 1 4 1 0 0 0 1 7 3 0 5 2 1 0 0 2 9 9 5 0 6 2 2 1 0 1 2 0 1 0 1 6 2 1 2 0 0 0 1 0 6 7 2 0 1 0 2 2 1 2 1 0 0 1 0 3 3 0 1 0 0 0 0 8 18 5 8 2 2 0 1 0 0 1 2 1 1 0 2 
3 1 1 5 4 3 1 3 2 2 7 2 1 3 0 2 0 2 2 1 0 0 2 1 1 9 2 9 2 0 2 1 2 1 16 1 0 1 1 1 1 1 1 0 0 0 1 0 1 3 3 1 0 1 0 2 3 6 8 0 1 2 1 0 1 0 2 0 0 0 1 0 3 6 0 2 1 0 0 7 21 5 3 11 0 2 0 0 0 0 1 0 0 0 1 0 
8 5 0 4 5 3 0 1 7 2 5 3 3 2 5 2 3 3 1 2 1 0 0 2 0 3 0 7 2 1 1 3 4 0 1 2 2 4 5 4 0 1 0 3 0 1 1 1 5 0 0 4 1 0 0 1 0 1 1 0 2 0 2 3 4 1 2 1 0 1 0 2 5 2 0 12 0 2 0 1 2 1 8 2 5 4 0 3 0 1 1 3 1 0 2 1 
2 2 0 3 2 1 0 0 6 1 13 1 1 0 1 0 2 1 3 1 0 0 0 0 5 1 0 4 0 0 0 0 0 0 4 1 0 0 0 1 0 1 0 0 0 0 0 4 2 2 1 1 0 0 0 0 2 3 13 3 0 0 0 1 0 1 0 5 0 0 0 0 4 4 1 43 1 1 0 1 2 4 27 4 0 0 0 2 0 2 2 3 0 0 0 4 
7 2 1 2 5 3 1 5 2 3 2 5 2 0 2 0 7 1 6 3 0 0 1 1 4 4 0 3 2 4 1 7 2 1 0 5 1 2 1 2 0 6 3 2 0 0 2 0 2 2 0 6 2 5 0 4 4 1 0 0 0 0 1 2 2 1 1 1 1 1 3 1 2 3 1 5 4 3 1 4 1 0 0 1 1 2 3 7 0 0 1 2 1 1 2 2 
0 1 0 1 0 0 0 0 3 1 0 0 0 1 0 0 0 1 0 0 0 0 0 1 0 0 0 0 0 0 0 0 2 0 1 0 0 0 0 0 0 0 1 0 0 0 0 1 1 0 0 1 0 0 0 2 3 1 1 2 0 0 0 0 1 1 0 0 0 1 0 0 5 1 0 24 6 0 0 9 59 11 11 36 0 1 0 1 0 1 0 0 1 3 0 3 
4 0 1 1 1 0 0 1 4 0 0 1 0 0 0 0 1 0 0 1 0 0 0 0 1 8 0 3 1 0 1 0 4 1 2 4 0 0 4 1 1 0 0 0 0 1 2 0 3 5 1 2 0 1 0 3 4 1 0 0 1 1 1 0 1 0 0 0 0 0 0 0 5 4 0 9 5 0 1 10 50 10 5 23 0 0 1 1 0 0 2 0 0 0 1 0 
2 1 1 0 3 2 0 3 2 2 3 3 4 1 2 3 6 0 4 2 0 1 1 2 4 1 1 4 1 3 0 5 4 1 1 6 2 2 2 2 3 4 1 3 0 0 1 0 6 1 0 3 1 3 0 0 7 3 6 0 0 1 2 0 4 1 1 2 0 1 1 0 2 2 3 3 1 2 0 2 1 6 5 5 2 0 0 2 3 4 2 5 0 1 2 5 
0 0 1 0 0 1 0 0 7 6 9 4 0 0 0 1 2 2 5 0 0 0 0 2 3 4 2 13 0 0 0 0 2 0 21 3 0 0 0 1 1 0 6 0 0 1 0 1 0 1 0 0 0 2 0 0 11 16 22 8 0 3 0 1 2 1 1 0 0 0 0 0 0 0 0 2 0 0 0 0 10 2 11 2 0 1 0 1 1 0 1 1 0 0 1 1 
1 2 0 0 2 0 1 3 6 3 1 6 1 2 1 3 2 2 2 4 1 0 0 1 4 1 0 5 3 4 0 4 5 5 3 9 0 1 1 4 2 2 2 1 2 1 0 1 2 1 0 1 1 2 0 3 2 2 1 0 0 0 0 0 0 1 0 3 0 0 2 1 0 0 1 1 2 7 0 0 13 16 4 6 0 0 3 6 2 3 3 1 1 2 0 3 
0 0 0 1 0 1 0 0 2 0 4 1 3 0 0 2 2 3 4 2 4 0 1 0 2 0 0 0 0 0 0 0 0 1 2 3 1 0 0 0 5 0 1 4 2 1 2 4 1 0 0 0 0 1 0 0 0 1 4 2 0 0 1 0 0 1 2 8 0 0 0 0 10 0 0 30 0 0 0 1 3 8 26 12 1 0 0 0 1 4 2 6 5 0 1 11 
4 3 1 3 0 1 0 0 2 0 4 0 0 0 0 2 3 1 3 1 1 0 0 2 3 5 1 3 0 1 2 0 2 0 7 3 0 1 1 2 0 1 2 0 0 0 1 6 4 3 2 3 0 0 0 0 2 1 10 2 0 0 2 0 1 1 1 2 0 0 0 0 5 7 0 29 0 1 0 1 7 6 20 4 0 0 0 0 1 1 4 3 0 2 1 2 
0 1 0 2 1 0 0 0 1 5 1 2 0 1 1 3 0 1 3 1 0 0 0 0 0 0 0 0 1 0 0 0 11 14 3 14 0 0 0 1 3 2 1 0 0 0 1 1 1 1 0 1 1 0 0 0 1 5 0 5 0 1 1 0 1 1 0 2 0 0 0 0 0 0 0 1 0 1 0 2 14 50 14 13 0 0 1 4 1 1 1 1 0 0 0 0 
7 3 0 2 2 0 0 2 4 3 15 3 2 1 1 1 1 3 0 2 1 0 0 2 5 2 1 10 1 0 0 1 1 3 8 5 0 5 4 2 0 0 2 1 1 0 0 2 2 2 0 0 2 2 0 0 6 10 12 5 2 0 2 2 5 1 0 0 0 0 1 0 1 3 0 2 0 1 0 3 0 0 6 0 1 2 1 5 3 1 0 5 0 1 1 1 
0 1 0 0 1 0 0 0 0 3 0 0 0 0 2 0 1 0 0 1 0 0 1 0 1 1 1 1 2 1 0 0 17 13 3 13 0 1 0 2 2 0 0 3 0 0 0 0 0 0 1 1 0 0 0 0 0 6 0 3 0 0 0 0 0 0 0 1 0 0 0 0 0 1 0 0 0 0 0 0 19 51 24 16 0 0 1 0 0 0 0 3 0 1 0 1 
5 4 0 3 2 0 1 1 3 3 2 5 5 0 1 2 2 0 1 4 1 0 1 0 3 4 0 2 2 1 0 1 3 10 0 9 1 0 1 3 1 0 0 1 0 0 0 2 0 4 0 1 1 1 0 3 1 1 0 1 0 1 2 2 1 1 0 3 0 0 2 0 1 1 1 28 0 2 0 1 4 10 15 5 1 2 1 3 0 0 1 4 0 0 2 3 
2 1 0 0 1 0 0 2 4 3 12 3 2 2 0 0 4 1 3 3 0 1 2 0 5 5 1 9 1 0 0 1 2 1 9 1 2 4 2 0 0 3 2 0 0 1 0 2 1 3 0 2 0 1 0 0 15 6 17 5 0 1 0 0 3 2 3 2 0 0 1 0 3 2 0 4 0 1 0 1 5 0 6 3 1 1 0 4 2 0 3 0 0 1 2 2 
9 6 4 7 3 0 0 0 2 2 0 2 1 1 2 2 1 2 2 0 0 0 0 0 7 14 1 3 1 1 2 1 8 5 1 3 1 1 7 5 0 0 3 0 0 0 2 0 8 6 7 4 2 1 3 3 1 1 1 1 1 0 0 0 2 0 2 1 0 0 0 0 5 14 1 8 0 0 0 1 0 0 2 2 2 1 2 1 1 2 0 0 0 1 1 0 
0 1 0 1 1 0 0 1 7 4 17 1 0 0 0 1 1 0 4 0 0 0 0 0 3 3 1 12 1 0 0 0 2 2 17 1 0 0 1 0 0 1 3 0 0 1 1 1 1 2 0 1 0 0 0 2 12 9 19 5 0 1 0 0 1 0 0 2 0 0 0 0 2 1 2 1 1 0 0 0 27 3 5 10 0 0 0 1 1 0 1 0 0 0 1 0 
3 2 1 3 2 1 0 1 2 0 3 4 2 1 0 3 5 0 2 4 0 0 1 0 0 0 0 2 0 0 0 2 3 1 0 5 1 1 0 2 0 0 1 3 1 0 1 0 1 1 0 2 1 1 0 1 1 1 4 0 0 0 2 1 1 5 0 3 0 0 0 1 4 2 0 9 4 1 0 4 34 12 16 14 1 1 0 2 1 0 0 2 1 0 0 3 
6 4 2 1 2 2 0 0 3 1 22 0 2 2 2 0 2 0 3 3 0 1 0 0 6 8 0 1 1 1 0 0 5 2 9 6 0 1 5 1 0 2 2 0 0 0 2 3 4 5 1 3 0 1 0 0 5 7 6 4 1 1 1 1 2 1 2 2 0 0 0 0 2 1 3 6 0 0 0 0 4 5 3 3 2 0 2 2 2 1 1 2 0 0 0 1 
2 2 0 0 4 0 0 2 1 4 5 1 1 0 2 2 1 2 2 2 0 0 2 1 2 3 0 5 1 0 0 0 9 4 4 5 2 1 1 2 2 4 1 2 2 0 2 1 0 3 1 0 1 0 0 1 5 3 2 2 0 1 3 1 1 2 0 2 0 1 2 0 2 1 0 0 0 0 0 3 6 19 3 9 4 1 0 9 3 3 3 7 2 0 1 4 
3 7 3 5 4 1 1 2 5 0 2 1 1 0 1 1 3 3 1 1 0 0 0 3 3 6 1 7 2 3 1 3 1 5 3 6 3 3 7 2 0 3 1 4 0 0 1 3 5 3 5 1 0 4 2 1 1 2 0 2 0 2 2 3 0 0 0 2 0 0 3 0 3 6 1 11 0 1 0 1 1 6 1 1 0 1 2 3 2 0 1 2 0 0 2 1 
0 1 0 1 0 1 0 0 3 1 15 2 0 0 0 3 1 0 3 0 0 0 0 1 2 4 0 8 0 0 0 0 0 5 10 5 0 0 0 0 1 0 1 2 0 0 0 4 1 0 0 1 0 0 0 1 10 9 11 9 0 0 0 0 0 0 2 2 0 0 0 0 1 0 1 18 0 0 0 0 7 16 16 4 0 0 0 0 1 2 2 3 0 2 0 7 
1 0 2 0 1 1 0 0 4 2 11 4 0 0 1 2 2 2 2 2 0 0 0 0 1 1 0 8 0 0 0 0 1 4 22 2 0 3 1 0 1 2 9 1 0 0 0 0 1 1 3 3 0 0 0 3 8 18 16 6 0 0 0 2 1 2 4 1 0 1 0 0 2 2 0 3 0 0 0 0 3 5 7 1 0 0 0 0 2 1 5 1 0 1 1 3 
0 2 3 1 1 0 0 0 0 1 3 1 3 1 4 1 2 2 0 5 4 2 0 1 3 5 0 3 1 1 0 1 0 2 1 1 3 1 1 0 4 6 3 8 7 1 1 12 1 2 0 1 1 1 0 2 2 2 2 2 0 1 0 0 2 2 3 3 0 0 3 1 4 3 0 4 0 0 0 2 3 2 1 3 7 2 2 2 2 0 2 4 15 2 0 7 
1 0 0 0 0 0 0 0 7 2 6 0 0 0 0 0 2 1 0 1 0 0 1 0 3 1 0 4 0 0 0 0 1 3 7 3 0 1 0 0 3 1 1 0 0 1 1 1 0 1 0 1 0 0 0 0 11 10 13 10 0 0 0 1 0 1 0 1 0 0 0 2 5 1 0 2 3 0 0 5 15 24 18 19 0 0 0 0 0 0 0 2 1 0 0 2 
0 1 0 0 1 0 0 0 1 5 11 1 0 1 0 2 0 1 2 1 2 0 0 0 0 4 2 8 0 0 0 0 4 1 12 2 0 0 0 0 0 0 4 4 0 0 2 4 1 0 0 2 0 1 0 1 9 10 10 6 0 0 0 0 4 2 0 5 0 0 0 2 2 1 2 11 0 0 0 0 14 3 5 8 4 1 1 0 1 1 5 2 2 2 1 5 
4 5 0 3 1 1 0 3 1 3 3 3 4 2 5 8 2 0 3 0 3 0 1 4 5 0 0 5 0 1 0 1 1 0 2 5 5 3 4 3 3 0 1 3 1 1 2 6 5 1 0 3 0 1 0 1 1 0 0 0 2 1 1 2 2 2 2 1 1 0 0 2 3 2 1 8 1 1 0 1 2 0 0 2 7 2 3 5 1 0 0 4 6 1 4 7 
0 2 1 5 0 0 0 0 2 2 20 3 0 1 0 2 3 0 2 1 2 0 1 3 1 1 0 1 0 0 1 0 9 9 6 2 0 2 0 1 0 1 0 0 0 0 0 2 1 0 0 2 0 0 0 0 4 3 12 6 0 1 1 0 0 1 3 1 0 0 0 0 4 1 1 19 1 0 0 0 5 17 17 3 2 1 0 0 0 1 1 0 1 1 0 4 
0 3 0 0 1 0 0 2 4 4 4 7 2 0 0 0 3 2 1 1 0 0 2 0 1 4 2 4 2 0 0 0 3 1 6 3 1 2 0 0 1 1 2 2 2 0 0 2 0 1 1 2 0 2 0 2 6 5 12 2 0 0 0 1 2 1 1 1 1 1 1 2 1 1 0 7 2 1 1 3 20 6 14 11 0 1 0 0 1 1 0 1 0 0 1 9 
2 3 0 3 2 1 0 1 2 5 6 2 1 1 3 4 5 1 1 6 1 0 1 3 3 4 0 2 1 0 0 0 2 2 1 3 0 1 1 3 3 2 8 4 0 1 1 5 1 1 1 3 1 0 0 2 6 1 2 1 1 1 2 2 0 2 0 4 0 0 1 2 4 1 1 11 0 1 0 1 1 2 9 5 3 1 1 0 5 3 1 3 4 1 2 5 
4 1 2 1 2 1 0 0 6 0 4 4 1 0 0 2 0 2 2 2 0 0 0 0 4 8 0 6 1 3 0 0 5 2 3 4 0 2 2 0 1 1 4 1 1 0 1 0 2 4 2 1 1 2 0 3 2 3 1 1 2 0 1 2 2 4 1 4 0 0 1 0 6 10 1 25 0 2 0 2 2 1 11 3 2 0 2 1 0 1 0 3 0 0 1 5 
1 1 0 1 0 1 0 0 1 2 0 2 1 1 0 1 2 0 2 3 0 1 0 0 0 2 0 0 0 0 0 0 8 9 2 10 0 2 0 1 0 1 1 2 0 0 1 2 3 1 0 2 0 0 0 0 1 2 0 1 1 0 0 0 0 1 3 1 0 0 0 1 3 0 0 0 1 1 0 4 39 25 13 22 0 0 1 1 2 0 1 4 0 1 0 4 
2 4 0 4 3 2 2 4 3 0 2 2 1 3 3 2 2 1 3 4 0 1 2 1 1 1 0 3 1 5 0 7 1 1 0 3 1 3 3 2 1 2 1 2 0 0 1 0 3 0 0 4 1 4 0 3 2 2 1 2 2 2 1 2 0 1 1 2 2 0 5 4 5 3 0 5 3 2 0 9 9 4 2 4 1 2 1 3 2 1 1 2 1 0 2 4 
3 3 1 4 0 1 1 3 5 1 3 3 5 0 1 2 6 5 3 3 1 0 1 1 4 2 1 3 2 2 0 0 3 5 6 6 1 1 0 6 3 3 3 4 0 0 2 0 3 4 1 1 1 1 0 1 5 2 2 4 0 3 2 2 4 2 1 5 1 0 1 0 2 1 1 3 1 1 0 2 3 2 4 3 2 1 0 2 4 1 1 2 3 0 1 1 
2 0 0 1 1 0 0 1 4 5 12 4 0 1 0 1 5 0 1 1 0 1 1 2 3 4 3 8 1 0 0 4 3 2 13 3 0 1 2 1 1 2 6 1 0 0 2 1 1 0 0 1 0 1 0 4 10 10 13 8 1 2 0 0 1 1 0 0 0 1 2 2 3 3 1 3 3 1 0 2 3 1 0 5 0 0 0 3 1 1 2 2 2 1 1 0 
3 1 1 0 2 1 0 1 1 1 1 1 1 1 0 2 0 0 0 2 0 0 0 0 3 2 1 2 1 0 0 0 11 13 2 5 2 0 1 0 0 0 1 1 1 0 0 0 0 2 0 2 1 1 0 1 1 3 1 2 0 0 0 0 0 1 1 1 0 0 0 1 0 7 1 10 1 1 0 3 25 27 12 18 1 0 0 3 0 1 0 1 1 1 1 3 
3 2 0 1 4 2 0 3 3 2 0 1 0 0 0 0 0 0 1 1 0 0 2 0 1 0 0 1 1 0 0 1 2 6 4 7 0 0 1 0 0 0 0 1 0 1 1 1 4 0 0 1 1 0 0 2 1 0 0 4 0 0 0 1 1 0 0 1 0 0 1 1 3 3 0 4 0 3 0 11 39 25 8 24 2 1 0 0 0 0 0 1 0 1 1 3 
2 7 1 3 1 0 0 3 3 0 0 1 3 1 1 1 1 1 3 3 0 0 0 0 5 0 0 3 1 1 0 1 1 0 2 2 1 4 1 1 0 2 0 0 0 0 0 1 4 0 1 1 2 0 0 1 1 0 0 1 1 2 1 4 0 0 2 1 0 1 2 1 3 2 1 4 4 3 0 10 41 5 5 23 0 1 0 1 0 0 4 2 1 1 0 2 
5 4 1 0 0 0 0 2 3 2 34 4 1 0 3 0 2 2 2 4 1 0 0 1 2 2 0 2 1 0 0 0 4 4 16 3 2 0 1 1 0 1 2 0 0 1 1 0 4 1 3 3 0 0 0 2 1 6 13 5 1 0 0 0 2 2 1 2 0 0 0 0 0 4 0 2 0 0 1 2 2 1 15 2 1 0 0 2 0 0 4 3 0 0 0 1 
2 1 0 1 0 1 0 1 0 4 0 2 1 0 0 0 0 0 0 0 0 0 0 0 2 8 1 0 0 1 0 0 16 14 7 11 0 0 2 1 0 1 0 3 0 1 0 0 2 1 1 2 0 1 0 1 1 2 0 5 0 1 0 0 1 1 0 3 0 0 0 1 0 1 0 2 0 1 0 1 12 39 18 12 2 0 2 2 1 0 0 1 1 1 0 0 
3 3 0 4 3 2 0 4 1 0 2 2 4 2 2 2 3 0 1 3 2 0 1 1 6 7 1 6 7 2 0 2 4 1 0 5 0 1 2 6 1 1 0 5 0 2 0 2 2 2 0 5 3 3 0 2 2 1 2 1 1 0 2 1 2 1 0 3 0 1 4 1 3 3 0 2 3 8 0 10 1 3 0 1 2 4 1 3 1 1 1 1 0 2 1 4 
3 3 0 5 5 2 0 3 4 2 4 3 0 3 2 1 3 1 3 3 0 1 2 0 4 5 0 2 3 4 0 6 2 1 0 2 5 2 2 4 0 2 1 2 1 1 0 1 0 4 0 2 0 3 0 3 4 3 1 1 0 1 4 1 3 1 0 0 0 0 1 1 2 7 0 5 5 7 0 6 4 4 1 2 4 1 2 3 3 0 1 2 0 2 1 2 
2 2 0 2 2 1 0 0 4 4 8 4 0 1 0 2 4 1 0 2 0 2 0 1 2 3 0 4 0 1 1 1 5 7 13 3 2 1 0 1 0 0 4 1 0 2 0 2 3 1 0 0 1 1 0 0 7 7 23 6 1 1 1 0 0 2 4 0 0 0 2 0 3 2 0 6 1 0 0 1 3 5 4 2 1 0 0 1 2 3 2 3 1 1 2 2 
1 0 0 0 1 0 0 0 1 3 1 3 1 0 0 1 3 0 0 0 0 0 1 1 1 0 0 0 1 0 0 0 10 16 4 14 0 0 0 0 1 0 1 2 0 1 1 2 0 0 0 0 0 0 0 0 0 4 1 3 0 1 0 0 0 0 2 0 0 1 0 1 0 2 0 5 0 3 1 2 23 33 26 13 1 0 0 0 0 0 0 2 0 1 0 4 
6 3 2 5 3 2 2 3 1 1 1 3 3 1 1 3 4 4 0 8 0 0 1 1 8 4 0 3 1 4 0 5 2 2 0 3 2 3 2 4 3 1 0 2 2 0 1 0 3 3 1 2 0 2 1 7 2 0 1 2 0 3 2 3 2 2 2 1 0 1 2 2 4 6 0 5 1 6 0 4 1 1 0 3 1 1 1 3 2 1 0 1 0 3 1 1 
3 1 1 0 2 0 2 2 4 1 4 1 1 2 1 4 4 0 1 3 0 0 1 2 2 1 0 1 4 2 0 3 2 2 2 2 2 3 1 3 1 1 2 4 1 0 1 3 1 2 2 2 2 0 0 2 3 3 5 2 0 0 0 1 0 3 2 4 0 0 2 1 2 6 1 13 2 1 0 1 6 6 10 9 1 1 1 2 0 0 0 5 4 1 1 7 
2 2 0 1 1 0 1 4 5 6 27 2 1 1 1 2 5 4 3 3 0 0 0 0 3 3 0 2 0 0 0 0 7 5 12 3 2 1 0 0 1 0 0 1 0 0 1 0 1 2 0 2 0 0 0 0 4 11 18 4 1 0 0 0 0 1 1 2 0 0 0 0 3 2 1 1 0 1 0 1 0 7 13 2 1 2 0 0 1 0 3 1 0 0 0 2 
8 6 5 4 3 3 1 1 1 1 0 2 1 1 4 0 1 1 1 1 0 0 0 0 8 14 3 5 0 2 2 0 2 3 1 2 0 2 9 3 0 0 2 1 0 0 0 0 13 5 5 4 2 2 1 2 1 2 1 2 5 2 2 1 0 1 1 0 0 0 0 0 12 11 0 5 2 5 0 1 0 3 0 1 0 2 0 2 0 0 0 0 0 0 0 0 
6 7 0 4 4 0 1 0 2 1 7 2 2 1 0 0 2 0 2 0 0 0 1 1 3 7 1 4 2 1 0 1 10 1 7 5 2 1 9 0 0 1 2 0 0 0 0 0 8 4 2 2 3 0 1 1 2 3 6 1 0 1 2 2 0 1 1 1 0 0 3 0 7 10 3 5 1 2 0 2 1 11 8 3 1 0 0 0 1 0 0 1 0 0 0 0 
6 4 0 3 6 0 1 4 3 1 2 4 1 2 3 1 6 1 2 5 1 1 1 1 3 2 2 2 4 2 1 4 4 2 2 1 0 2 1 3 1 3 3 1 0 0 3 1 4 0 1 2 1 0 0 3 3 1 1 2 0 0 1 3 2 1 1 5 0 0 4 3 2 4 0 4 4 4 1 7 4 3 1 3 2 1 0 2 2 1 1 2 3 1 1 3 
0 1 0 0 0 0 0 0 3 4 24 3 0 0 0 3 0 1 3 3 1 0 0 2 1 4 1 6 0 0 0 0 1 1 16 0 0 3 3 0 2 1 2 0 0 0 0 1 0 4 1 1 0 1 0 0 8 11 31 9 0 0 0 0 2 2 4 4 0 1 0 1 2 2 0 1 0 1 0 0 0 2 9 2 0 2 0 1 1 1 1 1 1 0 1 2 
2 1 0 6 1 1 0 0 1 0 3 1 0 2 2 1 2 1 2 3 1 0 0 4 0 1 0 2 0 0 0 0 0 2 4 2 1 2 0 1 1 4 2 0 0 0 0 1 1 3 2 3 0 2 0 0 4 4 3 5 1 0 3 0 0 1 1 4 0 1 0 1 8 3 1 40 0 1 0 0 0 1 24 4 1 1 2 2 2 2 1 1 0 0 0 10 
1 0 0 2 0 0 0 2 1 3 3 2 0 1 0 0 5 1 1 2 1 2 0 1 4 1 0 2 0 0 0 0 0 2 4 3 0 0 0 0 5 0 2 2 0 0 1 3 0 2 0 1 1 0 0 0 3 3 9 3 0 2 1 0 2 3 1 4 0 0 1 0 12 1 0 42 0 0 0 2 2 3 20 0 1 1 1 0 0 3 2 2 1 2 1 11 
1 3 0 0 1 0 1 0 3 3 35 5 2 0 1 0 3 0 2 3 0 1 0 0 4 5 0 1 0 0 0 2 4 3 21 2 0 1 0 0 0 1 0 0 0 1 0 0 1 1 0 1 0 1 0 0 6 7 21 6 1 0 1 0 2 1 2 0 0 0 0 0 2 0 0 3 0 0 1 1 6 6 9 1 5 0 0 0 0 2 0 1 0 0 1 2 
0 0 0 0 0 1 0 0 1 3 0 1 1 1 0 0 0 0 0 2 0 0 1 0 4 1 0 0 0 0 0 0 12 19 5 16 0 0 0 1 0 0 1 2 0 0 0 1 1 0 0 0 0 0 0 0 1 4 1 1 0 0 1 0 0 1 2 1 0 0 1 0 1 2 0 4 0 0 0 0 13 44 24 19 1 1 0 1 0 1 2 0 0 0 0 0 
1 1 2 3 3 0 0 0 1 2 0 1 0 1 0 2 1 1 2 1 0 1 1 1 5 4 1 5 0 1 0 1 1 0 2 5 2 0 1 3 0 1 0 1 1 0 0 0 2 2 0 2 1 0 0 1 0 0 3 2 1 0 0 0 1 1 1 2 0 1 1 1 3 8 0 39 0 1 0 3 0 3 31 7 1 3 0 5 3 2 2 1 0 2 2 3 
4 5 0 3 0 1 0 0 4 3 2 4 2 1 2 6 2 0 3 4 1 0 1 0 3 4 0 8 1 0 0 1 3 9 5 7 1 2 3 1 0 0 0 1 0 0 1 2 5 1 0 2 2 0 0 0 0 1 2 1 1 0 1 3 0 1 2 0 0 0 0 0 5 1 0 6 1 0 0 4 7 19 14 8 4 0 0 2 1 0 0 3 0 1 0 2 
1 0 0 0 0 1 0 0 9 2 28 2 0 1 0 0 1 1 8 0 0 1 0 0 0 2 2 12 0 0 0 0 0 4 17 2 0 1 0 1 0 1 5 0 0 2 1 1 1 2 1 1 0 0 0 0 11 11 25 12 0 0 0 1 1 2 2 0 0 0 0 1 0 1 1 2 0 0 0 0 1 2 7 1 0 0 0 0 1 1 1 1 0 2 0 2 
2 3 0 4 4 0 0 1 4 1 2 4 2 1 7 3 5 5 1 3 1 0 1 0 4 7 0 2 4 3 0 2 3 4 4 4 3 5 1 4 2 1 1 2 0 0 3 0 2 2 0 4 3 2 0 0 1 0 3 1 1 1 1 2 3 0 0 6 0 0 2 3 6 0 0 3 0 1 0 1 6 9 2 10 2 0 3 3 0 0 1 1 0 0 0 2 
5 0 0 0 6 2 0 0 3 3 5 2 1 1 0 4 1 4 5 2 1 0 2 0 2 3 0 4 3 2 0 2 1 2 5 4 0 1 1 2 1 1 2 2 1 1 3 1 1 2 1 3 2 0 0 4 6 11 7 4 1 0 0 1 3 1 1 2 0 0 1 0 3 4 1 0 3 2 0 7 4 4 4 1 1 0 1 4 4 0 2 4 3 0 2 4 
3 2 0 1 0 0 0 1 2 2 3 2 3 2 1 4 5 1 6 2 9 2 0 5 5 0 0 2 1 0 0 3 3 1 0 2 1 3 2 1 3 5 1 7 5 2 2 8 3 2 0 4 0 2 0 2 3 1 3 1 1 0 0 1 0 2 0 1 1 1 2 3 6 1 0 4 0 0 0 0 0 2 0 0 3 1 3 4 3 3 1 5 5 3 3 7 
1 3 0 5 4 1 0 3 0 6 0 3 0 1 4 0 5 3 4 4 0 2 2 0 2 4 0 6 2 0 1 4 7 5 0 11 1 1 1 3 2 0 2 4 0 1 2 2 0 0 0 1 1 0 0 3 2 4 1 3 1 0 0 1 0 0 1 2 0 1 0 1 3 2 0 8 1 2 0 3 5 14 6 5 0 1 2 2 1 3 1 1 1 0 2 3 
1 2 0 1 0 0 0 0 4 8 13 0 0 0 2 4 2 0 0 4 0 0 1 1 2 1 0 1 0 0 0 0 7 11 10 4 0 0 0 0 3 0 1 0 0 0 0 0 0 0 0 0 0 0 0 0 2 6 14 4 0 0 1 1 1 0 0 1 0 0 1 0 2 1 0 1 0 0 0 0 13 36 14 13 1 0 0 0 0 0 3 0 0 1 0 1 
6 5 7 2 2 1 0 3 2 0 2 0 4 1 1 0 3 1 0 0 1 0 1 0 10 9 1 12 3 1 0 2 7 0 2 3 2 1 8 2 0 0 2 2 0 0 3 1 6 3 5 10 1 1 0 1 1 5 2 2 3 0 2 0 3 1 2 0 0 0 0 0 3 7 2 4 1 2 0 1 2 2 1 2 3 0 1 0 1 3 0 3 0 0 0 1 
4 2 2 5 1 3 0 0 1 0 0 1 0 1 1 0 0 0 1 1 0 0 0 0 6 12 0 3 1 1 0 0 4 5 5 10 1 3 7 2 0 0 2 0 0 0 1 0 6 5 1 2 0 1 2 5 2 1 1 0 1 0 2 2 0 0 0 2 0 0 1 0 3 7 1 3 0 0 0 1 21 21 6 8 3 1 1 0 1 1 1 0 0 1 0 0 
6 0 1 1 0 0 0 0 4 2 4 2 1 0 2 1 0 0 2 2 0 1 1 0 7 5 1 4 2 1 0 0 3 11 6 12 0 2 5 1 1 0 2 2 0 0 1 0 4 2 1 4 0 0 0 0 1 3 2 4 1 0 1 0 0 0 1 2 0 0 1 0 2 11 3 2 2 0 0 0 14 24 9 6 0 1 0 0 1 1 1 0 0 0 0 0 
0 1 0 3 2 1 0 3 2 0 2 4 4 1 3 1 0 1 2 8 8 0 1 4 2 1 0 1 0 3 0 1 1 0 3 6 2 3 1 2 1 0 1 5 5 0 2 3 1 2 0 1 0 2 0 2 1 1 1 2 0 2 0 1 0 2 2 2 0 1 4 3 4 3 0 6 0 2 0 5 7 1 3 12 2 1 0 5 3 2 1 3 6 1 1 8 
4 4 0 5 2 1 0 1 4 1 3 6 0 4 1 7 1 1 1 5 0 0 2 2 6 5 0 4 0 0 0 0 1 0 1 8 2 4 3 7 0 1 0 1 0 0 0 1 3 5 0 5 0 1 0 1 0 0 4 2 1 1 1 5 1 1 2 3 0 0 0 2 7 5 2 5 1 1 0 3 14 3 4 6 2 1 0 2 0 1 0 2 0 0 0 4 
0 1 0 0 0 0 0 1 1 1 22 2 2 0 0 1 5 2 2 0 0 2 0 3 2 0 0 3 1 0 0 0 2 2 9 4 0 1 0 0 0 0 2 1 0 0 1 0 3 1 0 0 1 0 0 1 3 4 18 2 0 1 1 0 3 0 1 3 0 0 0 1 1 1 0 31 0 0 0 0 3 3 19 5 1 0 0 0 0 3 1 1 2 2 1 10 
1 0 0 1 0 1 0 2 3 0 3 0 0 0 0 0 1 0 3 0 0 0 0 0 0 2 0 0 0 1 0 1 1 4 3 3 0 0 0 0 1 0 0 2 0 0 0 1 1 0 0 0 0 1 0 0 3 4 5 1 1 0 0 0 0 0 1 0 0 0 2 0 2 1 1 2 0 1 0 9 67 12 8 39 1 0 1 0 0 1 1 0 0 0 0 1 
6 7 0 7 2 1 0 0 4 1 2 4 1 0 3 7 4 0 1 0 1 1 0 1 3 3 0 7 3 2 0 1 5 0 3 2 2 1 3 5 0 3 0 0 0 1 0 3 2 2 0 5 0 0 0 0 0 2 3 1 2 2 1 1 0 3 0 5 0 0 0 2 5 1 1 22 0 1 0 0 1 4 8 7 2 5 0 4 0 1 1 1 0 0 0 5 
2 2 0 1 2 0 1 2 0 3 3 3 0 0 0 0 2 1 1 1 1 0 0 1 0 0 0 4 1 0 1 1 2 0 2 3 0 0 0 0 1 0 1 1 0 0 2 3 0 1 0 2 0 0 0 0 0 0 2 3 0 0 1 0 1 2 0 6 1 0 0 2 5 0 1 36 1 0 0 2 1 6 34 13 0 1 2 0 3 3 2 4 1 3 1 12 
5 6 0 4 0 3 0 0 2 1 4 3 1 1 3 6 2 4 2 3 0 0 0 3 3 3 0 0 5 3 0 3 3 0 1 2 2 3 1 1 1 4 2 3 0 0 3 3 1 4 0 3 1 1 0 5 1 2 1 2 0 0 1 0 1 0 2 2 1 1 2 1 9 6 0 11 0 1 0 5 2 3 7 5 2 2 1 5 2 4 0 1 0 1 1 1 
4 2 1 1 1 0 2 8 0 1 0 0 3 2 3 3 3 4 4 7 0 0 0 3 4 2 0 1 1 0 0 4 4 2 0 2 1 3 7 4 1 1 1 3 0 1 1 6 2 1 0 2 3 1 1 1 5 4 0 2 2 1 0 3 1 1 5 0 0 0 3 2 2 3 1 2 2 9 0 9 2 4 1 2 1 2 1 2 5 3 1 3 0 1 0 3 
5 1 1 5 4 1 0 1 4 1 2 1 1 0 2 1 6 0 3 2 0 0 0 0 5 10 1 6 2 2 1 0 6 4 3 2 0 0 2 4 4 0 1 2 0 0 0 0 8 2 4 3 3 0 0 2 0 1 1 3 2 0 0 2 1 2 5 2 0 0 1 1 4 7 0 5 2 0 0 1 6 10 4 6 4 0 0 0 3 2 2 1 0 0 2 2 
3 0 0 2 0 0 0 0 2 5 30 5 0 0 1 2 0 3 0 1 0 1 0 0 2 0 1 3 0 0 0 1 7 7 14 3 0 0 0 0 3 1 2 2 0 0 0 1 1 0 0 2 0 0 0 0 4 5 21 3 0 0 0 1 6 0 0 1 1 1 0 0 3 3 0 3 1 2 0 0 4 4 14 2 1 0 0 1 4 3 1 2 1 0 1 2 
8 6 0 5 1 1 0 0 2 1 2 2 2 2 1 2 1 0 1 1 1 0 1 2 5 9 0 8 0 1 0 0 1 6 3 4 2 2 3 1 2 3 1 4 0 0 0 1 5 4 0 2 1 0 0 2 0 2 2 0 2 3 3 3 2 0 2 0 0 0 1 0 9 6 1 16 0 2 2 0 1 4 8 2 1 3 2 4 0 2 0 0 1 2 0 2 
1 1 0 2 2 1 1 0 4 2 1 3 1 0 6 1 7 2 0 5 0 0 1 0 1 0 1 0 0 0 2 1 6 0 1 3 1 0 2 2 1 0 0 2 0 0 1 7 2 0 0 2 1 0 1 2 3 0 1 1 1 2 0 1 1 1 2 2 0 0 3 0 4 1 0 1 2 0 0 8 38 11 5 16 2 0 2 1 3 1 1 3 0 0 0 3 
1 0 0 2 1 1 0 1 1 2 1 4 3 1 0 0 2 1 2 0 1 1 1 2 1 2 0 3 0 0 0 0 3 1 2 1 1 0 0 1 1 0 0 0 1 0 2 3 1 1 0 2 1 0 0 0 0 2 5 6 0 0 1 2 0 2 0 2 0 0 2 1 7 5 0 40 1 1 0 1 3 3 26 10 0 1 1 1 2 1 0 5 0 4 1 9 
6 8 0 6 5 2 1 2 7 0 2 4 4 1 3 6 1 2 1 1 0 0 1 1 7 7 0 5 0 1 1 0 1 2 1 2 4 3 4 4 2 0 1 1 0 2 1 1 10 5 0 4 0 0 1 4 1 0 1 0 3 3 1 1 0 1 1 0 0 0 1 0 8 6 0 7 0 0 0 1 3 2 0 0 5 2 1 5 1 0 1 0 0 1 2 4 
2 3 0 2 2 1 0 2 4 1 5 1 3 1 0 2 7 3 5 2 8 2 2 2 6 1 0 3 2 0 0 0 0 2 4 2 2 2 2 3 3 2 2 5 5 2 0 8 2 1 0 0 0 0 0 2 3 0 2 2 1 0 1 2 2 2 0 1 0 0 1 6 5 1 0 7 0 0 0 0 0 3 1 1 3 1 1 3 3 2 2 4 8 2 2 7 
3 2 1 2 0 0 1 0 2 4 2 4 3 0 1 0 1 0 1 0 1 0 0 0 4 5 0 5 0 1 1 1 15 14 3 12 0 3 2 0 1 1 2 4 2 0 0 1 1 6 1 4 1 0 0 0 0 3 2 1 1 1 2 0 0 1 0 3 0 0 0 0 3 5 0 1 1 1 0 0 7 17 14 10 1 1 2 1 0 1 0 1 1 0 0 1 
0 0 0 0 0 1 0 0 2 8 15 1 1 1 0 6 1 0 1 2 0 0 0 3 1 0 0 5 0 1 0 0 2 7 13 9 0 0 0 1 1 0 0 0 1 0 0 1 2 0 3 3 0 1 0 0 11 7 14 4 0 0 0 0 0 2 3 1 0 0 2 0 0 0 2 2 0 0 0 0 13 20 12 6 1 2 0 3 0 0 1 0 0 1 0 0 
2 3 0 2 2 0 0 0 1 5 1 1 2 0 2 0 1 0 0 1 0 0 0 0 7 9 2 7 0 0 1 2 6 9 0 7 0 1 2 1 0 0 2 3 0 0 2 1 4 9 5 2 0 1 0 0 0 2 1 2 2 1 0 2 2 0 2 0 0 0 3 0 5 8 1 3 0 0 0 1 9 20 7 7 2 2 1 0 3 3 1 0 0 1 2 1 
2 0 0 3 1 3 1 2 1 1 2 1 0 1 0 2 2 1 2 2 2 0 0 1 2 2 0 4 0 0 0 2 0 0 2 4 0 0 0 2 0 1 0 1 0 0 2 4 0 2 0 2 1 0 0 1 4 2 4 4 1 0 1 0 2 2 1 1 2 0 0 0 5 3 0 43 1 0 0 3 1 6 23 8 0 0 2 0 2 3 1 2 1 2 1 7 
4 3 0 3 1 2 0 1 4 2 9 1 1 1 1 1 3 0 3 3 1 0 1 1 1 4 0 3 1 0 0 1 3 4 5 7 1 1 2 0 1 1 3 0 0 0 0 3 1 3 1 1 0 0 0 1 5 9 12 3 0 1 1 0 5 0 1 3 0 0 1 0 2 2 1 0 0 2 0 5 14 3 3 9 3 0 4 2 4 1 4 1 2 0 0 3 
6 5 5 4 1 0 0 0 5 4 2 3 0 1 1 1 1 0 1 0 0 0 0 0 7 7 2 11 1 0 0 1 5 4 5 5 0 0 5 1 1 0 5 0 0 2 0 0 9 7 6 3 2 3 3 0 1 4 7 1 0 3 0 0 1 0 1 0 0 0 0 0 4 11 1 7 0 1 1 1 4 8 1 3 0 0 1 1 1 0 1 0 0 0 1 0 
1 1 0 2 1 0 0 0 5 2 2 2 1 0 0 0 0 0 4 2 0 0 0 0 1 1 1 0 0 0 0 2 6 2 2 7 1 2 1 1 0 0 3 2 0 0 0 0 2 3 0 1 0 1 0 2 1 3 3 2 1 0 2 0 3 1 3 0 0 0 0 1 3 1 1 6 5 1 0 9 43 9 5 23 0 2 0 1 0 2 3 0 0 0 1 1 
5 3 1 8 1 1 1 6 3 2 5 4 1 3 3 5 1 2 1 4 0 0 0 1 4 2 2 5 3 0 0 2 0 0 2 4 3 5 3 1 1 4 0 2 2 2 0 1 3 3 1 6 1 1 0 1 0 0 4 2 4 0 1 6 2 2 1 5 0 0 2 1 10 4 1 7 0 0 0 1 0 0 1 3 5 0 4 5 1 2 0 0 1 0 0 0 
4 7 1 5 4 2 1 7 5 1 0 3 3 0 0 3 2 3 3 5 0 0 1 1 4 3 0 0 6 3 1 8 1 0 1 3 2 1 3 2 1 0 2 1 1 0 3 5 0 4 1 4 3 1 0 2 1 1 0 1 1 0 0 0 1 1 0 0 0 0 3 1 2 3 1 4 6 4 1 10 2 3 1 8 4 1 0 5 1 1 2 1 0 1 1 1 
2 1 1 2 1 2 0 1 3 0 1 1 0 0 1 1 5 2 4 11 4 1 0 0 2 2 0 2 1 0 0 3 3 3 2 4 4 1 2 0 4 0 5 2 4 1 3 19 2 3 0 3 2 0 0 1 3 5 3 1 0 1 0 1 0 1 2 1 0 0 0 5 2 0 0 6 2 0 0 0 2 1 1 2 3 0 2 0 1 5 1 6 10 0 2 9 
7 6 6 1 2 0 0 1 0 1 4 1 4 3 2 1 2 0 2 1 0 0 1 1 6 8 2 5 2 0 0 3 2 3 4 1 1 2 2 4 0 0 3 2 0 1 0 1 11 5 1 7 2 3 2 0 2 2 2 2 2 1 1 3 0 1 0 1 0 0 1 0 6 9 2 9 0 1 2 1 0 4 1 2 1 2 1 2 1 2 0 3 2 1 1 0 
1 1 0 3 1 2 0 2 3 2 2 1 0 0 2 0 2 1 1 3 0 0 0 1 1 0 1 2 0 2 1 0 5 7 4 5 1 2 1 2 1 2 0 1 0 1 0 2 0 0 0 1 0 0 0 0 4 1 0 1 3 0 1 2 0 0 1 0 1 1 3 0 2 2 0 0 4 1 0 6 37 20 8 17 2 2 1 2 0 3 3 0 1 1 0 0 
10 7 0 5 0 2 0 1 3 4 3 4 3 1 2 3 7 2 3 6 3 0 3 0 5 4 0 4 0 0 0 1 0 1 2 7 5 4 3 4 0 2 1 1 0 0 3 2 3 4 0 1 0 1 0 0 0 1 1 3 0 0 1 4 1 0 1 2 0 1 2 1 3 1 1 5 1 0 1 2 6 9 4 6 4 1 1 3 1 0 0 1 0 0 2 0 
7 1 1 5 1 0 2 0 4 3 1 0 0 0 0 0 3 2 8 1 0 0 0 0 4 12 1 7 2 2 0 3 4 3 4 4 0 1 5 3 0 0 4 0 1 0 3 2 8 8 2 4 1 1 1 1 1 0 0 2 1 0 3 0 1 1 1 1 0 0 0 0 8 5 4 14 1 1 1 2 2 2 6 2 0 2 1 1 2 1 1 0 0 0 1 2 
1 2 0 1 0 2 0 0 1 4 12 2 1 0 1 2 4 3 2 4 6 1 0 3 2 1 0 1 0 0 0 1 2 2 7 2 0 1 1 1 3 2 3 4 1 2 1 5 1 2 0 0 0 1 0 1 5 7 4 1 0 1 1 0 1 3 4 2 0 0 0 1 2 0 0 6 2 0 0 0 7 3 5 4 2 0 5 2 4 0 1 4 7 0 1 16 
7 4 1 3 2 0 2 2 1 3 9 4 3 1 0 4 6 3 0 2 0 0 2 0 5 0 0 5 3 1 0 1 1 0 3 8 1 3 3 5 2 2 1 4 0 0 0 0 3 5 0 8 1 3 0 1 0 1 6 3 0 1 1 3 1 2 1 0 0 0 2 0 7 2 0 8 1 1 0 0 5 3 5 5 3 1 1 3 1 1 0 1 0 0 3 0 
0 0 1 1 0 0 0 0 10 1 25 4 1 0 0 1 2 2 4 1 0 0 0 2 1 3 1 10 0 0 0 0 2 1 24 0 0 0 0 0 1 0 4 0 0 0 0 2 2 2 2 1 0 0 0 0 8 11 22 3 0 0 0 0 3 2 1 2 0 0 2 0 1 2 1 4 0 0 0 1 2 3 11 1 0 1 0 1 1 0 5 0 1 0 0 0 
3 5 0 1 3 1 0 2 1 1 3 4 3 4 2 3 9 6 5 1 1 0 2 1 5 2 0 2 1 1 1 3 9 4 2 7 1 4 2 0 0 3 1 2 0 0 2 0 2 3 0 5 0 0 0 1 5 5 2 4 1 1 1 1 4 4 3 2 0 0 0 1 2 1 0 1 0 2 0 2 2 11 0 4 2 1 1 2 2 3 0 2 0 1 0 3 
4 1 0 5 0 0 0 0 0 1 5 0 3 0 3 2 2 0 5 10 4 0 1 3 2 4 0 3 0 0 0 1 0 0 2 5 0 0 1 3 4 1 1 5 4 4 3 11 1 1 0 5 1 1 0 1 0 0 5 1 0 0 0 1 2 0 1 4 2 0 0 0 4 1 1 9 3 0 0 0 5 1 2 6 1 1 1 0 3 1 1 7 9 3 0 12 
6 5 2 3 2 0 3 2 4 0 2 1 1 1 1 3 2 1 2 4 1 0 0 1 3 8 0 6 0 0 1 0 1 4 4 7 1 4 3 4 0 2 1 4 1 0 2 2 7 4 3 2 0 1 0 2 1 1 3 1 3 0 3 1 2 1 1 2 0 1 0 0 2 5 2 10 2 3 0 2 4 3 1 1 3 1 2 3 1 0 1 2 4 0 0 4 
2 1 0 4 0 0 0 1 8 3 31 7 0 1 0 2 7 0 0 1 0 1 1 1 0 1 0 1 0 2 0 0 7 3 23 3 0 0 0 1 0 0 1 1 0 0 1 0 1 2 0 0 0 0 0 0 6 8 13 1 0 0 0 0 3 1 0 1 0 0 0 0 3 4 2 5 0 1 0 1 4 2 14 2 3 0 0 2 3 1 1 0 0 0 0 1 
4 2 1 5 3 0 1 3 4 2 6 5 3 3 4 2 3 2 0 3 2 0 1 0 8 1 0 7 1 1 0 2 2 1 4 5 0 1 5 6 0 3 3 3 0 0 1 0 0 1 0 1 0 0 0 3 7 3 6 1 3 5 3 4 0 2 1 0 0 4 2 0 1 2 1 1 1 0 0 3 4 2 3 1 2 0 2 3 4 1 0 4 1 0 3 2 
0 1 0 0 0 0 0 0 0 3 0 1 0 0 0 0 0 0 1 0 0 0 0 0 1 1 0 0 0 0 0 1 22 25 4 13 0 2 0 0 0 0 0 0 0 0 0 1 0 0 0 0 0 0 0 0 0 4 0 3 0 0 0 1 1 0 0 1 0 0 0 0 1 0 0 0 1 0 0 1 23 52 20 13 0 0 0 2 1 0 0 0 0 0 0 0 
2 1 0 0 1 0 0 0 4 3 1 1 0 0 1 1 2 0 2 0 0 0 0 1 4 1 0 2 0 0 1 1 11 17 4 15 0 2 0 1 1 0 0 3 0 0 0 0 2 0 0 2 0 0 0 0 0 4 0 2 2 0 1 0 1 0 1 3 0 0 0 0 1 0 1 3 0 0 0 0 18 44 17 10 1 0 0 1 0 1 2 0 0 0 0 0 
3 2 1 2 1 1 0 7 6 3 2 1 3 5 1 3 5 1 5 3 2 1 1 3 0 1 0 0 4 0 0 2 1 2 1 0 2 0 2 3 1 5 3 5 2 0 1 6 1 2 0 1 1 0 0 2 4 2 0 1 1 1 0 2 2 2 2 3 2 0 2 1 5 1 0 5 0 6 1 4 2 3 0 2 1 1 4 1 6 2 0 5 3 2 3 8 
3 0 0 3 2 0 1 3 7 4 13 3 2 0 1 1 8 4 4 3 0 0 1 4 1 0 1 0 0 1 1 0 3 3 7 2 1 0 1 2 2 1 5 4 0 0 1 3 3 1 1 0 0 1 1 4 3 6 12 3 1 0 2 1 2 2 3 0 0 0 1 0 4 3 2 0 1 0 0 0 2 5 3 3 2 1 1 1 1 4 1 7 0 1 0 5 
1 1 0 0 3 1 0 2 3 1 2 1 1 0 2 0 4 2 3 1 0 0 0 0 2 1 0 1 4 0 0 0 10 12 1 9 2 1 0 2 2 1 0 5 1 0 0 3 5 1 0 3 1 1 0 1 1 1 1 2 0 1 0 1 2 0 1 2 0 0 2 1 2 0 0 6 3 3 0 1 10 23 6 6 2 0 0 4 2 2 3 2 3 2 3 5 
8 4 1 2 1 0 0 3 3 0 3 3 3 0 5 4 6 4 5 7 0 0 3 2 0 0 0 0 2 2 0 7 4 7 0 2 1 1 1 1 3 2 7 4 2 0 5 2 2 3 3 3 0 0 0 1 3 3 2 1 2 0 2 1 3 1 1 1 0 0 3 1 2 3 0 3 1 0 0 2 1 4 1 5 2 1 2 1 4 2 1 6 0 1 0 2 
0 1 0 1 0 0 0 0 5 7 23 0 2 2 1 1 3 2 2 3 0 0 0 0 2 4 1 6 0 0 0 0 1 3 16 4 0 0 0 0 1 0 5 0 0 0 0 0 1 2 0 1 0 1 0 0 14 11 24 10 1 0 1 1 0 2 2 0 0 2 0 1 0 4 2 4 0 0 0 0 0 1 12 0 0 0 0 2 1 1 2 1 0 0 0 0 
0 0 0 2 1 1 0 1 2 2 1 2 0 0 1 1 3 0 0 0 3 0 1 2 1 0 0 2 0 0 0 0 9 14 1 5 0 0 1 1 0 1 0 1 1 0 1 2 0 1 0 0 0 0 0 0 0 4 1 1 0 0 1 1 1 0 1 3 0 0 0 0 1 4 0 2 0 2 0 4 38 32 15 18 2 0 0 0 1 0 0 1 1 0 1 1 
3 0 0 3 2 0 0 0 0 0 1 3 0 0 0 1 2 0 0 2 0 0 0 1 2 1 1 6 0 1 0 1 1 4 2 1 0 0 0 0 1 0 1 0 1 0 1 3 1 0 0 1 0 0 0 0 1 4 3 3 0 0 1 1 3 3 1 2 0 1 0 0 6 5 0 39 0 0 0 2 3 9 34 4 2 1 2 1 3 2 1 3 1 0 1 11 
5 3 0 1 1 1 1 1 2 2 1 4 1 0 0 2 1 1 1 4 1 0 0 1 4 2 0 3 2 1 0 0 6 2 1 4 0 2 2 2 1 1 2 3 1 0 2 4 3 1 1 3 0 0 0 3 1 3 0 1 0 1 0 0 0 1 1 2 0 0 2 1 5 3 0 5 4 2 1 7 28 10 8 8 1 0 0 2 2 1 0 2 1 0 2 5 
10 6 0 4 1 1 0 1 3 0 6 8 1 3 2 3 3 1 3 4 0 0 2 0 6 10 0 4 0 0 0 2 0 0 0 4 1 5 5 3 1 6 1 4 0 1 0 2 7 4 0 2 0 0 0 1 0 3 2 2 2 3 3 2 2 0 1 5 1 0 0 2 3 7 0 8 0 0 0 3 0 2 0 1 3 3 1 3 1 0 2 3 0 1 0 0 
1 1 0 0 0 0 0 0 2 1 3 1 0 1 0 4 1 2 1 0 0 0 1 0 2 1 0 5 2 0 0 1 10 6 6 11 0 1 0 2 0 2 0 1 0 0 1 1 0 1 0 0 0 0 0 0 1 5 0 2 1 0 0 0 2 0 0 0 0 0 1 0 3 2 0 3 2 0 0 9 39 25 6 17 1 1 2 2 1 1 0 0 1 0 1 0 
1 1 1 2 0 0 0 1 1 2 20 3 2 0 0 0 2 1 0 0 0 0 1 3 3 3 1 1 0 0 0 0 1 0 12 2 0 1 1 0 4 2 1 0 0 0 1 3 2 2 0 2 1 2 0 0 2 1 12 2 0 1 0 0 0 2 0 2 0 0 0 0 8 3 0 32 0 0 0 1 3 3 22 4 0 2 0 0 1 1 2 0 3 1 2 4 
0 0 0 1 1 0 0 1 6 0 8 2 0 1 0 0 2 2 4 1 0 0 0 0 5 0 0 8 1 0 1 0 2 1 6 3 0 0 1 2 0 1 2 1 0 0 0 2 0 2 1 0 1 0 0 0 4 5 21 8 0 1 0 1 1 0 4 0 0 0 2 0 0 2 1 9 3 0 0 3 18 8 14 10 0 2 0 0 1 3 4 3 1 1 0 1 
10 3 3 4 2 0 2 1 6 0 0 2 0 0 1 0 5 2 2 1 0 0 0 0 5 7 1 8 0 1 0 3 3 6 5 10 3 3 2 3 0 0 2 1 0 0 0 0 3 2 3 2 0 2 1 0 2 2 2 3 2 0 3 1 2 2 2 0 0 0 0 0 1 6 0 6 0 1 1 2 4 13 4 6 1 1 4 0 0 0 2 4 0 1 0 2 
1 0 0 0 1 0 0 0 3 2 1 0 1 0 0 1 0 0 0 0 0 0 0 0 2 0 0 2 0 0 0 0 1 0 4 3 0 1 0 0 0 0 1 0 0 0 0 1 0 0 1 1 0 0 0 0 2 3 1 2 0 0 1 0 0 1 0 0 0 0 0 0 4 0 0 4 7 0 1 11 69 13 8 43 0 1 0 1 0 0 0 1 0 0 0 0 
1 1 0 0 0 0 0 1 4 5 18 3 1 2 0 0 1 1 6 1 1 0 0 2 1 7 2 7 0 0 0 0 1 3 29 0 0 1 0 0 3 0 6 0 0 0 1 1 1 1 1 3 0 2 0 0 10 17 21 16 0 0 0 0 2 0 2 1 0 0 0 0 0 1 0 2 0 0 0 0 1 0 4 0 0 0 0 1 1 0 3 0 0 0 0 0 
11 4 4 3 3 0 0 2 1 5 0 1 1 2 4 0 1 0 0 0 1 0 0 0 13 12 3 6 1 3 0 4 4 3 4 4 0 3 6 2 1 0 1 4 0 2 0 0 7 8 3 3 3 0 1 0 3 0 2 1 2 1 2 1 2 1 0 1 0 0 1 0 7 4 3 8 0 4 1 2 1 1 0 2 0 2 2 1 0 0 1 0 0 0 0 0 
9 5 3 2 4 1 2 1 3 1 2 0 0 2 2 2 4 0 1 2 1 0 1 0 3 13 0 7 2 2 0 2 4 1 3 3 1 6 6 2 0 0 2 3 0 1 1 2 5 9 3 3 1 1 0 1 0 0 1 1 1 0 4 3 1 1 0 0 1 0 0 0 6 9 2 12 0 3 0 0 1 2 2 0 1 2 2 2 1 1 0 2 1 0 1 2 
0 0 0 2 0 1 0 0 0 1 3 0 0 0 0 1 1 0 1 0 2 0 0 3 0 0 0 4 0 0 0 0 0 1 3 1 0 0 0 0 0 0 0 1 0 0 0 4 0 0 0 1 0 0 0 1 1 2 8 2 0 0 0 0 2 3 0 4 1 0 0 1 10 1 1 46 0 0 0 1 1 3 46 5 1 0 1 1 1 1 2 4 3 3 0 14 
0 0 0 0 0 0 0 0 2 2 0 2 0 0 1 0 0 0 1 1 0 0 0 0 0 0 0 0 0 0 0 0 2 1 0 0 0 0 0 0 1 0 0 0 0 0 0 0 0 0 0 0 0 0 0 0 0 0 0 0 0 0 0 0 0 0 0 0 0 0 0 0 2 2 0 0 4 0 0 24 83 15 9 47 0 0 0 0 0 0 0 0 0 0 1 0 
5 3 0 0 0 2 0 1 2 2 2 0 0 0 1 2 3 1 2 4 2 2 0 2 6 3 0 7 1 2 1 2 6 7 4 5 4 0 3 0 6 0 5 3 1 2 4 3 3 2 1 2 0 0 0 0 2 4 1 0 0 0 1 0 3 3 3 1 1 0 0 3 7 4 0 4 1 1 0 2 7 12 3 2 1 0 2 5 1 0 0 2 3 0 0 2 
0 1 0 2 1 2 0 2 3 0 1 0 1 0 0 0 0 4 1 2 0 0 0 0 2 1 0 3 0 1 2 4 2 0 0 2 4 0 0 3 0 1 0 1 0 0 0 1 1 1 0 3 2 1 0 1 1 0 0 0 0 0 1 2 0 0 0 1 0 1 1 0 0 1 0 12 5 3 0 10 46 15 11 29 1 0 0 0 1 1 0 0 0 0 0 2 
1 4 0 5 0 0 0 0 1 0 2 1 1 1 1 2 1 0 0 1 2 1 0 4 2 4 0 7 0 1 0 0 0 0 2 3 2 3 1 2 0 1 0 2 0 1 3 0 3 4 0 6 0 0 0 2 0 1 3 1 1 0 1 0 1 1 1 1 1 0 1 2 7 1 0 47 0 0 0 1 0 4 23 3 1 0 0 3 0 1 1 2 2 1 0 11 
6 1 2 6 4 1 1 1 5 1 4 2 4 1 0 0 4 2 3 4 5 2 1 3 5 4 0 3 1 1 1 0 0 0 3 9 1 2 0 4 2 4 1 5 1 0 2 7 2 2 0 7 0 2 0 1 1 0 2 2 3 0 0 1 2 2 1 1 1 0 0 2 4 2 0 5 1 0 0 0 1 0 0 2 1 5 3 6 2 1 3 2 7 0 1 3 
0 2 0 4 0 0 0 1 0 0 5 3 1 0 1 0 2 1 1 0 0 1 0 3 2 2 1 9 0 0 0 0 1 1 0 1 0 0 4 2 0 0 1 1 0 0 0 3 0 1 0 0 2 0 1 0 0 2 7 2 0 0 0 0 1 4 1 1 0 0 1 0 5 1 2 55 0 0 0 1 1 4 33 5 0 0 1 0 1 1 2 0 0 2 1 9 
10 6 1 5 3 2 1 1 2 1 3 2 1 2 1 3 2 2 1 2 1 0 0 0 2 4 4 6 1 2 0 1 2 1 3 4 2 6 2 4 0 3 1 1 0 0 0 0 5 4 1 4 1 1 1 1 3 2 3 3 1 3 1 1 3 0 0 0 0 0 0 0 8 4 2 8 1 4 0 0 4 2 2 2 4 3 0 10 2 2 0 0 0 0 1 2 
5 1 1 4 5 1 1 7 3 1 3 4 2 2 2 0 6 1 5 4 0 0 2 2 2 3 1 5 4 3 1 1 3 5 0 6 0 2 0 6 0 2 0 2 0 1 0 3 3 1 0 3 2 2 0 4 3 1 0 4 1 1 3 1 0 2 2 1 0 1 1 2 3 1 1 1 5 2 0 6 2 0 2 2 3 1 2 5 4 1 0 3 1 1 2 2 
9 3 3 3 1 1 0 1 3 1 3 1 1 0 0 0 3 2 3 0 0 0 0 0 13 11 1 11 2 3 1 1 3 2 1 3 5 2 6 3 1 1 1 2 0 0 0 0 9 9 2 6 0 0 1 0 2 4 0 2 2 3 3 0 0 1 1 0 0 0 0 0 6 11 2 9 0 0 1 1 3 3 0 3 0 0 1 2 0 0 1 0 0 0 0 1 
0 0 0 2 0 0 0 0 0 1 3 1 0 0 0 0 1 1 0 0 0 0 1 3 0 0 0 0 0 0 0 0 0 0 0 0 0 0 0 0 0 1 0 1 0 0 2 4 1 0 0 1 0 1 0 1 1 5 7 6 0 0 0 0 2 3 2 3 0 0 0 0 8 1 0 62 0 0 0 0 2 1 46 11 0 0 0 0 0 2 0 3 2 2 0 6 
2 0 0 2 5 1 3 3 5 2 2 3 0 2 1 4 0 1 2 4 2 1 2 2 2 3 0 3 3 2 0 2 4 4 0 3 1 4 4 3 1 1 2 0 0 0 1 4 1 1 2 2 1 2 0 6 5 0 1 5 2 0 2 2 0 1 0 2 1 0 2 1 6 6 2 8 2 4 1 5 0 5 0 1 2 0 2 5 0 3 1 3 3 2 1 3 
8 2 4 4 3 1 1 1 3 3 2 3 2 1 3 4 4 0 1 3 0 0 1 0 7 6 0 9 4 0 4 1 1 1 1 5 2 4 4 2 1 1 2 1 0 0 0 2 4 4 3 2 0 1 0 1 2 6 2 2 3 2 4 3 1 0 1 1 0 0 1 0 6 1 1 7 0 2 1 2 6 1 0 4 0 1 0 2 1 2 1 1 0 0 5 1 
1 2 0 1 2 0 0 1 5 2 9 2 0 1 4 2 4 3 2 3 1 0 1 0 2 3 0 7 1 2 0 2 2 3 12 2 1 1 2 2 1 2 2 2 4 0 1 0 2 1 1 2 1 0 0 1 6 6 13 9 0 0 1 2 1 2 0 1 0 0 0 2 4 3 0 6 0 0 0 0 4 4 7 2 1 1 0 6 0 2 1 2 2 1 1 2 
0 0 0 2 1 1 0 2 5 2 3 3 2 2 1 3 7 2 4 3 3 0 1 2 2 0 0 2 0 0 0 2 3 5 4 2 3 0 1 0 3 1 3 6 2 1 2 4 0 2 0 2 0 0 0 0 3 5 4 4 0 0 0 0 2 2 1 3 0 0 0 1 6 1 0 6 1 0 0 0 4 11 10 3 1 0 1 3 7 1 2 6 8 1 0 4 
4 3 1 5 3 0 0 3 3 2 3 2 0 0 4 6 8 1 6 3 2 1 2 1 0 1 2 2 4 3 2 3 3 3 2 3 1 2 2 1 3 2 1 3 0 1 2 5 3 1 0 2 2 0 0 2 4 1 4 3 0 1 1 1 1 3 3 0 1 0 0 2 3 3 0 6 0 3 1 3 5 1 1 3 1 1 1 4 4 1 3 2 1 0 1 3 
2 0 0 2 1 1 0 1 1 2 1 0 2 1 2 7 6 3 2 6 9 0 1 5 3 1 0 1 2 1 0 0 2 0 2 2 0 2 1 0 2 2 4 6 4 2 2 4 1 0 0 0 0 1 0 0 1 1 10 5 0 0 1 2 2 2 1 3 2 0 4 5 6 1 0 2 1 1 0 3 4 2 2 1 2 0 1 3 1 3 1 7 6 0 2 12 
2 0 0 2 0 0 0 2 6 4 13 4 0 1 0 2 2 2 2 2 0 0 0 1 4 4 2 8 0 2 0 2 1 3 14 2 0 1 1 3 2 1 6 2 0 2 0 2 1 0 0 2 0 4 0 2 13 6 18 9 0 0 1 1 1 3 1 2 0 0 0 0 0 2 0 2 0 0 0 1 1 2 6 0 1 1 0 0 2 1 2 0 1 2 1 4 
2 1 0 0 4 3 0 2 1 2 10 5 2 1 0 1 2 1 1 1 0 0 0 3 2 4 0 0 0 0 0 1 3 5 7 3 0 1 1 1 0 0 2 1 0 1 0 1 6 3 0 1 1 0 0 1 4 2 10 5 0 2 1 0 2 1 1 2 2 1 2 1 1 2 2 4 3 1 1 4 16 11 11 9 1 0 0 1 2 0 1 4 0 0 2 1 
1 1 0 0 0 0 0 0 1 1 5 2 1 0 0 1 2 1 1 0 1 0 1 1 1 0 0 0 0 1 0 0 4 9 2 7 0 1 0 1 1 1 1 2 0 0 4 4 0 0 0 0 1 0 1 0 0 4 1 4 0 0 0 0 0 3 1 2 0 0 1 1 3 1 0 21 0 0 0 1 17 28 21 9 1 0 0 2 1 3 2 3 0 1 1 7 
1 8 2 3 1 2 1 1 5 3 4 2 0 0 1 1 3 1 3 3 1 0 0 0 9 6 1 7 4 5 0 3 6 2 0 5 2 0 8 1 3 1 1 2 0 0 0 1 4 6 4 3 0 2 0 1 3 1 1 0 0 1 2 1 3 0 1 1 0 0 1 1 11 13 1 8 1 2 1 0 2 2 1 0 0 0 0 1 1 4 1 1 0 0 0 1 
6 8 1 4 3 0 1 3 3 0 3 1 3 3 1 5 4 1 5 4 1 0 3 2 4 8 0 11 1 1 0 0 0 0 1 6 2 1 1 5 1 0 0 1 1 1 0 1 5 1 0 3 0 1 1 1 0 0 7 1 4 1 0 6 2 0 1 1 0 2 2 1 8 2 0 10 1 0 0 0 2 0 1 4 2 2 1 5 7 0 0 2 0 0 1 1 
7 0 0 4 0 0 0 2 2 2 3 0 2 0 3 3 2 0 1 3 0 0 1 0 1 2 0 0 1 0 0 1 6 8 1 9 0 1 0 1 2 4 1 1 2 0 4 2 0 2 1 1 1 3 0 1 0 4 0 3 1 0 2 3 0 0 3 1 1 0 2 1 2 1 0 2 0 0 0 0 15 26 14 8 4 3 1 1 0 4 0 2 1 0 1 3 
7 3 0 2 5 0 1 3 3 2 1 0 1 2 1 1 4 2 4 7 1 2 2 0 2 3 0 5 4 1 0 2 9 4 3 4 2 2 3 2 2 0 2 4 0 0 4 2 0 2 0 3 3 0 0 2 6 3 0 3 1 0 3 0 1 2 4 3 0 1 0 0 0 5 0 4 1 3 1 4 3 8 4 4 0 0 0 0 1 0 1 2 0 1 2 5 
5 8 5 9 2 1 0 0 1 1 8 1 2 1 2 0 1 1 3 1 0 0 0 0 10 14 1 9 3 2 1 0 5 4 1 3 2 2 6 2 0 2 2 0 0 0 0 0 6 6 6 7 0 2 0 0 2 3 5 2 1 0 0 0 0 1 0 0 0 0 0 0 4 9 2 6 0 1 0 0 1 1 3 0 5 2 0 1 0 1 0 1 0 0 1 0 
2 2 1 0 1 0 0 0 2 5 16 0 1 0 1 0 5 1 4 1 0 0 0 0 1 0 1 3 0 0 0 2 8 9 9 8 0 0 1 0 1 2 1 2 1 0 0 2 2 0 0 1 0 0 0 1 2 8 13 1 0 0 1 0 2 0 1 2 0 0 0 0 0 0 0 2 0 0 0 1 11 27 9 10 1 0 1 0 1 3 2 1 0 0 0 4 
0 0 1 1 0 0 0 0 8 2 15 2 0 0 0 1 1 1 1 0 0 1 0 0 1 2 0 11 0 0 0 0 3 2 21 1 0 0 0 0 2 1 2 0 0 0 2 1 0 2 0 1 0 2 0 0 13 14 26 10 0 1 0 0 3 0 3 1 0 3 0 0 1 0 0 5 0 0 0 1 9 1 5 5 0 1 0 0 1 1 2 1 1 0 1 3 
1 1 0 0 0 0 0 2 8 1 9 1 0 0 1 0 3 1 5 1 0 0 0 0 0 8 3 7 0 0 0 1 8 4 19 3 0 0 0 0 1 2 4 0 0 0 0 1 1 1 1 2 0 1 0 0 11 19 28 11 0 0 0 0 2 0 4 1 0 0 0 0 1 1 1 5 0 0 0 0 1 0 9 0 0 0 0 0 2 0 1 0 0 0 0 2 
0 1 0 1 1 0 0 0 1 3 1 0 1 0 0 1 0 0 0 1 1 0 0 1 1 0 0 0 0 0 0 0 19 9 5 11 0 1 0 0 0 0 0 0 1 0 2 1 2 1 0 1 0 0 0 0 0 3 1 2 0 0 0 0 1 2 2 1 0 0 0 0 4 0 0 14 0 0 0 1 16 37 23 18 0 0 0 1 0 0 0 0 0 1 1 5 
0 0 0 1 0 0 0 0 8 6 12 3 0 2 1 1 0 1 6 1 0 0 0 0 1 4 1 11 0 0 0 0 2 0 19 5 0 1 0 0 2 0 7 0 0 3 0 2 1 3 1 4 0 1 0 0 13 23 17 8 0 0 0 1 1 1 0 1 0 1 0 0 1 0 0 0 0 0 0 0 1 3 10 3 1 0 0 0 2 0 3 0 0 0 0 0 
1 0 0 0 0 0 0 1 2 2 4 2 1 0 2 2 1 2 3 3 4 0 2 3 0 4 1 2 0 1 0 0 3 6 1 3 1 4 0 1 0 3 0 5 6 0 2 12 3 3 0 2 0 0 0 0 2 2 3 2 0 1 0 0 0 3 1 5 1 0 0 2 5 1 0 9 0 0 0 2 7 12 6 3 2 0 2 1 2 2 3 4 5 0 3 11 
3 6 2 2 1 0 0 2 6 0 11 4 3 0 0 0 2 1 2 3 0 0 2 0 5 3 0 2 3 0 1 0 0 2 9 2 0 4 2 2 2 0 1 2 2 2 2 4 4 3 1 3 1 0 0 3 0 0 2 1 1 0 1 4 2 0 2 3 0 0 2 3 3 3 0 6 3 1 0 0 6 0 10 5 3 0 1 2 0 1 3 5 4 1 1 6 
2 0 0 1 2 2 1 1 1 2 11 0 0 0 1 5 5 2 6 3 1 1 3 0 1 3 1 2 0 2 0 4 4 0 5 0 0 1 3 1 1 2 5 0 0 1 2 2 3 0 0 2 0 0 0 1 8 3 6 7 0 1 0 3 1 1 1 1 0 0 1 1 1 2 0 16 0 2 1 1 3 8 11 2 1 1 3 4 2 1 2 4 2 0 1 2 
6 6 4 4 1 0 0 0 4 1 2 1 0 0 6 1 1 1 0 1 0 1 0 0 6 16 2 5 1 1 1 2 6 3 2 1 0 1 4 3 3 1 1 3 0 0 1 3 3 7 4 3 1 1 0 0 0 3 0 1 0 0 1 0 0 0 3 0 0 0 1 0 6 8 0 20 0 3 0 1 1 3 8 4 0 1 0 1 3 0 0 4 2 0 1 0 
2 2 0 1 1 0 0 1 1 0 3 1 1 1 2 2 7 4 2 2 5 0 1 4 1 2 0 4 0 0 0 0 4 2 2 1 1 0 0 0 6 0 5 5 5 4 1 13 6 1 0 4 2 0 0 1 1 1 4 2 1 0 1 2 2 1 1 2 0 0 2 2 2 1 0 3 1 1 0 2 5 0 1 1 5 0 1 5 6 5 0 5 12 0 2 7 
0 2 0 1 0 1 0 0 3 1 3 2 2 0 2 1 2 1 0 0 0 0 0 0 0 0 0 0 0 0 0 1 5 1 4 2 0 0 0 0 0 1 1 0 0 0 0 0 0 1 0 0 0 0 0 1 1 1 8 0 1 0 0 0 1 0 0 1 0 0 0 0 1 2 0 4 4 0 0 8 65 10 10 41 0 0 1 0 1 0 0 2 0 0 0 0 
2 5 2 4 4 2 0 0 1 3 1 1 0 0 2 1 0 0 2 0 0 1 0 0 9 14 1 6 4 3 0 4 2 2 3 3 2 3 5 4 2 1 5 2 0 0 1 0 13 6 7 2 2 3 2 0 3 1 1 2 1 0 1 1 0 0 4 0 0 0 0 0 3 9 1 7 0 2 0 4 6 3 2 3 0 0 0 1 1 0 0 0 1 0 1 0 
0 0 0 1 0 0 0 0 2 0 9 3 0 0 0 0 0 1 0 1 0 0 0 0 1 1 1 6 0 0 0 0 3 1 5 1 0 0 0 0 1 1 2 0 0 0 0 0 1 1 0 0 0 1 0 1 3 5 10 2 0 0 0 1 1 0 1 1 0 0 0 0 3 3 0 4 3 0 0 8 58 9 15 25 0 0 0 0 2 1 0 0 1 0 0 0 
0 3 0 3 0 0 0 2 5 2 31 3 0 3 0 0 3 2 2 3 0 1 0 0 2 1 0 3 0 1 0 2 5 2 14 1 0 0 0 1 1 0 0 0 0 1 0 1 1 2 0 2 0 1 0 3 6 7 19 4 0 1 0 2 2 2 2 1 0 0 1 1 1 6 0 5 0 0 0 1 6 1 11 5 0 0 0 1 0 0 3 2 0 1 1 1 
2 4 0 2 2 1 0 4 3 6 0 2 1 2 0 1 2 1 0 4 1 0 3 0 3 3 0 0 0 3 0 5 11 5 2 6 0 3 1 1 0 2 1 3 0 1 2 4 3 2 1 1 1 3 0 2 4 1 2 3 1 0 0 2 1 2 1 1 0 0 1 0 3 3 1 4 6 4 0 0 3 13 3 8 1 2 0 4 2 1 0 6 1 2 1 3 
3 3 0 2 0 1 0 0 3 2 1 3 1 0 1 1 4 1 3 1 1 0 1 1 2 1 1 2 1 0 0 3 4 3 5 1 0 0 0 1 3 2 3 3 0 0 1 5 1 0 0 4 0 0 0 1 5 1 4 4 0 0 2 0 1 1 2 2 0 1 1 1 8 2 0 30 0 0 0 1 2 4 26 3 0 0 1 2 3 3 2 3 0 2 0 3 
4 3 0 0 0 1 0 0 1 0 15 3 1 0 0 1 5 0 2 2 1 0 0 0 1 6 0 7 0 1 1 0 5 5 10 2 0 1 1 2 0 1 0 4 0 0 1 0 1 1 0 2 0 3 0 0 0 1 7 3 0 0 0 0 0 0 1 0 0 0 0 0 4 6 0 1 4 0 0 4 32 13 4 20 0 0 0 1 1 0 0 1 2 0 0 1 
7 4 3 2 1 2 1 4 1 0 2 2 0 2 1 2 4 2 1 3 0 0 2 1 1 7 0 1 3 1 1 2 3 3 0 5 2 0 2 3 2 5 1 3 0 0 3 1 1 5 1 4 0 2 0 5 4 1 1 0 0 0 1 3 1 0 2 2 0 1 2 1 7 3 1 10 1 3 0 4 9 10 3 0 1 0 1 1 3 3 1 1 0 0 1 4 
3 4 0 5 1 0 0 0 3 4 5 4 1 2 0 2 1 1 0 2 0 1 0 0 2 2 4 9 0 0 0 0 4 7 14 0 1 1 2 1 1 1 4 0 0 2 2 2 0 0 0 4 0 0 0 0 8 11 25 8 0 0 2 0 1 4 2 2 0 0 0 0 1 1 0 4 0 0 0 0 6 10 3 2 2 0 0 2 1 0 1 0 0 1 0 1 
0 0 0 1 0 0 0 0 2 2 2 2 0 1 1 1 0 0 1 0 0 0 0 1 0 1 0 3 0 0 0 0 8 16 2 7 0 0 0 0 0 0 1 0 0 0 2 3 0 0 0 0 0 0 0 0 2 7 1 2 0 0 0 0 0 3 1 2 0 0 0 0 2 0 0 21 0 0 0 0 12 36 31 9 0 0 0 0 1 1 3 2 0 2 0 5 
1 3 0 1 2 0 0 1 7 1 0 4 1 1 2 4 1 3 3 6 4 1 3 3 2 3 0 2 0 0 1 3 4 0 0 2 2 0 2 2 3 2 2 3 3 1 3 5 1 5 1 0 0 1 0 0 3 2 2 2 0 0 0 1 2 3 3 5 2 0 1 4 5 0 0 9 0 1 0 0 3 4 2 2 2 2 3 4 1 2 1 8 7 0 2 7 
5 1 0 3 0 0 0 1 2 1 3 0 1 0 0 0 1 0 3 0 0 0 0 1 5 1 1 2 0 0 0 0 3 2 7 5 1 1 0 1 1 1 0 1 0 0 0 0 3 0 2 3 0 0 1 0 2 4 6 2 1 0 0 0 1 0 2 3 0 0 0 0 1 4 3 14 3 0 0 8 41 7 10 18 0 0 0 2 0 1 1 0 0 0 0 3 
4 1 1 1 0 0 0 0 4 3 0 2 0 2 3 1 0 0 1 3 1 0 0 0 1 3 0 1 0 3 0 2 4 6 0 5 1 2 1 2 1 2 4 1 0 0 0 1 5 1 0 0 0 1 0 1 2 1 2 1 1 0 0 2 0 3 1 2 0 0 1 0 4 3 0 5 6 0 0 7 34 12 11 22 1 0 0 2 0 0 0 0 0 0 1 1 
0 2 0 0 0 0 0 3 0 2 2 0 0 0 1 0 1 0 1 1 0 0 0 0 2 1 0 2 1 0 0 1 2 2 2 1 0 2 2 0 0 0 1 0 0 1 0 0 0 0 0 0 2 1 0 1 2 1 1 2 0 0 0 2 0 0 0 0 0 0 0 1 2 0 0 1 10 5 1 8 64 11 5 39 2 2 0 0 1 0 0 1 0 0 1 1 
0 1 0 0 0 0 0 0 7 2 11 4 0 1 0 1 3 2 2 3 0 0 0 0 1 7 0 12 0 0 0 0 4 5 14 2 0 1 0 0 1 1 3 0 0 0 3 2 1 3 0 1 0 1 0 2 10 12 22 11 0 0 1 1 1 1 3 0 0 0 0 0 0 2 1 2 1 0 0 1 7 3 5 9 0 0 0 0 2 1 0 1 0 1 0 1 
2 1 0 0 1 0 0 0 5 2 22 4 0 1 1 2 2 0 6 1 0 1 1 2 4 5 1 5 0 0 0 0 2 3 13 2 0 1 0 0 1 0 2 0 0 0 1 2 2 2 0 2 1 0 0 0 14 6 29 14 1 0 1 0 1 2 2 1 0 0 0 0 2 0 0 1 0 0 0 1 1 3 10 1 0 0 0 0 0 1 1 1 0 0 1 3 
3 0 0 0 1 1 0 0 3 5 11 0 0 0 0 0 1 1 2 0 0 0 0 0 3 0 0 1 0 0 1 0 9 11 8 8 0 0 0 0 0 2 2 3 0 3 0 1 1 0 0 0 0 0 0 0 0 11 8 6 0 1 0 0 3 1 0 3 0 0 0 0 0 0 0 1 0 1 0 1 9 38 14 13 0 0 0 1 1 1 3 1 0 0 0 2 
1 2 0 1 1 0 0 1 0 0 3 3 2 0 3 8 2 3 5 5 6 1 0 3 1 0 0 2 0 2 0 0 1 1 2 2 2 0 0 2 2 1 3 5 3 1 2 8 1 3 0 1 0 1 0 1 1 5 5 0 2 1 1 0 4 1 3 3 0 1 3 0 3 1 0 18 0 1 0 0 2 3 3 2 6 0 1 2 3 2 3 6 5 5 1 6 
1 0 0 1 1 3 0 4 4 0 1 4 4 1 3 4 7 4 3 4 5 1 1 1 1 2 1 4 0 1 0 2 1 1 4 2 1 1 2 0 0 3 2 7 0 2 2 8 1 1 0 3 0 0 0 1 1 4 3 3 1 0 1 0 2 3 1 1 0 0 5 1 4 1 0 8 1 2 0 1 0 0 1 2 2 0 5 0 2 0 2 9 8 3 3 10 
5 2 0 0 2 2 1 0 5 0 18 0 0 2 0 1 5 0 4 3 0 0 0 0 0 1 1 5 2 0 0 0 3 4 10 3 1 0 1 0 2 1 5 1 0 0 2 0 3 1 2 3 0 0 0 0 8 6 20 4 0 0 1 0 7 1 1 3 0 1 1 0 0 4 1 0 0 2 0 2 1 2 17 4 2 0 0 2 2 0 1 0 1 1 2 2 
2 1 0 3 4 4 1 2 3 3 2 3 1 2 1 1 2 4 5 3 1 2 0 1 2 1 1 2 2 3 0 3 3 5 2 7 1 0 2 1 2 4 4 3 0 0 2 1 2 1 1 2 1 2 0 0 3 3 4 2 1 0 0 3 1 5 2 4 0 0 1 0 5 4 0 1 2 2 0 0 2 7 5 3 3 0 1 4 0 5 4 6 3 0 0 3 
4 6 0 0 2 6 2 7 1 3 0 3 1 0 3 1 4 2 3 5 0 0 2 2 3 5 0 1 0 5 0 3 0 0 1 5 2 4 1 3 1 2 0 2 0 0 1 4 0 5 0 2 1 1 0 6 5 2 1 3 2 0 4 2 2 2 1 2 0 2 2 2 1 3 1 2 0 5 2 9 2 3 1 2 1 1 2 5 3 0 4 2 0 0 1 3 
3 2 0 0 0 1 0 2 8 2 16 10 1 0 0 4 2 1 3 5 0 0 0 0 2 2 1 9 1 0 0 0 3 2 15 1 0 3 0 0 3 1 3 0 0 2 0 1 1 0 0 5 0 2 0 0 10 8 16 9 0 0 0 0 4 1 2 0 0 1 0 1 1 1 0 0 0 0 0 0 2 0 13 3 1 0 0 1 1 2 2 0 0 1 0 3 
10 5 0 13 0 1 0 1 3 1 5 2 4 6 2 7 1 1 2 3 0 0 1 0 6 3 0 7 1 1 1 1 3 3 3 3 4 4 1 7 2 3 4 3 1 0 2 1 3 2 0 3 0 0 0 2 1 2 0 1 0 1 2 1 1 1 0 1 0 0 1 0 10 6 0 4 0 0 0 0 0 4 1 2 4 1 1 5 1 0 1 3 0 0 0 3 
1 1 0 3 0 0 0 0 1 0 1 2 1 0 2 0 1 0 0 4 0 0 3 5 0 0 0 4 0 0 0 0 1 1 4 2 0 1 0 1 0 0 1 0 0 0 0 5 4 0 0 5 0 0 0 0 0 2 2 4 0 0 1 1 3 3 2 1 0 1 0 1 5 0 0 51 0 0 0 0 9 5 23 8 1 2 0 0 1 1 1 2 1 2 0 13 
2 0 0 2 0 0 0 0 0 0 3 1 0 0 1 0 2 0 0 1 0 0 1 1 2 0 0 2 1 0 0 0 1 1 2 1 0 0 1 0 1 2 1 3 0 0 1 3 0 0 0 0 1 0 0 0 0 1 9 4 0 0 0 0 0 3 1 3 0 0 0 0 9 3 0 60 0 0 0 0 1 2 32 9 1 0 1 4 1 1 1 2 3 1 0 11 
5 9 0 3 0 1 0 1 6 1 7 3 3 3 3 1 2 1 3 2 2 1 1 0 10 7 0 6 0 2 0 2 0 0 7 4 2 4 4 1 1 2 0 1 2 0 3 1 3 2 0 4 0 1 0 0 4 3 7 1 3 0 2 3 3 1 3 0 0 1 1 0 3 4 2 7 1 0 1 1 0 2 3 1 1 0 1 8 0 0 2 3 0 0 0 1 
0 0 0 0 0 0 0 0 2 1 5 1 1 0 0 0 3 2 1 0 0 0 0 0 0 0 1 2 0 0 0 0 2 0 5 3 0 1 0 0 1 0 0 0 0 0 0 1 2 1 0 0 0 0 0 1 7 2 5 2 0 0 0 0 0 0 2 1 0 0 2 0 2 1 1 2 4 0 0 5 60 11 16 41 0 0 0 0 0 0 0 0 0 0 0 0 
1 5 0 7 2 3 1 1 3 1 2 5 3 1 2 5 4 4 3 1 1 0 1 1 10 9 0 5 1 0 1 1 0 0 1 3 2 1 3 3 2 4 3 2 1 0 1 1 7 2 0 3 3 1 0 2 0 0 0 2 4 1 1 0 0 3 5 2 0 0 0 1 5 1 2 3 1 0 1 1 3 0 1 1 5 1 2 6 0 4 6 3 0 2 3 1 
3 4 0 3 0 0 0 1 4 6 20 1 2 2 0 4 5 0 2 5 0 0 0 0 6 4 1 4 1 0 0 0 3 6 7 5 0 3 0 0 0 2 1 0 0 0 1 1 1 3 0 1 0 0 0 0 5 3 14 3 1 0 1 1 1 1 0 1 0 0 0 1 6 3 1 8 2 0 0 0 1 2 8 2 3 2 0 3 1 2 0 2 3 1 1 5 
6 7 3 6 2 1 0 1 3 3 5 0 0 1 1 1 2 2 1 1 0 0 2 0 4 5 0 4 0 2 0 1 5 2 4 8 0 2 1 4 2 0 2 3 0 0 1 1 7 4 4 9 1 1 0 0 0 3 8 3 2 0 3 0 2 0 0 2 0 0 0 1 5 6 2 7 3 3 1 1 2 2 0 3 2 3 4 1 1 1 0 0 0 0 4 0 
4 2 0 5 4 2 1 5 1 2 3 0 3 2 0 1 2 2 1 2 2 0 0 5 4 1 0 3 1 1 0 8 2 3 2 8 5 3 0 5 0 4 2 3 0 1 2 1 1 3 0 3 3 1 0 2 4 2 0 2 0 2 1 4 0 0 2 3 1 0 2 2 3 4 1 3 1 2 1 6 2 3 1 1 2 1 4 2 3 2 2 2 1 2 3 2 
3 2 0 2 1 0 0 3 3 1 1 0 1 0 0 0 3 0 0 1 0 1 0 2 0 1 0 6 2 0 0 2 2 3 6 4 0 0 0 1 1 1 0 1 2 1 2 2 0 2 1 1 0 1 0 2 0 2 4 6 0 0 1 1 1 0 1 3 0 2 0 3 4 0 0 27 1 0 1 3 4 13 25 14 0 0 1 1 1 1 2 0 0 2 0 8 
1 0 0 1 0 1 0 0 3 5 10 3 1 0 0 1 4 0 1 1 0 0 0 0 1 1 0 3 0 0 1 3 12 12 10 5 2 0 0 1 0 0 0 0 0 0 2 2 0 0 0 1 0 0 0 1 2 7 10 4 0 0 0 0 1 1 0 1 1 0 0 1 1 1 0 1 2 0 0 5 16 20 14 16 1 1 0 2 0 0 0 0 1 0 0 2 
0 1 0 2 0 0 0 2 2 0 1 2 0 1 2 1 0 1 0 1 0 1 3 5 0 1 0 5 2 1 0 1 0 0 0 0 0 0 0 2 0 0 2 1 1 2 0 3 0 0 0 1 0 0 0 0 0 1 5 2 0 0 1 2 1 4 5 2 1 0 0 1 5 2 3 43 1 1 1 3 2 6 33 11 1 0 0 0 1 2 1 2 1 1 0 8 
3 1 0 0 1 1 0 1 3 0 20 6 2 0 0 2 2 1 1 1 0 0 0 1 0 3 0 5 0 1 0 1 2 4 8 2 0 1 1 1 2 1 0 0 0 1 0 2 2 2 0 1 0 0 0 0 4 2 11 3 0 1 0 0 4 1 0 1 1 0 1 1 2 3 0 27 0 2 1 0 1 5 29 5 1 0 0 0 2 0 0 2 0 0 0 4 
6 11 0 4 1 1 0 0 4 1 5 1 7 2 1 3 1 0 4 4 2 0 0 1 7 3 0 15 3 2 0 0 1 0 3 2 2 4 2 7 1 3 0 2 1 0 0 2 7 2 0 3 0 0 0 1 0 1 1 3 2 1 2 3 2 1 1 1 0 0 3 1 5 2 1 4 0 0 0 1 2 2 1 6 2 2 3 5 2 2 0 1 1 3 0 1 
2 4 1 0 5 0 0 1 6 5 0 5 0 0 2 0 5 2 8 5 1 0 0 0 5 2 0 3 2 3 0 3 3 2 3 4 1 3 1 2 3 4 5 3 0 0 3 3 3 4 2 2 4 1 0 3 5 3 2 3 0 1 4 1 0 1 4 2 0 0 1 0 1 1 1 5 0 2 0 3 4 4 5 2 1 1 5 1 3 1 0 1 0 1 0 2 
2 0 0 1 0 0 0 0 3 3 4 2 0 0 0 3 0 0 1 1 0 0 1 0 0 0 0 0 0 0 0 0 12 22 4 13 0 1 0 1 0 0 0 0 0 0 1 1 0 0 0 0 0 0 0 0 1 4 4 2 0 0 0 0 0 0 1 2 0 0 1 1 0 0 0 1 0 0 0 0 33 38 16 12 1 1 0 1 2 0 1 1 1 0 0 0 
0 0 0 0 0 1 0 0 1 0 1 4 0 1 0 0 1 0 1 2 0 0 0 5 0 0 0 1 0 0 0 0 0 0 1 3 0 0 0 0 0 1 2 1 0 0 0 3 0 1 0 0 0 0 0 0 1 3 3 1 0 0 0 0 0 1 1 2 0 0 0 0 9 1 0 49 1 0 0 3 19 7 28 17 0 0 0 1 2 3 2 0 0 4 0 12 
5 1 0 0 1 0 0 0 4 1 8 1 4 0 1 2 7 0 3 4 1 0 0 0 1 3 1 3 0 0 0 3 4 4 8 5 0 1 2 2 2 1 1 4 0 0 0 3 1 0 2 1 1 1 0 0 10 7 13 10 0 1 1 1 5 4 1 1 0 0 0 2 1 1 1 2 0 0 0 1 15 10 2 5 2 0 0 1 2 1 0 2 0 0 0 1 
1 2 0 1 2 0 0 2 4 1 5 1 2 0 3 3 5 4 6 3 5 1 1 2 4 0 0 2 3 0 0 1 2 1 1 1 2 2 1 2 0 3 5 6 3 3 0 12 2 2 0 2 0 2 0 2 2 2 1 3 0 1 2 1 1 3 1 3 1 0 0 7 4 1 1 7 2 1 0 1 0 4 2 3 1 1 1 1 1 2 2 1 8 1 1 8 
0 0 0 1 0 1 0 0 1 1 3 2 1 0 1 1 1 1 1 2 0 1 0 1 3 1 0 1 0 0 0 0 5 6 2 6 0 0 0 0 0 2 0 1 2 1 0 1 1 1 1 0 0 0 0 0 0 6 3 3 0 0 0 0 0 1 0 0 0 0 0 1 5 1 0 23 0 0 0 0 14 21 33 13 0 0 0 0 1 2 1 2 3 1 0 13 
0 1 0 0 0 1 0 0 6 2 28 2 0 1 0 2 0 0 3 2 0 0 0 0 2 2 2 8 0 0 0 0 5 4 14 1 0 0 0 0 2 1 3 1 0 2 3 1 1 0 0 2 0 0 0 1 11 18 23 9 0 2 0 0 3 2 0 2 0 0 0 1 1 0 0 0 0 0 0 0 1 2 8 6 0 0 0 0 1 1 1 2 1 0 1 1 
1 2 2 1 2 2 0 5 4 2 1 6 2 3 2 0 2 2 5 1 0 0 4 2 2 2 0 5 4 1 1 2 2 5 4 4 2 2 4 0 5 3 5 4 0 0 0 0 2 2 0 2 1 0 0 1 4 6 4 4 1 0 1 1 5 0 4 4 0 0 1 0 7 5 1 5 0 0 1 0 5 4 4 3 0 0 0 1 4 1 4 2 0 0 1 1 
1 1 0 1 1 0 0 1 0 1 5 1 0 0 0 0 1 2 0 3 0 0 1 1 1 1 0 5 0 1 0 0 2 0 1 1 1 0 0 0 0 0 1 1 0 1 2 3 0 1 0 3 0 0 0 2 0 2 1 2 0 1 0 1 0 1 2 1 0 0 1 1 11 4 2 35 1 1 1 1 13 6 40 7 0 0 0 1 0 2 2 1 0 2 2 8 
3 7 0 2 2 4 2 3 2 2 0 4 1 1 0 0 2 4 5 3 0 0 2 1 2 3 0 2 6 2 1 0 4 2 2 3 3 4 0 8 4 4 1 1 1 2 3 1 2 2 0 5 3 2 0 3 3 2 0 1 0 0 2 1 5 2 1 2 1 2 4 1 4 2 0 7 2 4 1 4 1 4 0 1 2 1 0 6 2 2 1 0 2 0 1 0 
7 3 0 1 4 1 0 2 6 0 15 3 1 0 2 0 3 2 4 1 1 0 1 3 3 2 0 2 1 2 1 4 4 1 9 4 0 0 0 0 0 2 0 3 0 2 3 0 2 2 0 2 0 0 0 1 9 3 6 3 1 2 0 0 4 2 1 3 1 0 1 0 3 1 1 5 0 2 1 3 4 7 7 4 2 1 2 2 3 1 0 0 0 2 1 2 
5 3 0 7 1 0 0 1 4 1 5 1 3 2 1 3 2 1 1 3 0 0 0 2 6 5 0 4 0 1 0 2 2 0 1 2 2 1 3 3 1 3 2 4 0 1 1 1 6 1 0 4 0 1 0 1 0 0 6 2 0 1 1 2 0 0 1 0 0 0 0 1 5 2 0 26 0 1 0 3 1 2 18 3 4 2 0 3 2 1 0 2 1 1 0 5 
5 0 0 2 2 1 0 1 4 0 13 2 2 1 0 3 3 1 3 1 0 0 2 0 2 1 0 1 2 1 1 0 4 6 13 4 2 2 1 2 0 1 1 2 1 1 1 1 0 1 1 3 0 2 0 0 4 5 11 6 0 1 0 1 1 2 1 1 1 1 0 1 0 5 0 5 1 0 0 1 7 9 13 5 1 1 0 2 1 2 3 2 1 0 1 1 
2 0 0 3 0 1 0 1 2 0 1 0 1 0 0 0 0 0 2 1 0 0 0 2 2 4 0 4 0 1 1 4 3 0 1 2 1 0 1 0 2 2 4 1 0 1 1 2 0 2 0 2 5 1 0 1 0 6 4 4 0 0 0 0 2 1 1 1 0 1 1 3 12 1 0 34 0 3 0 3 0 2 31 5 2 1 0 1 0 1 3 2 0 0 1 10 
0 1 0 1 0 0 0 0 7 2 12 3 0 2 0 0 1 1 5 0 0 0 1 0 0 1 1 5 0 0 0 0 4 12 15 7 0 0 1 1 1 1 6 1 0 1 1 1 1 2 0 1 0 1 0 0 7 11 28 11 0 0 0 0 1 0 1 3 0 0 0 2 0 0 0 2 0 0 0 1 4 12 11 1 0 0 0 0 0 0 0 3 0 1 0 1 
1 0 0 0 1 0 0 0 0 7 0 1 0 0 2 1 1 1 0 0 0 0 0 0 0 0 0 0 0 1 0 0 19 26 1 15 0 1 0 1 0 0 0 0 0 0 0 0 1 1 0 1 0 0 0 0 0 3 0 3 0 0 0 0 0 0 0 3 0 0 0 0 1 0 0 0 0 0 0 0 13 50 24 18 0 0 1 0 1 0 0 1 0 0 0 0 
1 1 0 1 0 2 1 1 1 0 0 0 1 2 1 3 7 1 2 3 5 1 0 7 2 1 0 3 0 0 0 0 1 1 3 1 2 1 0 0 0 2 1 3 4 1 2 4 1 1 0 0 0 2 0 1 1 2 4 4 1 0 0 0 3 4 2 4 1 0 0 0 10 1 0 25 0 0 0 2 0 3 19 1 2 0 1 2 3 2 0 1 12 1 1 10 
3 0 0 2 0 1 0 0 3 1 32 3 1 2 0 5 1 1 1 2 0 1 1 0 2 1 0 2 0 0 0 0 4 4 12 1 0 0 1 0 0 0 0 0 0 1 0 1 0 2 0 2 0 0 0 0 6 3 25 2 0 0 0 0 1 0 0 2 0 0 0 0 6 4 0 13 0 0 0 0 3 3 22 8 0 0 0 0 1 1 1 0 0 2 1 3 
0 0 0 2 1 1 0 0 3 2 2 1 1 0 1 1 4 2 0 0 0 0 0 0 3 1 0 0 0 0 0 0 4 0 2 4 1 0 0 0 1 0 1 1 0 0 1 0 1 2 2 2 0 0 0 1 1 0 0 2 0 0 0 0 0 0 0 0 0 0 1 0 9 1 1 4 8 1 1 5 61 14 8 35 0 0 0 0 0 0 0 0 0 0 0 0 
2 0 0 1 2 1 0 1 6 1 24 1 1 0 0 4 2 0 3 2 0 0 0 1 3 1 0 3 7 1 1 0 7 1 16 3 0 1 0 0 0 3 3 3 0 0 0 1 2 1 0 3 3 1 0 1 5 4 12 1 2 1 1 2 1 2 0 8 0 0 0 0 4 3 0 3 1 1 0 1 3 5 11 0 1 0 0 2 1 1 0 2 0 0 1 4 
8 2 3 3 1 1 0 0 3 0 1 2 1 3 1 0 2 0 1 2 0 1 1 0 12 6 1 5 1 2 1 1 1 5 1 2 0 3 5 1 0 0 2 3 0 1 0 1 5 4 1 5 3 2 0 1 1 2 1 2 2 0 3 2 1 1 1 4 0 0 0 1 13 6 3 16 0 2 0 1 1 4 8 2 1 2 0 1 3 0 1 0 0 0 1 3 
2 4 1 0 0 1 0 1 2 0 1 0 2 0 0 1 1 0 0 0 0 0 0 0 0 0 0 1 2 1 1 2 0 3 0 3 1 0 0 0 1 1 1 0 0 0 0 1 2 1 2 1 0 1 0 0 2 1 1 0 0 0 0 0 1 0 0 0 0 0 0 0 10 4 0 4 2 0 0 9 61 12 9 37 1 2 0 0 0 0 0 1 0 1 0 1 
2 0 1 1 1 0 0 0 4 1 0 0 0 0 0 0 0 0 1 2 0 0 0 0 1 0 0 0 1 0 1 1 5 4 0 2 2 0 3 2 0 2 0 0 0 0 1 0 0 3 0 1 0 1 0 0 3 1 0 2 1 0 0 0 0 0 1 1 0 0 0 0 1 4 0 7 7 2 0 9 59 16 5 37 0 1 0 0 0 0 0 0 0 0 0 0 
6 9 0 5 0 1 0 0 1 2 2 1 1 4 1 2 0 0 2 3 0 0 1 0 6 9 2 9 1 1 0 2 9 9 1 4 2 0 4 5 1 2 0 1 0 1 1 1 5 5 2 5 2 1 1 0 4 2 1 3 0 1 1 0 2 0 0 1 0 0 0 0 3 8 1 4 0 1 0 1 7 14 4 4 0 0 0 1 2 0 0 1 0 0 1 0 
1 1 0 0 0 1 0 1 1 1 11 2 0 0 0 0 0 0 0 1 0 0 0 0 0 1 0 10 0 0 0 0 11 14 6 9 0 1 0 0 0 0 4 1 0 0 1 1 1 1 0 0 0 0 0 0 8 8 11 2 0 0 0 0 1 0 1 3 0 1 0 2 0 1 0 0 1 0 0 0 16 39 11 9 0 1 0 0 1 0 1 0 0 0 1 1 
1 2 0 3 0 0 0 1 2 1 2 2 2 3 2 2 5 1 1 4 0 0 2 1 1 0 1 1 0 0 0 0 6 1 4 3 2 1 1 3 0 1 0 3 1 0 0 3 1 0 0 2 1 0 0 3 5 2 0 1 0 0 2 2 4 4 2 2 0 0 0 0 2 1 0 8 0 0 1 6 22 9 12 16 1 2 3 0 1 1 0 6 1 0 0 8 
3 4 0 1 1 2 0 1 2 0 5 0 1 0 3 1 4 1 0 3 9 2 2 2 0 4 2 3 0 3 0 2 1 1 4 1 1 0 1 2 3 2 1 6 3 2 1 11 0 2 1 2 1 1 0 0 1 2 2 5 0 2 2 1 1 2 4 5 1 0 0 3 3 2 0 4 1 2 0 1 3 1 2 0 4 0 2 5 4 3 1 3 8 0 2 10 
3 0 0 2 5 2 0 1 1 2 6 2 2 0 0 1 2 0 3 3 0 0 0 0 0 2 0 4 2 3 0 2 2 0 5 0 1 0 1 1 0 1 5 3 0 2 0 2 1 2 0 1 3 0 0 2 2 2 5 3 0 1 0 3 0 3 0 1 0 1 0 1 8 1 0 17 1 0 0 4 9 3 25 5 1 1 2 2 1 4 0 2 3 2 2 5 
1 1 0 1 1 1 1 0 1 2 3 1 0 0 2 3 0 1 2 0 0 0 0 1 4 4 1 2 1 0 1 0 4 8 3 13 0 1 2 2 1 0 1 1 0 0 0 1 1 4 0 2 0 0 0 0 1 2 1 2 0 0 1 2 1 1 0 4 0 1 2 0 2 8 0 0 1 0 0 0 18 43 11 11 2 0 0 4 1 1 0 1 0 0 0 0 
0 1 0 0 0 0 0 1 3 0 3 1 0 0 1 0 0 0 0 0 0 0 0 0 1 1 1 1 0 0 0 1 3 0 1 1 0 0 0 0 0 1 0 0 0 0 1 0 0 0 0 1 0 0 0 0 0 0 1 1 0 0 0 0 0 0 0 0 0 0 0 0 4 1 0 10 10 1 0 8 71 17 15 33 0 0 0 0 0 0 0 1 2 0 0 2 
3 0 0 3 2 2 0 0 1 2 1 0 2 0 1 1 2 4 1 1 7 0 0 1 2 1 0 3 0 1 0 2 10 2 2 3 1 1 0 1 3 4 2 3 3 1 3 9 3 3 0 1 0 0 0 1 1 3 4 2 0 0 0 0 0 2 2 6 1 0 2 3 1 2 0 4 0 0 0 1 1 10 4 1 3 0 2 5 2 2 1 6 13 2 1 14 
0 2 1 1 0 2 0 0 7 2 9 1 0 1 0 2 0 3 5 1 0 0 0 1 5 3 0 4 1 0 0 0 2 5 14 5 0 0 0 0 0 1 9 1 0 0 0 1 7 0 0 1 0 0 0 1 9 10 18 7 0 0 1 1 1 3 1 2 0 0 1 0 1 4 0 5 0 1 0 1 5 8 8 4 0 0 0 0 1 0 3 2 0 2 0 3 
0 1 0 0 0 0 0 0 1 5 4 2 0 0 1 2 1 0 3 0 0 0 0 0 0 0 0 3 0 1 0 0 15 17 9 11 0 0 1 0 0 0 3 2 0 1 0 0 0 0 0 1 0 0 0 0 4 5 7 3 0 0 0 0 0 0 1 2 0 0 1 2 0 1 0 2 1 0 1 0 13 39 14 13 0 1 0 0 0 1 4 0 0 0 0 1 
6 4 0 1 0 1 0 0 2 1 7 1 0 0 0 1 5 0 4 1 0 0 0 0 3 8 2 9 1 0 0 1 0 0 13 2 1 0 3 2 1 0 3 0 0 3 2 4 5 2 4 7 0 1 1 1 7 15 19 6 0 1 2 1 4 0 1 1 0 0 0 0 2 5 0 4 0 2 0 0 0 1 6 1 1 1 1 1 2 0 1 0 0 1 0 1 
1 2 0 0 7 2 0 6 4 1 1 0 0 3 1 1 3 0 1 4 1 0 1 3 4 1 0 3 4 1 0 5 2 0 2 3 0 1 2 4 5 1 3 1 1 1 1 0 4 4 0 2 2 4 1 5 3 0 1 3 2 1 1 3 1 1 0 2 1 1 2 1 2 4 0 0 2 1 0 4 20 6 2 14 0 1 1 3 2 0 1 3 1 0 0 1 
3 1 2 2 1 0 1 0 4 1 5 2 2 1 2 0 2 1 4 0 0 0 1 0 6 8 3 12 0 3 1 0 4 3 12 1 0 0 1 1 1 1 3 0 0 0 0 0 7 4 1 2 0 3 0 2 4 6 8 5 0 1 0 0 2 0 1 0 0 0 0 0 4 10 1 4 1 1 0 1 12 3 6 8 0 0 1 0 0 0 1 1 1 0 1 3 
3 3 1 4 0 3 1 5 6 0 16 2 3 1 0 0 6 1 6 0 0 0 2 0 4 2 2 6 1 2 1 3 2 3 8 6 1 0 0 2 1 3 4 1 1 0 2 0 5 0 0 4 0 2 0 1 5 2 3 3 1 0 0 1 1 0 1 4 0 0 0 0 2 8 1 4 1 1 0 0 3 1 10 0 4 1 1 2 1 2 1 2 1 0 3 0 
0 2 0 1 0 0 0 0 4 2 11 0 0 0 0 0 2 1 2 2 0 1 0 1 1 5 0 6 0 0 0 0 4 2 8 7 0 0 1 2 1 1 6 1 0 1 0 1 0 0 0 1 0 1 0 0 9 5 9 7 0 1 0 1 1 0 3 0 0 0 0 0 1 2 1 19 0 0 0 0 5 20 22 6 0 0 0 1 0 2 1 1 0 1 0 4 
1 0 0 0 1 0 1 0 6 0 13 2 0 0 0 0 1 2 1 0 0 0 1 0 0 0 0 3 0 0 0 1 2 3 6 2 0 2 0 0 2 0 1 0 0 0 0 4 1 3 0 1 0 1 0 1 7 7 4 6 0 0 0 1 2 0 0 1 0 0 1 0 2 0 0 3 6 1 0 9 42 5 7 27 0 0 0 0 1 0 3 1 1 0 0 1 
1 0 0 0 0 1 0 0 2 3 6 2 0 0 0 0 0 0 0 0 0 0 0 0 1 0 0 1 1 0 0 0 14 11 8 15 0 2 0 0 0 0 3 1 0 1 0 0 0 0 0 3 0 1 0 0 1 5 10 5 0 0 0 0 2 0 0 2 0 0 0 0 0 1 0 2 0 0 0 0 22 45 19 8 0 0 0 0 0 0 1 0 0 0 0 0 
2 3 0 1 1 0 0 0 0 1 0 1 0 0 0 0 0 0 0 3 2 0 3 1 0 0 1 0 2 1 0 1 3 1 0 1 0 1 1 1 0 3 2 0 0 0 2 4 5 0 0 2 1 0 0 2 0 3 2 2 0 0 0 0 1 1 2 1 0 0 0 1 6 5 1 47 3 2 0 5 11 7 25 8 0 1 0 0 1 0 4 5 1 0 0 3 
5 2 1 3 0 0 0 2 3 3 2 3 0 4 2 2 6 0 1 2 1 0 1 3 2 1 0 3 0 0 0 0 6 8 2 5 0 1 4 3 1 3 1 1 0 0 1 1 0 1 1 1 0 2 0 0 0 1 2 0 0 0 1 1 1 2 1 1 1 0 2 0 8 2 0 11 0 1 0 4 23 10 8 11 2 0 1 1 0 0 0 3 0 1 1 6 
0 0 0 0 0 0 0 0 0 8 0 1 1 0 2 1 0 0 0 1 0 0 0 0 0 0 0 0 0 0 0 0 17 21 3 16 0 0 1 1 0 0 0 0 0 0 0 0 0 0 0 0 0 0 0 0 0 3 0 2 0 0 0 0 0 0 0 3 0 0 0 0 0 1 0 0 0 0 0 0 24 57 17 13 0 1 1 1 1 0 0 2 0 0 0 1 
5 3 0 1 2 1 0 1 4 3 9 3 2 1 1 2 5 1 4 5 1 0 0 1 0 7 0 4 1 1 1 0 3 3 8 4 0 2 0 0 3 2 3 4 1 1 2 4 0 2 0 2 0 3 0 0 11 5 13 3 0 0 1 0 3 3 2 4 0 0 0 0 0 2 1 6 0 1 0 0 5 3 4 3 1 2 1 1 1 1 3 0 0 1 0 3 
8 4 3 4 2 0 0 2 3 1 3 0 0 1 2 1 2 0 3 0 0 0 0 0 11 13 1 12 1 0 0 2 3 1 0 1 1 3 8 1 3 2 2 0 0 0 2 0 3 10 4 5 1 3 1 1 2 1 0 2 2 1 2 1 1 0 1 0 0 0 0 0 7 15 3 4 2 5 0 1 0 1 1 2 4 0 3 0 1 0 0 1 0 0 1 2 
3 2 0 2 3 3 0 3 5 3 5 6 1 1 1 1 4 2 2 4 0 0 1 1 2 5 1 0 3 0 0 2 3 1 4 4 2 2 1 2 0 2 1 3 0 0 3 3 1 1 0 2 4 4 0 2 4 1 7 3 0 2 3 1 2 0 2 2 1 1 4 0 7 3 1 4 1 4 1 3 3 1 6 2 0 2 3 0 5 1 2 0 2 2 2 1 
4 2 0 4 3 4 1 1 4 0 7 1 1 0 1 1 1 0 2 3 0 0 0 1 2 2 0 1 2 1 0 6 3 5 6 4 1 2 3 1 2 0 2 4 2 0 2 0 2 2 0 1 1 1 0 5 3 2 3 0 0 1 3 1 1 1 1 1 0 1 2 1 2 2 1 3 1 2 2 1 14 18 12 9 1 1 0 1 2 0 0 1 0 2 0 0 
0 3 1 2 1 0 0 2 3 3 7 4 4 0 0 3 1 0 3 5 2 1 1 5 2 2 0 0 0 0 0 3 4 2 6 1 1 2 0 1 2 1 0 7 0 1 3 5 0 1 0 3 0 0 0 1 1 3 9 2 0 1 0 1 1 2 2 2 0 0 0 4 6 1 0 3 0 0 0 1 1 4 2 0 7 1 3 2 3 4 3 4 11 0 2 15 
2 1 0 2 3 0 0 1 6 3 4 2 2 2 1 1 2 1 2 2 0 0 2 3 1 1 0 4 1 1 0 2 6 1 2 5 0 3 1 0 2 1 1 2 2 1 1 2 1 1 0 1 0 1 0 2 4 3 2 3 1 0 1 0 1 2 3 2 0 0 3 0 2 3 0 0 3 2 0 9 25 16 3 13 1 1 1 1 1 2 2 0 2 0 0 0 
1 3 1 0 0 0 0 0 6 4 15 5 0 0 0 0 0 0 2 0 0 0 0 1 3 6 2 10 0 0 0 1 1 3 26 1 0 2 0 0 1 0 2 0 0 1 0 2 0 2 0 3 0 1 0 0 8 12 24 8 0 1 0 0 2 0 3 0 0 0 0 1 1 0 0 2 0 0 0 2 7 5 5 3 0 0 0 0 3 0 5 0 0 0 0 3 
1 0 0 0 0 0 0 0 0 5 0 1 0 0 1 4 0 0 0 2 0 0 0 0 0 0 0 0 0 0 0 2 11 26 3 19 0 2 1 1 0 0 0 3 0 1 0 1 0 0 0 0 0 0 0 0 0 3 0 3 0 0 0 0 0 0 0 4 0 0 0 0 0 0 0 1 0 0 0 0 13 56 14 18 0 0 1 0 1 0 0 1 0 0 0 1 
3 2 0 5 4 2 1 2 7 2 2 3 1 1 2 5 3 1 3 4 1 0 1 0 2 1 0 3 3 1 3 3 2 1 2 2 2 3 3 4 0 4 3 2 0 1 0 0 5 2 0 3 0 0 2 4 2 4 4 1 0 2 1 4 0 2 0 2 0 1 3 3 5 1 0 8 3 2 0 2 8 3 1 7 2 0 3 4 0 1 0 2 0 1 2 0 
1 2 0 0 0 0 0 0 2 0 1 0 1 1 3 4 3 1 3 5 5 0 1 3 0 4 1 4 0 0 0 0 2 0 2 2 4 0 1 1 2 3 6 4 3 0 3 10 1 4 0 0 1 1 0 2 1 3 6 3 0 1 0 0 3 3 3 5 1 0 0 4 2 2 0 8 0 0 0 1 2 2 1 2 3 1 2 3 4 2 1 5 12 1 3 13 
4 0 0 0 0 0 0 0 4 3 11 2 0 2 0 1 3 1 1 3 0 0 0 0 0 3 0 8 0 0 0 1 5 3 11 2 0 0 0 0 0 0 4 1 0 0 0 1 1 2 0 3 0 0 0 1 5 7 11 5 0 0 2 0 5 0 0 3 0 1 1 0 5 1 0 3 2 0 0 5 22 8 11 14 0 1 0 1 2 1 1 0 0 0 1 1 
7 5 1 0 5 1 0 5 1 4 2 7 3 1 1 1 1 2 2 2 0 1 2 2 5 5 0 6 1 1 0 2 0 1 1 1 2 2 4 7 3 2 1 3 0 1 1 1 2 4 0 5 0 2 1 0 2 1 4 0 1 1 2 1 2 1 0 1 2 0 1 1 4 4 2 8 1 2 0 2 0 2 5 1 5 0 1 1 2 4 1 6 1 0 0 8 
6 4 4 1 4 0 1 1 2 4 0 3 2 0 0 1 2 1 1 2 0 0 0 0 5 11 0 8 6 2 1 5 4 5 1 1 0 1 5 0 1 0 1 0 0 1 0 0 2 6 4 2 0 0 1 2 2 1 0 1 1 0 0 0 0 1 1 1 1 0 0 1 9 7 1 5 1 2 2 3 26 4 1 12 0 0 0 1 1 0 0 1 0 0 0 0 
4 4 0 0 2 2 0 1 3 1 3 1 0 0 1 0 1 0 1 0 0 0 0 0 5 7 0 9 0 1 0 3 7 2 2 6 0 1 4 3 2 0 2 1 0 0 1 0 6 2 4 5 1 4 0 0 1 4 1 0 1 0 2 0 0 0 0 0 0 0 0 0 3 2 1 7 2 0 0 4 31 8 6 22 1 0 1 0 0 0 0 0 0 0 1 0 
3 1 0 2 0 0 0 0 2 3 3 1 2 1 2 2 4 0 1 4 4 2 0 6 0 0 0 2 0 0 0 0 2 1 2 2 1 0 1 2 3 1 2 4 2 0 1 9 2 0 0 0 0 1 0 0 0 1 1 1 0 0 0 0 0 1 5 2 1 0 1 1 8 0 1 24 1 0 0 2 7 4 12 12 3 0 1 1 1 4 4 4 4 1 2 9 
2 0 0 2 0 1 0 0 0 3 7 7 1 3 1 1 0 0 1 3 0 0 1 5 3 2 0 7 0 0 0 0 0 2 6 1 1 1 3 0 1 1 3 2 3 1 0 5 1 1 0 1 1 1 0 1 4 4 5 4 0 0 2 3 0 0 1 0 1 0 0 3 7 0 0 27 0 0 0 0 3 4 15 2 2 1 1 1 3 1 3 2 5 0 3 7 
2 3 0 3 0 0 0 0 5 1 10 2 1 2 0 3 2 3 3 0 2 2 2 1 2 5 2 10 0 1 0 1 1 0 6 4 1 2 1 2 1 0 3 5 3 3 1 7 3 1 0 5 1 1 0 1 5 5 8 2 1 2 0 3 2 0 1 1 0 0 0 2 3 0 0 2 0 0 0 2 2 0 5 0 4 0 0 3 6 3 2 6 6 0 1 3 
2 1 0 2 1 0 0 4 1 0 1 1 0 1 0 1 0 1 2 1 4 0 1 1 3 2 1 3 4 2 0 3 7 5 1 11 1 1 2 0 0 2 2 0 1 2 2 1 2 1 0 0 2 3 0 2 3 2 0 4 0 0 3 3 1 0 1 3 0 0 1 0 2 1 1 4 0 4 0 4 17 23 6 7 1 1 0 3 3 0 2 1 0 2 1 5 
2 11 0 5 2 1 0 1 9 0 11 4 3 1 2 5 3 1 2 4 1 0 1 2 4 3 0 3 0 3 0 1 2 1 8 2 3 2 1 9 0 1 2 4 0 0 1 3 3 3 0 0 1 0 0 1 4 2 5 2 0 0 1 2 0 0 2 5 0 0 0 2 5 1 0 1 0 0 0 3 0 2 6 4 1 0 0 1 1 2 1 4 2 1 2 6 
4 1 0 1 0 1 0 0 2 0 1 1 1 0 1 0 1 1 3 1 3 1 0 1 1 1 0 3 0 0 0 0 0 1 1 2 0 0 0 1 5 0 0 2 0 1 1 7 0 1 0 1 0 0 0 1 0 0 8 0 1 0 0 0 1 3 1 1 1 0 0 3 8 3 1 46 0 0 0 0 0 4 30 4 0 0 5 2 0 0 1 4 5 3 0 12 
4 3 0 1 1 0 0 1 3 2 21 4 3 1 3 1 7 3 2 4 0 2 0 0 5 0 0 3 1 0 0 2 5 2 12 2 1 0 0 0 1 2 4 4 0 1 0 1 2 0 1 1 1 0 0 0 5 2 13 2 0 0 0 0 2 5 1 4 1 0 1 0 3 1 1 5 0 1 0 2 4 5 13 1 0 1 1 1 2 0 0 1 0 1 0 4 
7 2 1 9 1 0 0 1 5 4 9 3 0 3 2 2 1 2 1 3 2 0 1 3 6 5 0 9 2 0 0 1 5 4 3 4 1 3 3 2 3 5 0 1 0 0 1 1 4 3 0 4 0 1 0 1 2 0 2 1 3 2 0 2 1 0 0 0 0 0 2 2 3 5 0 3 1 1 0 1 3 3 1 5 6 1 1 6 2 1 0 4 1 1 0 0 
4 3 2 1 4 0 0 1 4 1 1 0 1 0 1 0 3 1 0 1 0 0 0 1 6 4 0 2 0 2 0 3 8 1 1 3 0 4 7 2 1 2 1 3 0 1 2 1 3 3 5 4 0 0 0 0 3 3 0 3 2 0 2 0 0 0 2 1 0 0 1 0 7 8 2 18 0 2 1 2 6 7 10 5 0 0 3 2 1 2 1 4 0 0 0 4 
4 4 0 3 3 2 2 7 1 0 4 3 1 1 1 5 2 1 2 7 1 0 1 4 5 3 0 2 1 3 2 2 6 4 3 5 1 1 1 4 1 3 3 2 1 2 4 0 0 1 0 0 0 1 0 3 1 1 3 1 3 2 1 0 1 4 0 2 0 0 3 0 0 0 0 5 2 1 1 5 4 6 1 3 3 0 1 4 1 9 1 2 0 0 2 4 
3 0 0 2 5 0 0 1 0 4 12 2 2 0 1 2 6 4 4 1 2 0 3 2 0 1 1 2 0 0 0 0 8 7 8 1 0 1 1 1 1 3 1 5 3 3 2 10 3 2 1 1 1 0 0 1 3 3 6 1 0 1 1 0 4 0 0 2 1 0 1 2 6 1 1 3 1 0 0 2 2 4 7 3 2 1 1 2 0 2 1 2 1 2 1 6 
3 3 2 0 0 0 0 0 3 3 16 2 1 1 1 1 2 1 0 3 0 0 0 0 8 6 1 4 0 4 1 3 5 1 11 6 0 4 3 5 1 1 3 5 0 1 0 1 2 2 1 2 0 2 0 0 8 6 3 3 0 0 1 3 3 1 3 0 0 0 0 1 1 5 0 7 2 1 0 1 4 5 5 2 0 0 2 1 1 1 1 0 0 1 0 3 
3 1 0 0 1 2 1 4 6 4 15 4 1 3 1 2 4 5 6 5 3 0 0 0 2 1 0 2 1 1 0 1 5 4 9 2 0 0 1 2 2 0 2 0 0 0 0 1 1 3 0 2 0 0 0 0 7 9 12 4 1 1 2 2 2 0 1 1 0 0 0 0 2 3 0 2 1 3 0 1 1 6 9 0 2 0 0 0 4 0 4 3 2 0 1 1 
5 6 0 5 0 1 0 1 7 1 2 3 1 1 3 3 4 1 2 3 0 1 0 1 9 4 0 7 2 1 0 1 1 1 3 7 4 2 6 5 0 2 4 0 1 2 3 0 2 5 2 2 0 0 0 1 0 1 2 1 3 2 3 2 3 0 0 2 0 0 0 0 3 2 0 12 1 3 0 3 2 0 1 1 1 1 2 8 2 3 0 3 1 2 1 1 
4 1 0 1 1 0 0 2 1 3 31 2 0 0 0 1 3 3 3 4 0 1 1 0 3 3 0 1 1 1 0 1 4 3 14 4 0 0 0 0 1 2 3 0 0 0 0 2 1 3 0 0 1 0 0 1 5 4 24 4 0 1 2 0 3 1 2 3 0 0 0 0 2 1 0 5 1 0 0 1 3 3 10 6 0 1 0 1 2 2 0 1 0 0 0 1 
5 4 0 6 1 1 0 1 5 0 4 0 2 4 3 6 9 1 2 7 1 0 0 1 5 4 1 9 0 1 0 3 3 1 3 3 1 2 1 2 2 2 0 1 0 0 1 1 4 4 0 5 1 0 0 2 1 0 3 1 2 1 2 4 2 0 1 2 0 0 4 0 9 3 1 4 2 0 0 0 3 0 0 3 6 2 2 4 3 1 0 3 0 0 3 3 
2 3 1 3 1 2 0 1 10 1 20 5 3 1 2 1 5 2 2 1 0 0 0 0 5 3 0 4 0 0 0 1 3 2 13 5 0 2 1 0 2 1 2 1 0 0 0 1 2 3 0 2 0 1 0 1 2 4 11 1 0 1 2 2 2 0 2 2 0 0 1 1 3 3 0 5 0 1 0 1 4 3 14 2 2 0 0 0 5 1 1 1 0 0 1 1 
4 0 1 2 1 2 0 2 1 0 2 0 0 0 0 0 0 0 0 1 0 0 0 0 2 0 0 3 0 0 0 0 0 1 1 4 0 0 0 0 1 0 0 0 0 0 1 0 5 1 1 0 0 2 0 1 2 1 0 2 0 0 0 0 0 1 0 0 0 0 3 0 2 2 0 5 4 1 1 10 61 12 10 42 0 0 0 0 0 1 0 1 0 0 0 0 
5 5 2 2 3 0 0 0 3 0 2 0 0 1 2 0 0 1 0 1 0 0 0 0 4 6 1 2 1 0 0 3 3 0 1 2 0 4 5 2 0 0 1 0 0 1 0 0 5 5 3 2 1 0 2 0 5 5 0 2 2 0 1 0 1 0 0 1 0 0 0 0 11 3 0 5 8 0 0 7 33 8 6 19 2 0 0 0 0 0 0 0 0 0 0 0 
8 4 0 6 0 1 0 0 6 1 4 3 5 1 3 1 1 2 3 3 4 0 5 1 2 2 0 4 3 1 0 0 2 0 2 2 2 2 4 4 1 1 1 1 0 1 1 0 9 1 0 7 0 0 0 1 0 1 5 1 1 1 0 3 4 1 0 1 0 1 2 1 7 2 0 20 0 0 0 1 1 2 9 6 4 2 0 3 0 2 0 1 0 0 1 1 
4 1 0 0 2 0 0 0 1 3 8 0 0 0 0 4 1 0 0 2 0 0 1 3 0 0 0 4 0 0 0 2 6 5 7 3 0 0 0 1 2 0 0 1 0 1 2 2 2 2 0 0 0 0 0 2 4 1 12 2 0 0 0 0 2 0 1 2 0 0 0 3 3 5 0 21 2 1 0 0 4 18 27 9 1 1 0 0 2 0 2 0 1 0 0 4 
4 3 0 3 1 0 0 1 2 2 3 5 3 0 1 4 4 2 6 6 0 0 3 0 1 2 1 2 2 0 1 0 11 2 1 8 0 1 1 0 2 1 4 5 0 0 1 0 1 0 0 4 0 1 0 0 3 4 2 0 1 0 1 0 3 2 3 0 0 0 0 1 0 5 1 3 0 1 1 1 10 14 9 14 3 1 0 3 0 2 2 2 1 1 0 1 
1 0 0 0 1 0 0 1 3 1 4 0 0 0 2 0 2 0 3 0 0 0 0 0 1 3 0 3 1 0 1 0 7 8 11 5 0 0 0 3 0 1 2 1 0 1 1 3 0 3 0 0 0 0 0 0 5 8 5 2 0 0 0 0 0 0 1 1 0 0 0 0 1 0 0 0 2 0 0 0 17 45 15 16 1 0 0 1 3 0 3 0 1 0 0 0 
1 4 1 5 3 2 3 3 4 2 0 4 0 5 4 2 2 0 0 3 1 1 2 1 2 3 0 5 1 3 2 5 3 2 1 1 3 2 7 6 1 3 2 1 0 2 1 1 3 4 1 2 3 4 0 0 2 0 0 7 1 3 0 1 0 2 0 2 2 0 3 2 1 4 3 1 2 4 0 4 2 7 0 1 2 1 2 0 2 5 1 2 0 0 2 2 
4 3 0 2 1 2 1 1 2 1 4 3 1 0 0 4 5 0 2 2 7 1 1 3 3 3 0 3 2 0 0 1 2 0 2 4 0 2 2 2 0 3 4 5 6 1 0 10 0 1 0 2 0 1 0 2 2 0 1 0 0 0 0 2 0 1 1 2 1 0 3 5 4 1 0 5 4 0 0 4 10 8 1 5 4 1 3 1 1 4 3 1 6 0 0 5 
6 6 1 1 3 4 0 4 3 0 6 4 0 0 2 2 3 0 1 2 2 1 1 0 8 3 0 1 4 0 0 4 4 2 9 5 1 1 4 0 1 4 2 3 0 0 3 1 2 1 0 5 2 0 0 3 7 3 6 3 2 0 5 0 2 0 0 0 0 1 0 0 6 4 0 6 2 2 0 2 1 3 1 2 1 2 1 0 2 3 0 2 1 1 2 2 
2 4 0 3 1 3 0 1 5 1 27 3 2 0 3 2 3 0 4 2 1 1 0 0 1 2 0 2 0 1 0 0 5 2 18 8 0 0 3 0 0 1 3 0 0 1 0 1 2 3 2 0 0 0 0 1 3 3 20 5 1 0 1 0 1 0 0 3 0 0 0 0 2 0 0 4 0 0 0 1 2 4 12 0 4 0 1 2 2 1 3 0 0 0 1 0 
3 5 0 6 1 1 1 1 1 0 1 4 0 2 1 2 1 1 3 4 1 0 1 1 3 1 0 3 3 5 0 2 2 2 1 1 1 2 1 1 1 4 2 3 0 1 2 2 4 1 0 2 1 4 0 1 2 1 1 2 1 1 0 2 3 1 2 3 0 2 4 2 4 5 0 23 1 2 0 5 0 3 15 1 1 1 0 2 2 0 1 0 0 3 1 6 
4 0 0 3 1 0 0 2 1 1 3 2 0 0 2 3 4 0 0 3 0 0 1 0 2 2 0 0 2 0 0 0 13 18 1 8 0 0 2 2 1 0 2 1 0 2 0 0 3 0 0 0 1 1 1 1 2 6 1 0 0 1 1 1 1 0 1 2 0 0 0 1 2 5 0 1 0 0 0 0 20 32 14 10 1 0 0 2 0 1 1 0 0 0 0 1 
3 4 0 3 4 1 0 2 1 4 18 2 2 0 0 0 3 1 3 3 1 0 1 2 5 5 0 5 4 2 0 5 2 0 6 1 0 5 0 1 2 2 2 3 0 0 0 0 0 2 0 1 2 2 0 1 5 4 9 3 2 0 1 0 1 1 1 2 0 0 1 1 1 1 2 3 2 2 0 3 10 10 5 5 0 0 0 2 1 1 0 0 1 0 3 1 
1 3 1 1 0 0 0 0 1 2 12 2 3 1 0 1 1 0 1 0 0 0 0 0 2 0 0 1 0 0 0 0 13 6 11 16 0 0 0 1 0 2 1 1 2 0 0 0 1 0 0 1 0 0 0 0 0 3 6 5 0 0 0 3 1 2 2 2 1 0 0 0 0 1 0 4 0 3 0 0 11 39 15 7 1 2 2 0 0 0 0 1 0 0 1 0 
2 1 0 0 2 0 1 1 5 1 3 4 1 4 3 5 4 2 1 2 0 0 0 0 2 0 0 3 2 1 1 1 13 7 2 9 0 0 3 1 0 3 5 3 0 1 1 0 1 2 0 0 3 0 0 1 5 4 1 3 0 0 1 0 5 1 2 3 2 0 0 0 1 1 0 1 0 2 0 2 8 11 11 13 1 2 0 2 2 3 1 0 1 0 1 3 
2 0 0 0 0 0 0 0 7 2 16 1 1 0 0 1 1 1 6 0 0 0 0 2 1 7 2 10 0 0 0 0 1 2 14 1 0 1 0 0 3 2 6 2 0 0 0 2 0 2 0 0 0 0 0 0 15 20 38 5 0 1 1 0 1 1 2 0 0 0 1 1 0 0 0 1 0 0 0 0 1 1 6 1 0 0 0 0 2 1 3 1 0 0 0 1 
0 1 0 2 0 1 0 1 2 1 1 0 0 0 0 0 1 0 0 0 0 0 0 0 2 0 0 0 0 0 2 0 7 2 0 6 0 0 1 0 1 0 2 0 0 0 0 0 1 0 2 0 0 0 0 0 1 0 0 0 0 0 1 0 0 0 0 0 0 0 0 0 3 0 0 0 10 0 0 12 75 19 11 31 0 0 0 1 0 0 0 0 0 0 0 0 
2 4 4 4 2 0 0 0 4 0 1 1 0 0 0 2 3 0 0 1 0 0 0 1 2 3 1 6 1 0 1 2 4 3 2 0 1 0 2 3 0 2 0 0 0 1 0 3 0 6 1 3 1 2 1 1 1 3 1 1 0 1 0 1 0 1 1 0 0 0 0 0 8 11 0 35 3 0 1 0 6 4 24 5 1 1 1 0 1 1 0 1 0 0 1 5 
0 1 0 2 0 1 0 0 2 0 4 1 1 0 2 4 4 2 3 4 2 1 1 1 1 1 0 2 0 0 0 1 1 1 3 6 2 1 1 3 0 3 3 6 2 0 0 12 1 1 0 3 1 0 0 0 0 1 3 0 0 2 2 3 1 2 1 3 0 0 1 0 8 0 0 25 0 0 0 1 0 0 4 7 3 0 3 2 3 4 0 7 10 1 1 11 
0 1 0 0 0 0 0 0 1 0 0 1 0 1 0 0 0 0 0 0 0 0 0 1 0 0 0 1 0 0 0 0 6 1 2 0 0 0 0 0 0 0 0 0 0 0 0 0 0 0 0 0 0 0 0 0 2 1 1 0 0 0 0 1 0 0 0 0 0 0 0 0 3 1 0 1 7 0 2 14 86 12 3 50 0 0 0 0 0 1 0 0 0 0 0 0 
0 0 0 1 1 0 0 0 2 0 6 2 0 1 2 0 1 1 0 1 1 1 0 3 0 0 0 4 0 0 0 0 2 1 3 4 0 0 1 0 1 0 1 1 1 0 0 4 0 1 0 1 0 0 0 0 4 1 2 4 2 0 1 1 0 3 3 5 0 1 0 3 7 4 0 37 0 0 0 2 2 3 37 4 0 0 0 3 0 1 1 4 0 1 0 16 
2 2 0 7 3 2 0 0 2 2 0 0 0 0 0 1 2 5 1 3 2 0 2 2 2 2 0 2 3 0 0 3 4 3 5 6 2 0 3 2 1 5 1 1 0 0 4 2 2 1 0 0 1 2 0 0 4 2 2 0 0 0 2 1 1 1 2 0 0 0 1 1 4 3 1 22 1 2 1 4 3 4 10 7 1 0 1 2 3 1 2 2 4 1 2 7 
1 5 1 1 3 2 1 3 7 2 7 4 3 5 3 3 10 1 4 8 0 1 0 2 1 0 0 3 3 1 0 3 6 3 1 5 1 1 5 1 0 1 3 3 1 0 1 2 2 6 1 1 3 2 0 2 3 4 7 1 2 1 2 1 3 1 1 0 0 0 1 1 1 3 2 2 2 0 0 0 5 2 1 0 0 2 3 3 1 1 1 2 0 1 0 1 
1 0 0 3 0 0 0 0 6 7 11 3 1 0 0 1 1 1 3 0 1 0 0 1 2 2 0 10 0 0 0 0 4 9 12 6 0 0 0 0 1 0 4 0 0 0 0 1 1 0 0 0 0 1 0 0 7 8 16 11 0 0 0 0 3 1 0 0 0 0 0 0 0 1 0 0 0 0 0 0 10 22 15 7 1 0 0 0 0 1 2 1 0 0 0 1 
5 2 1 7 3 1 0 4 4 3 2 5 2 1 3 4 3 2 3 3 2 0 1 0 3 1 1 3 2 2 0 1 7 6 1 3 2 0 3 1 2 6 4 1 0 0 1 2 5 4 1 6 1 0 0 1 3 0 2 2 2 4 1 0 2 1 1 3 0 0 1 2 5 4 0 4 2 0 1 5 0 3 0 2 2 1 3 4 1 1 2 2 0 0 2 1 
2 4 2 2 1 2 0 2 4 4 4 3 0 2 1 2 5 1 1 7 1 0 1 2 2 4 0 0 0 1 1 0 1 4 3 8 1 3 2 0 0 1 2 0 0 1 2 3 6 2 0 3 1 0 0 1 1 1 4 1 2 1 0 0 1 2 3 0 0 0 0 1 2 2 0 8 0 1 0 1 15 17 5 10 7 1 0 1 0 2 1 2 0 0 2 1 
1 1 0 0 0 0 0 0 3 3 11 0 0 0 1 2 5 1 2 0 0 0 1 0 1 0 0 0 0 0 0 0 6 13 4 12 0 1 0 1 2 1 4 3 0 0 0 4 2 0 0 2 1 2 0 0 3 6 5 1 0 0 0 1 2 4 1 2 0 0 1 1 3 2 0 2 0 1 0 0 15 31 11 8 0 0 1 1 2 1 1 3 0 1 0 0 
7 6 2 5 3 0 0 4 3 1 4 0 4 0 1 1 2 0 3 1 0 0 0 0 11 11 4 6 3 1 1 0 6 3 0 5 2 2 6 3 0 2 2 0 0 0 0 0 6 9 4 3 2 2 2 1 1 4 5 4 2 1 2 1 4 1 0 2 0 0 0 0 3 5 1 6 0 2 0 0 1 1 0 0 1 1 2 2 1 0 1 0 0 0 0 2 
4 6 0 0 1 1 0 0 6 2 34 3 2 2 0 1 1 0 6 2 0 0 0 2 0 0 1 8 1 0 0 1 3 2 13 3 0 1 1 0 1 0 6 0 0 0 0 1 0 0 0 1 0 1 0 1 6 6 26 4 0 0 0 0 1 1 1 2 0 0 0 0 4 0 0 4 0 0 0 0 2 3 13 0 1 0 0 2 2 0 2 0 0 0 1 1 
4 1 0 1 1 2 1 2 9 2 2 3 1 2 2 2 12 1 7 4 0 1 1 1 3 0 1 0 0 0 0 3 3 3 6 1 2 1 3 2 2 4 4 5 0 0 4 3 0 1 0 1 0 4 0 0 4 1 3 3 1 0 0 0 5 0 3 2 1 0 1 1 6 1 1 6 0 2 0 1 2 6 2 1 6 2 2 1 4 5 2 3 0 1 0 3 
5 0 0 2 1 0 0 4 2 2 6 2 0 1 1 1 2 2 1 4 4 1 0 3 3 0 0 2 0 0 0 1 2 2 7 3 1 0 0 2 3 2 6 3 3 1 4 5 1 2 0 2 0 0 0 1 3 5 7 6 0 0 1 2 1 3 2 3 1 1 0 4 2 0 0 6 1 0 0 1 2 3 2 1 2 1 1 4 4 3 5 7 5 1 4 6 
2 2 0 3 3 0 0 2 4 0 7 5 1 2 1 1 6 2 7 2 0 0 0 0 3 1 0 5 0 0 0 1 3 7 4 5 1 1 0 0 1 3 0 3 0 0 1 4 1 2 0 1 1 1 0 1 7 2 5 4 0 0 4 0 2 1 3 2 0 1 0 0 2 3 0 7 2 1 0 5 11 7 4 5 3 0 2 2 6 1 1 2 1 0 2 2 
1 1 1 3 1 1 0 0 2 1 2 4 0 1 1 1 1 2 1 1 0 0 0 4 0 0 0 3 1 0 0 1 2 3 3 6 0 0 0 1 2 0 2 3 0 0 0 4 0 0 0 0 1 1 0 1 1 6 1 2 0 0 0 0 3 2 2 0 0 0 0 0 7 0 1 42 0 2 0 0 11 6 25 6 0 0 0 1 1 3 2 3 0 2 1 7 
1 4 1 4 1 0 0 2 4 1 4 3 2 0 3 2 9 2 7 6 0 1 1 0 6 0 0 5 2 3 2 2 3 0 1 6 3 6 6 2 1 5 3 5 0 1 0 1 3 4 1 1 2 2 0 0 3 3 5 3 1 1 3 0 2 1 0 2 1 0 2 0 0 7 0 4 0 2 0 2 0 1 3 0 2 2 1 5 2 2 1 0 0 1 1 3 
2 2 2 2 2 0 1 0 5 3 11 2 0 2 0 1 0 2 2 0 0 0 2 1 3 13 4 9 1 0 0 0 3 3 12 1 1 1 4 0 0 0 3 0 0 2 0 1 1 2 5 1 1 3 0 1 9 9 17 6 0 1 1 1 3 1 3 3 0 0 0 1 2 2 1 4 0 3 1 0 0 0 5 0 1 0 1 0 1 1 1 1 0 1 0 3 
11 6 1 5 5 1 0 3 4 0 4 2 3 3 3 6 1 2 4 4 0 0 1 0 7 4 0 6 2 1 0 1 4 2 1 8 1 5 3 3 2 1 0 4 0 0 0 3 8 7 2 4 1 1 0 4 1 2 1 0 0 2 1 0 0 0 1 1 0 0 1 1 4 3 1 6 1 0 0 1 1 2 2 1 3 2 1 2 0 1 1 1 0 2 0 0 
2 1 0 3 1 2 0 2 4 0 5 2 0 0 0 0 0 0 1 1 0 1 1 3 2 2 0 3 1 5 0 1 3 1 5 2 1 2 1 3 3 1 1 0 0 1 3 1 1 1 0 0 0 1 0 2 5 3 4 1 1 0 0 0 1 2 3 0 0 3 2 0 2 1 1 20 5 0 0 3 21 4 17 8 0 1 1 1 2 1 1 3 0 0 1 6 
0 1 1 2 1 1 1 1 1 4 6 2 0 1 0 1 3 0 2 2 0 0 0 0 1 0 1 2 0 1 0 0 2 13 3 5 0 0 0 1 2 5 2 5 0 0 0 2 2 0 0 1 0 1 0 1 3 1 4 4 1 0 0 1 1 1 0 2 0 0 1 0 2 1 0 5 1 0 1 6 30 10 13 16 2 1 1 2 1 2 2 2 1 0 0 2 
2 4 2 3 1 0 0 1 5 6 0 0 1 0 0 1 2 1 0 1 0 2 0 2 2 9 0 2 2 0 1 2 7 7 6 7 0 1 4 1 0 0 1 2 1 0 2 0 4 1 1 3 0 2 1 1 1 3 0 5 1 0 0 0 0 0 4 0 0 0 0 1 1 6 1 1 1 0 0 1 10 22 11 12 1 2 3 1 0 1 0 4 1 0 0 2 
6 9 7 1 1 1 0 1 4 0 2 3 0 0 0 0 1 0 2 1 0 1 1 0 4 11 2 11 5 1 1 0 4 1 0 5 0 6 6 2 1 0 0 2 1 0 2 0 8 12 3 2 2 1 2 0 3 2 2 0 2 0 6 1 4 0 0 1 0 0 1 0 7 12 0 3 2 3 0 0 1 2 1 0 3 1 1 3 0 0 0 1 0 0 0 2 
3 3 1 2 2 0 0 1 2 1 5 1 4 1 2 4 7 0 2 2 0 0 2 1 2 2 0 1 1 1 1 1 5 7 1 4 1 2 2 1 3 3 5 5 0 2 3 2 3 2 1 0 1 1 0 0 6 5 5 4 1 0 2 1 3 3 3 3 0 0 1 0 0 3 1 5 1 0 0 0 5 14 1 3 1 0 3 2 0 3 1 5 2 0 2 2 
1 2 0 1 0 0 0 1 0 2 0 1 2 0 0 0 1 0 2 2 0 0 0 0 2 0 0 0 0 1 0 2 2 0 2 3 0 0 0 0 1 1 0 2 1 0 0 0 1 1 0 1 0 1 0 0 2 1 1 2 1 0 1 0 1 1 0 0 0 0 0 0 2 3 0 6 9 1 0 6 52 10 4 53 0 1 0 0 1 0 1 1 2 1 0 1 
12 6 1 7 0 1 0 2 4 1 2 4 3 1 4 2 5 4 3 3 0 0 1 0 11 5 0 1 3 1 0 3 0 2 1 2 1 3 1 10 2 1 0 3 0 1 1 1 6 0 0 5 0 0 0 2 1 1 1 2 3 0 1 1 2 1 1 0 0 0 0 0 5 4 0 12 0 2 0 3 0 0 2 5 3 3 2 2 1 0 2 2 1 1 3 1 
3 1 2 0 0 0 0 1 3 1 2 0 0 0 0 0 2 0 0 0 0 0 0 0 0 0 0 1 0 0 0 1 4 0 3 1 0 0 0 0 0 0 0 1 0 0 1 1 2 1 0 1 0 1 0 1 1 1 4 0 0 0 0 0 0 0 0 1 0 0 0 0 2 0 1 4 5 0 0 13 71 15 11 34 0 0 0 0 1 0 0 0 1 0 0 1 
4 1 0 1 0 0 0 0 0 4 0 0 2 0 1 1 1 0 1 0 1 0 2 0 4 1 0 1 0 0 0 0 15 11 3 11 1 1 2 2 0 5 0 2 0 0 1 0 0 2 0 1 2 0 0 0 1 2 1 3 0 0 0 1 1 0 1 2 0 0 0 1 1 0 0 6 0 0 0 2 10 43 20 12 2 0 1 3 0 0 1 0 0 0 0 2 
4 3 1 2 3 1 0 2 4 0 1 3 1 2 2 2 4 4 2 3 2 2 1 3 4 4 0 3 0 2 0 4 1 1 2 1 6 3 2 4 0 0 4 0 1 0 3 5 1 2 0 3 1 2 1 2 1 0 3 0 2 3 2 2 1 2 3 3 0 0 2 2 7 2 1 4 1 2 0 3 1 1 1 1 3 2 3 3 1 3 2 3 5 2 7 2 
2 2 1 3 0 0 2 2 2 1 24 3 0 0 2 0 2 1 2 3 0 1 0 2 6 11 1 11 1 0 0 0 0 4 10 2 0 0 1 5 1 3 2 2 0 0 0 2 5 2 1 3 0 0 1 0 4 2 19 8 2 2 1 1 2 1 1 1 0 0 1 0 0 4 0 0 1 1 0 2 0 2 7 1 1 1 0 0 3 0 1 0 0 0 1 1 
1 0 0 0 0 0 0 0 0 2 1 1 0 1 0 2 0 0 0 0 0 0 1 0 0 0 0 1 0 0 0 0 5 14 5 14 0 0 0 0 2 2 1 2 0 0 0 0 0 0 0 0 0 0 0 0 0 3 0 2 0 0 0 0 0 0 0 2 0 0 1 0 3 1 0 15 0 0 0 1 16 42 36 12 0 0 0 0 2 1 1 1 0 2 0 4 
3 4 0 3 8 3 0 3 5 3 0 5 1 0 1 3 4 3 7 1 1 0 2 1 1 5 0 4 3 2 0 6 3 2 0 4 1 2 3 3 3 2 3 1 1 0 2 0 1 1 0 4 1 2 0 3 0 2 3 3 1 2 1 2 1 2 1 1 0 0 4 2 3 6 0 4 4 3 1 6 1 1 0 1 3 3 1 2 2 3 1 3 0 0 0 3 
4 2 0 3 1 1 0 1 4 0 1 2 6 3 1 6 6 2 4 3 3 0 0 0 6 2 0 4 3 2 2 2 3 2 1 7 2 2 2 1 2 4 4 2 3 1 5 2 3 3 0 2 1 0 0 2 1 2 2 3 0 1 1 2 0 1 2 2 0 0 1 1 4 4 0 4 3 2 0 1 1 0 1 2 3 4 0 8 1 2 3 4 3 0 2 1 
1 5 0 1 1 1 1 0 5 0 14 1 1 1 1 2 1 0 0 2 2 0 0 2 2 0 0 0 0 2 0 1 12 4 9 3 0 0 1 1 1 1 0 2 1 0 3 3 2 1 0 2 0 1 0 1 3 3 3 5 0 1 0 3 1 1 2 4 0 0 1 2 3 2 0 3 1 3 0 3 8 14 14 8 2 0 0 1 3 2 3 1 0 0 4 1 
3 1 1 1 3 1 0 2 2 0 6 3 2 0 1 2 4 2 2 3 5 1 3 3 1 0 0 3 0 2 0 0 3 1 3 3 1 1 1 0 2 0 1 5 3 2 1 5 2 2 1 2 0 1 0 1 2 2 4 3 0 0 1 1 0 2 2 4 1 0 0 1 2 2 0 8 2 3 0 1 11 3 4 6 5 0 1 3 4 4 1 4 4 2 4 5 
1 2 0 0 1 0 0 2 2 2 6 1 3 1 2 3 6 2 2 3 2 0 0 0 1 0 1 2 2 1 0 1 3 2 1 5 0 0 1 0 2 4 0 3 0 0 2 3 2 2 0 0 1 1 0 2 2 2 4 4 0 2 0 2 3 1 2 4 0 0 1 2 4 5 1 5 2 1 0 8 21 7 5 11 2 0 1 2 4 1 2 2 0 0 3 1 
2 0 1 1 2 2 0 1 1 2 4 0 0 1 1 2 3 2 1 6 11 1 0 1 3 4 1 6 1 0 0 3 2 1 4 3 0 0 0 2 2 5 5 4 3 0 2 3 0 1 0 2 0 1 0 1 5 2 6 6 0 0 0 2 1 2 1 1 1 0 0 2 8 1 0 15 0 0 0 1 1 3 8 2 4 0 1 0 0 2 1 3 6 0 0 11 
1 1 0 2 1 1 0 0 2 2 1 3 0 2 1 0 2 5 6 3 0 1 0 3 1 0 0 0 1 4 0 0 5 0 1 4 2 2 0 2 0 4 4 1 0 0 3 0 1 1 0 4 1 1 0 0 6 6 3 5 1 1 0 2 2 1 2 2 0 0 1 0 5 2 0 22 0 0 0 1 9 3 22 5 0 1 0 2 3 1 3 2 0 1 2 5 
1 6 1 4 1 5 1 2 0 0 3 3 1 1 3 1 6 0 4 3 2 2 0 1 3 4 0 5 2 1 1 1 5 2 1 5 0 1 1 2 1 4 1 2 0 0 1 1 3 3 1 2 0 1 1 1 3 4 2 7 1 1 1 4 4 1 1 1 0 0 2 0 7 3 1 9 1 1 0 4 1 2 1 3 1 2 3 4 1 4 1 3 1 1 1 6 
2 1 0 4 1 0 0 0 0 3 4 1 4 4 2 4 6 3 4 5 2 1 0 1 1 1 0 2 1 0 0 0 1 4 2 4 2 3 2 0 5 2 4 7 6 0 1 7 3 0 0 3 0 1 0 0 0 0 1 3 0 0 1 1 1 0 3 3 3 0 2 3 4 1 0 10 0 0 0 0 1 1 2 4 1 0 3 3 2 3 2 4 8 3 4 9 
8 4 1 3 4 3 0 2 9 1 2 3 1 1 0 1 5 0 8 6 0 0 1 0 7 7 1 8 3 0 1 2 5 4 4 1 0 0 1 4 2 3 7 1 0 1 2 1 2 2 1 2 0 2 1 0 2 2 2 1 2 0 2 3 0 0 4 1 0 0 2 0 5 4 3 2 2 0 1 1 3 2 0 0 2 0 2 3 1 2 0 2 1 1 2 2 
5 4 0 13 1 2 0 0 3 0 6 8 5 1 7 3 6 3 1 6 2 0 0 0 7 8 0 9 0 2 0 0 2 0 1 3 3 1 4 8 1 1 0 0 1 1 0 0 4 1 1 6 2 0 0 0 0 0 0 1 2 4 1 2 2 2 0 1 0 0 1 2 3 3 1 6 2 0 0 1 3 1 0 4 3 1 2 3 4 1 0 1 1 0 0 0 
3 0 0 0 3 1 0 1 1 3 3 3 2 0 0 4 3 2 3 3 5 0 0 2 3 1 0 0 0 0 0 0 3 0 1 7 1 2 2 0 3 1 4 4 3 1 4 4 2 0 0 0 0 1 0 0 0 1 1 3 1 0 2 1 1 3 0 2 0 0 0 2 4 1 0 3 2 0 0 3 19 8 3 8 1 2 3 2 5 1 1 4 9 0 1 14 
3 5 2 4 0 1 1 1 3 0 1 2 1 0 1 1 1 0 1 0 0 0 1 0 6 10 2 5 0 0 1 2 4 2 3 5 2 2 0 2 0 0 0 0 0 0 0 0 2 6 3 3 1 1 0 2 2 0 0 0 0 0 6 0 1 0 0 0 0 0 0 0 5 6 3 3 1 1 1 7 37 6 2 25 0 0 0 0 0 1 0 0 0 0 0 0 
0 0 0 0 1 1 0 2 4 1 6 1 1 0 0 0 1 0 0 2 0 0 0 0 2 1 0 1 0 1 0 0 1 0 4 3 0 0 1 0 1 0 1 0 0 0 0 1 1 0 0 2 0 0 0 0 1 2 9 3 0 0 1 2 0 1 1 3 0 0 0 0 3 1 0 14 4 0 2 6 42 11 13 34 0 0 0 1 2 0 1 1 0 1 0 1 
2 1 0 4 2 2 0 2 1 3 9 3 1 2 1 0 3 3 0 4 0 0 1 0 4 2 0 2 1 1 0 3 3 1 7 3 0 0 0 3 2 0 2 0 0 0 0 0 1 1 0 2 0 0 0 0 2 3 9 1 0 1 1 3 4 0 1 2 1 0 1 2 4 5 1 22 2 2 0 2 1 4 25 2 0 0 0 1 2 0 1 2 1 2 1 7 
1 2 1 2 1 2 0 3 3 0 4 1 2 0 4 2 3 1 5 3 2 0 0 0 8 7 1 4 1 0 2 2 6 5 2 1 1 2 2 2 1 1 5 1 1 1 1 4 6 4 2 5 1 1 0 0 5 4 8 0 1 0 2 3 1 3 1 2 0 0 1 0 3 3 1 3 1 4 0 3 1 3 4 4 0 2 0 3 4 1 0 2 1 1 1 2 
2 3 0 0 1 0 0 0 1 3 3 1 2 1 1 4 7 0 2 5 3 1 0 5 3 3 0 5 1 0 1 0 2 1 1 4 0 0 1 4 0 2 4 4 4 0 2 13 5 5 2 4 1 1 0 1 5 0 2 1 1 1 1 0 3 0 3 3 0 0 2 4 3 3 0 7 1 2 0 0 1 4 1 3 2 0 3 3 2 2 2 4 6 0 0 6 
0 3 0 1 2 1 0 2 2 2 1 5 1 4 0 1 6 5 10 3 1 2 2 0 2 1 1 1 2 2 0 2 5 2 1 5 2 2 3 5 4 0 4 3 1 0 3 7 2 2 0 2 1 0 0 0 7 6 4 2 2 1 1 0 3 1 2 1 0 0 0 1 1 4 1 8 0 0 0 3 2 2 0 2 2 3 1 3 4 2 2 2 0 2 0 6 
1 0 0 1 2 1 0 0 2 0 3 1 3 1 2 3 3 3 3 6 7 1 1 5 2 0 0 1 0 1 0 0 1 2 4 2 1 1 1 2 5 0 7 3 2 0 3 12 2 1 0 3 0 0 0 2 0 4 2 3 1 1 1 1 3 0 2 0 3 0 0 2 6 1 0 3 0 1 0 3 0 3 2 0 4 0 4 2 2 3 3 6 8 0 4 15 
1 0 0 0 0 0 0 0 4 0 13 5 1 0 1 1 4 2 4 2 0 1 1 1 3 6 1 9 0 0 0 0 2 4 13 2 0 0 2 0 0 1 6 2 2 2 3 1 0 1 1 1 0 0 0 0 10 16 20 9 0 0 0 0 2 1 3 0 0 0 0 2 1 0 0 2 0 0 0 0 3 10 7 3 0 0 0 0 1 2 1 0 0 1 0 3 
1 1 1 3 1 1 0 2 7 2 7 1 0 0 2 1 2 2 6 4 0 1 0 0 1 1 0 3 2 2 3 2 3 3 6 1 1 1 2 2 1 5 2 5 0 0 1 1 3 1 1 6 0 0 0 2 3 2 1 4 0 0 1 0 1 0 2 1 0 0 1 1 4 2 1 3 2 1 0 3 18 5 5 9 3 4 0 3 1 3 4 1 0 3 1 1 
8 6 1 5 1 1 1 0 1 1 0 0 4 0 3 1 1 0 4 3 0 0 1 0 11 7 0 8 2 2 1 5 4 2 1 2 1 0 4 0 0 0 2 0 0 0 0 0 6 13 7 7 0 2 1 2 3 2 0 2 2 1 5 3 2 2 0 1 0 0 0 0 5 9 2 11 0 4 0 0 0 1 0 2 0 4 2 2 2 1 0 0 0 0 0 0 
2 2 1 1 0 0 1 1 2 1 16 1 1 0 0 0 1 1 2 1 1 1 1 2 4 4 2 3 2 0 1 0 2 1 9 1 0 2 2 0 0 1 0 1 0 2 1 1 4 5 0 3 0 0 0 0 0 5 12 1 0 1 0 0 2 0 1 5 0 0 0 0 6 8 0 20 1 0 0 2 16 4 13 4 0 1 1 1 0 1 1 0 0 1 2 1 
2 1 1 1 0 2 0 2 8 7 5 2 1 0 2 2 9 0 5 4 0 0 0 1 1 1 1 1 2 0 3 2 2 3 4 2 0 0 1 2 5 3 6 5 0 1 2 2 1 1 1 3 0 2 0 3 3 4 4 4 2 0 3 1 1 1 3 2 0 0 1 0 5 2 1 5 3 2 0 1 0 2 1 4 7 0 1 1 0 6 3 7 1 1 1 2 
5 3 1 6 2 1 0 0 3 1 3 1 1 1 0 0 2 0 3 0 0 0 0 0 3 4 1 4 0 0 0 2 7 9 6 4 1 0 2 2 1 0 3 1 0 0 0 0 4 5 1 3 1 2 3 1 4 2 6 4 0 0 0 0 2 1 2 0 0 0 0 1 6 9 0 20 0 1 0 0 6 9 4 10 0 1 1 0 2 2 1 1 0 0 1 1 
4 5 5 5 3 1 0 1 0 3 2 1 0 0 1 1 3 0 3 1 0 0 0 0 15 10 0 8 1 2 1 2 4 1 1 4 0 2 4 0 0 0 1 1 0 0 2 0 3 5 4 11 2 2 5 1 2 1 1 1 3 0 3 1 4 1 0 1 0 0 0 0 5 11 1 8 0 4 0 4 2 4 1 4 2 1 0 2 1 1 0 0 0 0 0 0 
1 2 0 3 0 1 0 1 3 0 2 1 3 3 1 2 2 1 2 3 10 1 1 2 5 1 0 2 0 2 0 1 2 1 0 2 1 0 0 4 1 2 2 4 3 1 2 9 3 3 0 3 1 1 0 1 0 1 3 4 2 1 0 1 3 3 2 2 0 0 2 1 4 1 0 5 0 1 0 2 1 3 0 2 5 0 4 3 4 3 3 9 8 1 3 11 
4 7 1 1 2 1 0 1 3 3 2 4 4 3 5 5 6 3 2 2 0 0 0 0 6 5 0 7 0 1 0 1 1 4 1 3 3 3 3 6 1 1 4 0 0 0 0 1 6 4 1 6 1 1 1 2 1 0 3 3 5 0 2 2 0 0 1 1 0 0 0 0 8 4 0 8 1 0 1 0 1 3 2 5 2 1 2 9 0 0 0 3 0 0 0 0 
0 2 0 1 0 0 0 0 1 0 1 1 3 0 2 2 3 0 3 2 4 2 1 1 1 0 0 3 0 0 0 0 10 11 1 11 0 3 0 0 0 0 0 4 6 0 2 8 2 1 0 0 0 0 0 0 0 3 0 4 1 0 1 1 0 0 1 2 1 0 0 4 5 0 0 4 0 0 0 4 9 20 13 12 1 2 1 1 0 1 2 2 8 2 0 3 
4 1 1 0 0 1 0 0 2 0 2 1 3 0 0 6 4 3 5 2 7 1 1 2 2 1 0 3 0 3 0 2 5 5 0 2 0 0 1 2 5 2 3 2 4 1 1 9 2 0 0 4 0 0 0 0 0 2 0 3 0 0 0 0 1 4 1 2 0 0 0 2 3 0 0 9 0 0 0 1 4 9 3 5 5 0 4 4 1 1 1 7 8 1 4 10 
1 3 0 3 1 0 0 0 6 3 20 0 0 1 0 0 3 1 3 2 0 0 0 1 1 3 1 11 3 0 0 1 2 0 9 5 0 1 3 4 1 0 5 2 0 2 0 3 1 2 1 1 1 0 0 1 10 7 25 11 0 0 0 2 1 2 2 1 0 0 1 0 1 2 1 2 2 0 0 0 1 1 5 3 2 0 0 1 1 0 1 2 0 0 0 1 
0 0 1 0 1 0 0 1 0 4 0 1 0 0 0 1 0 0 0 1 0 0 0 0 1 4 0 0 1 2 0 0 11 15 4 13 0 0 1 0 0 0 0 1 0 0 0 0 2 1 0 0 1 0 0 0 0 3 0 6 0 0 0 0 0 0 0 3 0 0 0 0 4 0 0 1 2 0 0 4 36 38 11 21 0 1 0 0 0 0 0 1 0 1 0 1 
3 0 1 1 1 0 0 1 0 2 6 0 1 1 2 3 2 3 2 2 4 0 0 1 3 0 0 2 0 0 0 0 1 2 6 0 0 0 2 0 2 3 2 6 2 0 1 3 1 1 0 2 0 1 0 0 0 0 3 0 1 0 0 1 1 1 1 1 1 0 0 0 4 2 0 4 4 0 0 3 37 7 6 19 3 1 3 0 0 3 0 5 7 0 0 6 
3 1 0 0 0 0 0 1 0 2 3 0 1 0 0 0 2 1 2 1 0 0 0 4 1 3 0 3 2 0 0 0 0 0 7 0 0 2 2 1 0 2 2 0 1 0 1 2 1 0 1 1 0 0 0 0 1 1 7 5 0 0 0 0 1 3 1 6 0 0 1 0 3 3 1 44 0 0 0 0 4 4 33 5 0 0 0 0 2 0 2 1 2 5 0 12 
0 0 0 1 0 0 0 0 4 2 1 0 0 0 0 1 1 0 1 1 0 0 0 0 1 0 0 0 0 0 0 0 8 8 3 3 2 0 0 0 0 0 0 0 0 0 0 0 0 0 0 1 0 0 0 0 0 1 0 2 0 0 1 0 0 1 0 1 0 0 0 0 4 3 1 3 5 0 0 19 43 22 10 45 0 0 0 0 0 1 0 0 0 0 0 0 
1 1 0 3 1 2 0 1 7 3 30 3 0 1 1 4 3 1 2 2 0 0 2 0 2 1 0 4 1 0 1 1 1 5 14 5 0 2 0 0 1 0 2 0 0 0 0 2 3 3 0 3 0 0 0 0 3 3 12 6 0 1 0 4 1 1 0 2 0 0 0 0 3 1 1 8 0 0 0 1 4 3 14 2 2 0 0 3 1 1 4 0 0 0 0 0 
4 1 0 5 1 0 0 1 4 2 25 1 3 1 0 1 3 2 2 3 0 0 1 5 0 2 0 2 1 1 0 0 3 2 10 4 0 0 0 0 1 7 2 1 1 1 2 2 1 2 1 2 0 0 0 2 1 7 8 5 2 1 1 2 0 1 1 0 0 0 0 0 7 3 2 4 0 1 0 0 3 1 6 2 2 0 1 4 2 2 0 4 5 0 1 6 
2 2 1 2 0 0 0 1 3 4 31 3 1 0 0 1 2 1 1 1 0 0 0 1 0 1 0 0 0 0 0 0 5 5 22 3 0 1 0 2 0 4 1 0 0 0 0 0 1 1 0 0 0 1 0 0 5 4 17 3 0 0 0 0 2 1 1 2 0 0 0 0 0 5 0 4 0 2 0 1 6 5 21 3 3 0 0 1 1 1 4 2 1 1 0 0 
3 4 0 2 1 0 0 0 3 2 3 2 1 3 0 6 6 2 6 2 3 0 2 0 13 5 1 2 0 0 0 1 4 1 0 2 2 4 2 2 0 0 2 1 6 2 0 4 4 5 0 6 0 0 0 0 2 0 3 1 0 2 1 6 1 3 2 2 0 0 2 4 4 0 0 5 2 0 0 0 0 0 2 1 7 3 1 3 3 4 3 4 4 0 0 5 
7 3 0 4 1 0 0 2 2 1 1 4 3 1 3 4 5 2 2 2 2 0 3 1 6 2 0 5 0 3 1 0 0 0 3 3 1 2 3 0 1 3 3 2 2 2 3 1 6 3 0 4 1 1 0 0 0 0 5 1 1 0 2 4 3 0 3 0 0 0 3 2 10 4 0 11 1 0 0 2 5 3 0 7 3 0 1 8 0 2 1 1 1 0 0 2 
0 1 0 0 0 0 0 0 1 0 0 2 0 1 0 0 1 1 0 1 0 0 0 0 1 0 0 0 0 0 0 0 2 2 4 0 0 2 0 0 0 0 0 0 0 0 0 0 0 0 0 0 0 0 0 0 3 1 0 0 0 1 0 0 0 1 0 0 0 0 0 0 4 2 0 3 9 0 0 11 76 17 11 42 0 0 0 0 0 0 0 0 0 0 0 0 
0 0 0 0 0 0 0 0 1 1 2 1 0 0 0 0 0 0 0 1 0 0 0 0 0 0 0 1 0 0 0 0 1 1 2 3 0 0 0 0 0 0 0 1 0 0 0 0 1 0 0 0 0 0 0 0 1 2 0 1 0 0 0 0 0 0 0 0 0 0 0 0 1 1 1 4 4 0 0 16 87 12 10 44 0 0 0 0 0 0 0 0 0 0 0 0 
3 4 0 2 2 0 2 1 3 1 16 3 0 2 1 3 4 0 5 2 1 0 2 0 5 2 0 2 1 1 0 4 1 3 9 2 1 2 1 0 1 1 1 3 0 2 2 0 4 4 0 1 1 1 0 1 5 2 8 4 2 0 2 3 2 0 0 3 0 0 0 0 5 2 0 13 1 1 0 2 2 3 8 7 1 1 0 1 2 0 0 1 1 0 2 3 
0 0 0 0 0 0 0 0 0 1 0 0 0 0 0 0 0 0 0 0 0 0 0 0 0 0 0 1 0 0 0 0 3 0 0 6 0 0 0 0 0 0 0 1 0 0 1 0 0 0 0 1 0 0 0 1 2 0 0 1 0 0 0 0 0 0 0 0 0 0 1 0 1 0 0 3 10 0 0 10 71 21 12 48 0 0 1 1 0 0 0 1 0 0 1 1 
4 0 0 2 10 4 1 4 4 2 1 3 0 1 1 2 0 1 3 4 0 0 6 1 3 0 0 4 2 2 0 2 4 1 2 5 1 3 3 3 2 2 1 4 1 1 2 3 1 1 0 1 3 1 1 3 0 2 0 5 0 1 0 1 2 1 2 3 1 1 3 0 6 3 0 10 3 2 0 9 5 2 0 4 2 2 1 3 1 1 1 3 1 0 1 2 
3 0 0 2 0 0 0 0 1 0 2 1 0 0 0 2 3 2 1 2 1 0 2 2 1 1 0 4 0 0 0 1 0 0 0 1 1 0 0 1 2 0 0 1 1 1 1 10 1 2 0 1 1 1 0 2 0 1 7 1 1 0 0 1 0 1 0 3 0 0 0 1 8 2 0 41 0 0 0 1 0 4 29 7 5 0 1 3 2 2 1 3 4 1 1 11 
0 0 0 1 1 0 0 0 2 5 2 1 0 0 0 1 0 0 0 0 0 2 1 0 1 0 0 1 0 0 0 0 14 14 10 7 0 0 0 1 1 0 0 0 0 0 0 1 0 1 0 1 0 1 0 0 2 4 3 6 0 0 0 0 0 0 0 0 0 0 1 0 1 2 0 1 0 0 0 1 19 58 10 15 1 0 1 1 1 0 1 1 0 1 0 1 
2 0 0 1 0 1 0 0 2 0 2 0 0 0 0 0 0 0 0 0 0 0 0 0 1 0 0 0 0 0 0 0 1 1 0 1 0 0 0 2 0 0 0 1 0 0 0 0 1 0 0 0 0 0 0 0 3 0 0 1 0 0 0 0 0 0 0 1 0 0 0 0 4 1 1 0 7 0 1 15 79 24 6 41 0 0 0 0 0 0 0 0 0 0 0 0 
4 1 1 2 1 0 0 0 8 5 12 0 2 0 0 3 0 0 3 1 0 0 0 0 5 3 1 6 0 0 0 0 5 6 4 4 0 2 3 2 1 1 5 1 0 0 2 3 2 2 2 1 0 1 1 1 6 10 15 5 0 0 0 1 3 0 1 0 0 0 1 3 2 2 0 5 2 1 0 0 12 1 10 7 1 1 0 0 1 1 1 1 0 0 0 0 
5 3 0 2 3 3 1 3 7 3 5 3 2 0 1 3 2 0 2 3 1 0 4 3 3 2 0 2 1 2 0 9 2 0 1 2 2 1 6 5 1 2 1 1 0 1 1 2 3 4 0 2 1 2 0 1 3 3 1 1 0 4 1 3 2 4 2 2 3 1 5 0 7 1 0 4 1 5 1 6 2 1 0 2 0 1 0 4 1 1 2 2 0 1 4 0 
2 3 0 0 0 1 0 0 7 4 25 2 0 1 0 0 2 1 3 2 0 0 1 0 0 4 1 10 0 0 0 0 2 2 19 2 0 0 1 0 0 0 5 3 0 0 3 4 0 0 0 2 0 1 0 0 10 17 19 5 0 0 0 1 1 2 2 2 0 0 1 0 1 1 0 3 0 1 0 2 0 1 7 4 0 0 0 1 1 1 2 0 0 0 0 2 
5 1 0 2 6 3 0 4 4 2 2 4 4 1 4 4 1 2 2 3 0 0 2 1 5 2 2 1 2 1 2 3 7 5 3 5 0 1 1 1 1 2 1 0 1 1 2 3 1 0 0 2 1 2 0 3 0 2 1 1 0 2 2 5 0 3 1 4 1 1 2 0 0 5 0 1 4 0 0 3 2 11 7 2 2 1 0 4 1 2 1 4 1 1 3 2 
2 3 2 4 4 0 3 2 0 2 7 1 1 1 1 2 1 3 0 1 0 0 0 1 7 2 2 1 0 1 1 1 4 4 8 7 0 3 2 4 1 1 1 0 0 0 0 0 1 8 3 1 0 2 1 0 4 3 10 3 0 3 1 0 0 0 0 0 1 0 0 0 7 4 0 4 2 0 2 3 13 11 4 7 3 2 0 1 2 1 1 1 0 0 0 0 
3 1 0 1 1 0 0 1 1 2 0 2 1 0 2 2 5 0 1 2 0 0 0 0 1 1 0 0 6 1 0 1 11 9 4 10 0 0 0 1 1 0 0 0 0 0 1 2 0 0 0 2 0 0 0 1 0 2 0 1 0 1 2 0 0 1 0 0 0 1 2 0 1 2 0 5 0 2 0 2 16 34 18 13 0 3 0 3 3 3 1 1 0 0 4 2 
2 0 0 1 0 0 0 0 5 2 9 3 1 0 3 0 1 1 2 0 0 0 0 0 0 3 1 8 0 0 0 0 12 9 4 6 0 0 0 0 0 0 2 1 0 0 0 2 0 0 0 0 0 1 0 1 4 8 10 5 0 0 0 0 2 0 3 2 0 0 1 0 0 0 1 0 0 0 1 1 15 37 17 6 0 1 0 0 0 1 2 2 0 1 0 0 
2 3 1 5 0 1 0 2 6 4 8 5 4 0 2 2 2 1 2 4 0 0 2 2 3 2 1 1 1 0 1 0 7 7 7 5 0 2 1 3 1 0 1 0 0 1 0 2 2 2 1 1 1 1 0 1 1 4 5 2 0 1 1 2 3 3 0 2 1 0 2 0 4 2 0 5 1 1 0 2 5 7 10 3 0 1 0 2 7 2 3 2 0 1 1 1 
1 0 0 0 0 0 0 1 2 11 1 2 1 0 1 0 4 0 1 2 3 0 2 0 0 1 0 0 0 0 0 0 11 5 2 8 0 0 0 1 2 1 2 2 1 2 0 2 1 2 0 2 0 0 0 0 1 3 0 3 1 0 0 0 2 2 2 2 0 0 1 3 2 0 0 3 0 0 0 0 14 38 15 12 0 0 0 2 1 3 2 2 4 0 0 5 
2 2 0 3 2 0 0 3 4 4 30 2 1 0 1 0 1 3 2 2 0 0 0 0 2 3 0 2 1 1 0 0 4 0 23 3 0 3 1 0 0 3 1 2 0 0 0 1 3 1 0 2 0 1 0 0 8 4 13 4 0 0 0 0 1 1 1 2 0 0 0 1 4 3 1 3 1 1 0 1 4 4 18 0 1 0 0 0 2 0 2 0 0 0 0 1 
3 4 0 4 1 2 0 3 4 2 13 4 0 0 1 3 0 4 4 2 0 0 1 1 1 1 0 3 1 2 0 1 4 1 7 2 0 1 0 2 0 2 0 3 1 3 2 1 2 1 0 2 0 2 0 2 3 4 16 2 0 0 1 0 2 3 1 2 0 0 1 2 3 2 0 17 3 1 0 2 2 3 11 1 1 2 0 2 3 2 1 0 1 0 1 2 
1 0 0 0 0 0 0 1 0 0 0 0 1 0 0 2 1 0 4 1 0 1 1 1 0 1 0 0 0 0 1 0 7 10 0 14 0 0 0 0 1 0 0 2 2 0 1 1 1 0 0 0 0 0 0 0 1 3 2 4 0 0 1 1 0 1 0 4 1 1 0 1 2 0 0 6 2 0 0 0 31 36 16 18 1 1 2 0 0 2 1 1 2 2 0 2 
2 1 0 1 3 2 0 1 7 2 6 1 3 1 3 3 6 1 6 6 0 1 0 0 3 0 0 3 1 1 0 1 6 1 4 4 0 3 3 2 1 5 6 2 2 0 1 1 5 1 1 3 0 2 0 3 0 1 2 3 2 0 0 2 4 2 4 4 1 0 0 2 3 2 1 3 0 2 1 0 5 2 2 3 0 1 2 2 4 5 4 2 2 2 2 2 
4 2 0 0 0 0 0 2 3 1 28 1 0 0 0 0 3 0 1 1 0 0 1 0 0 1 1 2 0 0 0 0 5 7 16 5 0 0 0 0 1 1 1 0 0 1 0 4 0 0 0 0 0 0 0 1 4 6 18 5 0 0 0 0 0 3 0 6 0 0 0 0 2 2 0 14 1 0 0 0 4 8 20 6 0 0 0 2 2 0 1 1 0 0 0 2 
1 3 1 2 2 1 0 2 7 4 20 2 1 1 2 1 2 0 3 1 1 0 0 0 5 3 0 7 1 0 0 0 3 3 12 5 0 2 0 2 0 3 2 2 0 0 1 1 3 0 0 3 1 0 0 1 4 1 16 1 1 1 1 1 1 1 2 1 0 0 1 0 4 1 0 11 1 0 0 0 9 1 9 4 0 0 0 4 2 1 1 2 0 0 1 0 
2 3 0 1 1 2 1 2 4 3 22 4 2 2 2 1 6 3 7 3 0 0 1 1 3 0 1 1 0 0 0 2 2 8 12 6 3 0 1 1 1 2 1 1 0 0 0 2 1 2 2 0 1 0 0 2 3 8 8 2 0 0 1 0 2 0 1 3 0 0 1 0 3 1 0 4 0 2 0 3 2 5 6 1 1 0 0 0 0 5 2 3 1 1 0 3 
7 4 0 2 3 1 0 0 3 1 3 4 0 1 5 1 2 2 3 1 0 0 1 0 5 3 0 3 2 1 0 7 2 0 2 4 1 3 0 5 0 4 1 4 1 0 1 6 6 1 0 4 3 2 1 1 11 2 5 1 1 3 2 1 3 2 2 0 0 1 1 1 1 1 0 3 2 3 0 3 1 2 3 2 2 1 1 3 4 3 0 1 2 1 2 6 
3 1 2 2 0 1 0 1 2 3 3 2 1 0 3 1 5 0 4 2 0 0 0 0 3 2 0 4 1 0 1 2 12 9 1 4 1 2 1 0 3 2 1 5 1 0 0 3 0 4 1 2 1 0 0 0 1 1 5 2 0 1 4 0 2 2 3 4 1 0 0 0 6 5 2 8 0 1 0 2 5 15 5 5 1 1 3 3 2 1 4 1 0 0 0 2 
4 3 0 3 3 0 0 5 1 2 0 1 1 1 0 1 2 2 7 2 2 2 1 2 5 3 0 4 2 2 0 0 3 2 3 4 1 0 1 1 0 3 5 3 1 2 0 4 0 4 1 2 1 2 0 1 2 3 0 3 0 1 1 3 1 0 3 1 1 2 1 1 4 7 1 3 4 4 1 3 7 6 0 3 2 2 3 3 3 1 0 4 3 1 3 4 
0 1 1 1 0 0 0 0 0 0 2 2 0 0 0 0 0 0 0 0 0 1 0 2 1 0 1 2 0 1 0 0 1 0 1 2 0 0 1 0 0 0 1 0 0 1 1 2 0 1 0 3 0 1 0 0 0 1 5 6 0 0 0 0 0 2 1 4 0 0 1 0 8 3 1 51 0 0 0 0 4 2 44 11 0 0 0 1 0 1 0 2 0 2 1 19 
0 0 0 1 0 0 0 0 4 1 2 2 0 1 1 0 0 0 0 1 0 0 0 0 0 0 0 0 1 0 0 1 5 10 4 6 0 0 1 1 0 1 0 1 0 1 0 1 3 0 0 1 2 0 0 0 0 5 1 1 1 1 0 0 0 0 0 0 0 1 1 0 4 0 0 1 4 1 1 7 44 25 12 34 0 1 0 0 0 0 0 2 0 0 1 0 
1 0 0 0 0 1 1 0 2 0 6 3 0 3 0 2 1 1 1 1 0 0 3 0 0 1 0 8 0 0 0 1 1 1 7 3 1 2 0 1 0 0 1 1 1 1 1 3 0 2 0 0 0 0 0 0 12 4 9 4 0 0 0 2 4 0 3 0 0 0 0 1 4 1 0 2 3 0 0 5 49 10 6 10 1 0 0 1 1 0 1 2 1 0 0 2 
2 2 0 2 0 0 0 0 0 0 2 3 2 2 1 1 1 0 0 1 0 0 0 0 0 2 0 0 0 1 0 0 4 1 4 3 0 1 2 1 0 0 0 2 0 0 0 0 0 0 0 2 0 0 0 0 2 2 4 0 1 0 0 0 0 1 0 0 0 0 1 0 1 0 1 1 8 1 0 7 68 16 8 32 0 0 1 0 1 1 1 0 0 0 0 0 
7 4 4 5 3 1 0 2 4 5 0 2 1 2 1 0 2 0 2 1 0 0 0 0 8 7 0 5 2 0 0 1 3 3 0 1 1 2 5 4 2 1 2 0 0 0 0 0 12 8 1 0 4 2 1 2 3 0 1 1 3 1 1 3 1 1 1 0 0 0 1 0 9 14 2 8 3 2 0 2 4 5 0 2 0 3 0 1 2 1 0 1 0 0 1 0 
0 0 0 2 0 0 0 0 0 1 0 2 0 0 0 1 4 1 0 0 0 2 1 3 0 0 0 2 0 0 0 0 1 0 4 0 0 0 0 0 0 1 0 0 0 1 1 2 0 0 0 1 0 0 0 0 0 4 1 1 0 0 0 0 0 3 2 2 0 0 0 0 11 2 1 52 1 0 0 2 6 4 42 12 0 0 0 1 1 4 3 1 0 3 2 9 
0 0 0 0 1 0 0 0 3 1 0 1 1 0 0 1 0 0 0 1 0 0 0 0 0 0 0 0 0 1 0 1 1 0 1 3 0 0 2 1 1 0 0 0 0 0 0 1 1 0 0 0 0 0 0 0 3 0 1 0 0 0 0 0 0 0 0 0 0 0 0 0 5 0 0 6 6 0 0 14 64 13 13 48 0 0 0 0 0 1 0 2 0 1 0 1 
0 0 0 2 0 2 0 0 5 5 12 2 1 1 2 0 3 1 2 4 0 0 1 2 3 2 0 6 1 1 3 2 3 2 14 3 0 2 2 1 0 3 1 2 0 0 0 5 0 0 0 0 0 1 0 1 2 7 11 3 1 0 0 0 2 2 0 4 0 0 0 0 4 0 0 17 1 2 0 3 2 5 10 5 0 1 0 2 2 1 2 2 0 2 1 3 
0 0 0 0 0 0 0 0 2 0 1 2 1 0 0 0 1 0 3 0 0 0 0 0 0 0 0 2 0 0 0 0 2 2 1 2 0 0 0 0 0 0 0 0 0 0 0 0 0 0 0 0 0 0 0 0 0 1 0 0 0 0 1 1 0 0 0 0 0 1 0 0 2 2 0 6 7 0 0 16 75 14 10 45 0 0 0 0 0 0 0 0 0 0 0 0 
3 5 2 4 4 1 0 0 3 2 0 2 1 1 1 3 1 0 8 1 1 1 1 0 7 11 1 3 1 2 1 0 5 1 3 0 4 1 6 1 1 0 2 1 0 1 0 1 11 5 7 2 0 1 2 1 1 1 0 1 0 3 0 1 0 0 0 2 0 0 0 0 6 6 2 7 2 3 0 6 8 5 2 3 2 2 1 1 0 2 3 0 0 0 1 2 
0 1 0 0 0 0 0 0 3 6 15 0 0 0 0 1 1 2 1 0 0 1 0 1 2 5 1 8 0 0 0 0 1 1 23 1 0 0 0 1 1 4 2 2 0 0 2 3 2 0 0 3 0 1 0 0 9 9 19 11 0 3 0 0 2 1 0 3 0 0 0 0 2 0 0 10 0 0 0 0 3 3 15 2 0 0 0 0 2 0 4 0 0 1 0 6 
0 0 0 1 0 0 0 2 3 2 14 4 0 1 0 0 4 0 10 1 0 0 0 3 1 2 1 9 0 0 0 1 4 4 17 3 0 1 0 0 1 0 2 0 0 1 0 0 0 1 0 0 0 0 0 0 6 13 31 13 0 0 0 0 8 1 0 1 0 0 1 2 0 1 0 0 0 0 0 1 5 7 2 8 0 0 0 0 1 0 1 0 1 1 1 2 
7 6 4 3 2 3 1 2 2 4 6 3 0 2 2 0 1 0 2 5 0 0 0 0 6 10 2 2 0 1 0 3 1 2 2 4 0 1 3 1 0 0 0 3 0 2 1 1 3 6 3 5 1 2 1 3 3 2 3 4 0 1 0 1 2 0 3 1 0 0 0 1 8 10 0 7 3 4 1 3 3 2 1 4 1 0 4 0 0 1 1 1 0 0 1 0 
0 2 0 0 0 0 0 0 0 2 12 3 2 0 0 2 0 1 0 3 0 0 0 1 0 0 0 2 0 1 0 0 7 16 11 13 0 1 0 0 3 1 0 0 1 0 0 0 0 0 0 1 0 0 0 1 0 5 6 5 1 0 0 0 0 0 1 2 0 0 1 0 0 3 0 0 0 1 0 0 14 39 17 12 0 0 0 0 0 0 1 3 1 0 0 2 
6 2 3 9 1 1 0 2 2 0 1 0 1 0 0 3 1 0 3 1 0 0 1 0 6 16 5 10 3 0 1 3 2 2 3 3 2 1 6 2 2 0 2 0 0 0 1 1 8 13 3 4 0 0 0 2 1 3 0 1 2 0 0 2 1 0 3 0 0 0 1 0 8 12 3 5 0 0 0 6 4 1 1 4 2 1 1 0 0 0 0 0 0 0 0 0 
7 8 4 6 0 0 1 0 5 0 2 2 1 1 1 2 0 0 0 1 0 0 0 0 8 13 1 9 2 0 1 2 1 5 1 2 2 1 9 1 5 2 5 0 0 0 1 0 8 7 3 3 2 2 1 3 0 0 1 1 5 0 0 2 0 0 0 0 0 0 1 0 7 10 5 7 2 0 0 1 1 4 1 0 2 0 2 1 2 1 0 1 0 0 1 1 
1 0 0 2 0 0 0 0 3 3 0 1 1 2 0 0 3 1 2 2 1 0 2 1 0 3 0 1 0 0 1 0 9 10 6 4 0 0 1 2 6 0 4 2 2 1 0 6 4 2 0 1 0 0 0 1 1 2 1 0 1 0 0 0 1 3 2 1 0 0 1 3 1 1 0 7 1 1 0 0 19 25 8 9 2 2 2 2 0 0 0 1 6 0 1 5 
3 3 1 1 1 1 0 2 1 0 4 0 1 1 0 4 3 0 1 5 3 0 0 1 2 4 0 2 0 0 1 0 2 4 2 0 1 2 1 4 2 2 4 4 2 1 4 5 3 4 0 3 0 0 0 1 4 1 2 3 0 1 1 0 0 2 0 4 0 0 1 3 7 2 1 16 0 0 0 3 7 4 3 3 2 0 3 1 1 3 2 4 8 2 1 9 
1 0 0 2 0 0 0 0 0 2 0 0 0 1 0 1 0 0 1 1 0 0 0 0 1 0 0 1 0 0 0 0 8 18 3 15 0 0 0 0 0 0 0 0 0 0 1 0 0 0 0 1 0 1 0 1 1 3 3 2 0 0 0 0 1 1 0 1 0 0 1 0 4 0 1 12 0 0 0 0 9 45 31 19 0 0 1 0 0 2 0 3 0 0 1 0 
0 0 0 0 0 0 0 1 3 1 10 0 0 0 0 0 1 0 0 1 0 0 0 0 0 0 1 1 0 0 0 0 4 3 4 3 0 0 0 0 0 0 1 1 0 0 1 0 0 2 0 1 0 0 0 0 1 5 7 3 0 1 0 0 1 0 2 1 0 0 0 0 2 1 0 3 6 0 0 2 62 13 7 41 0 0 0 0 0 0 2 0 0 0 0 1 
3 2 0 3 1 0 0 0 1 1 3 3 1 0 1 1 4 0 3 2 0 1 0 1 2 1 1 1 0 1 0 2 2 2 2 5 0 1 0 0 2 2 2 2 0 1 1 0 1 0 1 2 0 2 0 1 3 3 2 5 0 0 2 2 1 0 2 1 0 1 1 2 6 5 0 2 2 2 0 5 36 7 6 14 3 3 2 2 2 0 1 4 0 1 1 3 
5 4 0 1 1 2 0 1 3 2 2 1 4 4 2 2 3 1 5 7 3 3 0 1 2 3 0 1 1 1 0 3 3 2 4 2 2 2 3 2 1 1 2 0 1 0 0 6 0 3 0 1 2 1 0 3 1 3 6 8 2 1 1 0 2 6 5 3 0 0 1 1 5 2 0 4 3 2 0 3 2 1 3 0 1 0 1 3 5 2 3 3 0 2 0 6 
0 0 0 0 0 0 0 0 0 3 0 0 0 0 0 1 0 0 1 0 0 0 0 0 0 0 0 0 0 0 0 0 9 24 5 19 0 1 0 1 0 0 0 1 0 0 0 0 0 0 0 0 0 0 0 0 0 4 0 7 0 0 0 1 1 0 1 1 0 0 0 0 0 0 0 4 0 0 0 0 16 58 21 16 0 0 0 0 1 0 2 0 0 0 1 1 
2 3 1 0 6 0 2 5 2 1 1 1 3 3 1 3 5 2 2 5 0 0 1 2 4 4 0 2 3 1 0 4 3 2 0 5 0 2 1 3 3 1 2 1 1 1 2 1 2 4 1 3 1 1 0 0 3 2 1 3 2 0 1 0 0 1 2 2 0 1 1 2 8 1 0 7 3 1 0 4 4 4 9 1 0 0 1 5 1 2 1 3 2 4 5 4 
0 1 0 0 0 0 0 0 1 3 1 2 2 0 0 1 0 0 0 0 0 0 0 0 1 0 0 1 0 0 0 0 16 25 2 12 0 0 0 0 1 0 0 0 0 1 0 0 0 0 0 0 0 1 1 0 0 5 0 2 0 0 1 0 0 0 0 1 0 0 0 0 0 1 1 1 0 0 0 1 15 55 27 13 0 0 0 1 0 0 0 2 0 0 2 0 
1 0 4 0 0 0 0 0 1 1 1 1 0 0 0 0 1 0 0 1 0 0 0 0 2 2 0 2 1 0 0 0 2 1 1 2 0 1 0 1 1 0 0 1 0 0 0 0 1 1 0 2 0 0 0 0 1 1 4 0 0 0 0 1 1 1 0 1 0 0 0 0 3 2 0 13 9 0 0 11 60 10 16 30 0 0 0 0 1 1 0 1 0 0 0 1 
0 2 0 2 0 0 0 0 2 3 5 5 0 0 0 0 1 0 1 1 0 1 0 3 0 0 0 3 0 0 0 0 1 3 8 2 0 0 0 0 1 1 2 0 1 0 1 3 2 1 0 1 1 0 0 0 0 2 6 5 0 0 0 0 2 1 1 4 0 1 0 2 4 0 0 52 0 0 0 0 0 4 39 5 1 0 0 1 0 0 0 2 1 0 1 9 
7 6 0 4 2 0 0 2 4 1 1 4 0 0 1 3 3 0 3 2 2 1 4 3 4 5 1 4 1 2 1 1 3 0 5 4 6 3 3 3 2 1 4 1 2 0 1 1 4 1 1 2 1 0 0 0 0 0 0 1 0 1 1 1 0 0 3 0 0 0 1 0 4 1 0 8 3 1 0 5 14 6 1 9 2 0 3 2 1 1 0 3 1 0 2 5 
3 0 0 0 0 2 0 0 3 1 13 6 1 0 0 0 1 1 3 0 0 1 0 1 3 3 3 7 0 1 0 0 3 2 14 4 0 0 1 1 3 0 2 0 0 1 2 2 4 3 1 4 0 1 1 0 5 12 18 10 1 0 0 0 1 2 0 0 0 0 0 0 2 2 0 14 1 0 0 0 1 3 10 3 2 0 0 0 2 4 0 2 0 0 0 3 
1 0 0 0 0 0 0 0 0 0 2 0 0 0 0 2 1 2 2 0 0 1 0 1 2 0 0 6 0 0 0 0 1 1 3 0 2 1 1 0 0 1 0 1 0 0 1 6 0 1 0 1 0 0 0 1 1 2 6 4 0 0 0 0 1 0 0 1 0 0 1 1 7 3 1 44 2 0 0 4 19 8 23 11 0 0 1 1 0 1 2 1 1 1 0 12 
4 4 1 4 3 1 3 3 4 2 4 0 3 1 2 1 4 2 0 6 0 1 0 1 3 3 0 5 1 2 0 3 7 5 2 2 1 2 3 2 0 2 0 2 0 1 1 1 3 4 0 0 1 0 2 3 0 2 1 2 1 1 0 5 0 1 0 4 1 1 2 1 5 2 0 5 2 3 0 3 5 10 7 4 0 0 0 2 3 2 2 0 0 1 4 3 
7 5 1 4 1 0 1 1 7 2 11 1 0 1 0 1 0 0 1 0 1 0 1 0 7 7 1 3 1 3 1 1 4 7 4 4 0 0 7 1 1 0 2 2 0 0 2 0 5 4 4 3 2 3 3 0 2 8 1 0 2 1 1 3 2 1 1 0 0 0 2 1 6 11 0 8 0 0 0 0 1 8 6 3 0 0 1 0 0 2 1 0 0 0 0 0 
0 0 0 2 0 1 0 0 2 0 2 0 1 0 1 2 2 0 3 2 4 1 0 1 3 1 0 5 0 0 0 0 1 1 1 2 1 1 1 1 1 1 2 2 5 0 1 8 1 3 0 0 0 0 0 0 1 1 2 4 1 0 0 0 0 3 0 3 1 0 1 1 2 1 1 39 0 1 0 0 0 0 20 5 3 0 0 1 7 5 1 5 7 3 2 13 
4 2 2 6 7 3 0 6 3 1 1 1 2 1 3 2 3 1 4 2 0 0 2 1 6 2 0 2 4 0 1 6 4 2 0 6 0 3 6 3 0 1 2 2 0 0 1 0 1 1 0 4 2 1 0 4 2 0 0 6 2 1 0 1 0 1 2 1 0 1 3 3 2 4 0 0 1 4 0 8 8 5 1 5 0 5 0 4 3 2 0 2 0 0 1 1 
1 2 0 1 0 1 1 1 2 3 9 3 0 0 0 2 5 0 1 2 0 0 1 1 3 0 0 3 0 2 0 3 2 3 7 2 1 0 2 1 0 1 1 0 0 0 1 0 2 1 1 2 0 0 0 1 6 2 6 5 0 0 0 0 3 1 2 1 0 0 0 0 3 0 0 2 4 0 0 9 37 7 4 24 0 1 1 1 1 2 1 0 0 0 1 1 
0 0 0 0 0 1 0 0 5 6 1 2 1 0 1 0 1 0 3 1 0 0 0 0 2 1 0 2 1 5 0 1 2 1 2 4 0 1 0 0 0 1 1 2 0 0 2 1 1 3 0 0 1 0 0 0 2 0 0 0 2 0 1 0 1 0 0 1 0 0 2 0 2 2 0 6 3 0 0 12 61 6 8 30 0 0 1 0 0 1 0 0 0 1 1 1 
3 3 0 1 3 0 1 2 3 3 1 0 2 1 2 4 2 4 1 4 4 0 0 1 8 3 0 2 1 0 0 5 2 4 0 6 2 1 0 2 3 1 2 1 0 1 2 3 2 1 0 5 1 1 0 1 2 3 0 3 2 0 1 2 2 1 0 4 0 0 5 0 5 2 1 10 5 5 0 3 1 4 4 4 1 2 4 4 2 1 1 1 1 2 0 7 
5 1 0 7 9 2 2 6 4 3 0 4 0 1 2 2 4 3 1 3 0 2 1 1 2 1 1 3 2 1 1 4 4 2 1 6 3 2 3 1 2 1 1 0 0 2 1 1 2 4 0 5 5 2 0 4 3 5 0 4 1 1 2 1 2 0 0 0 0 0 2 2 5 6 2 4 2 1 2 4 1 5 2 0 0 1 2 4 0 2 1 1 0 0 1 1 
5 2 0 1 1 0 0 3 4 1 3 2 2 0 3 2 5 2 8 2 3 1 1 2 3 7 1 3 0 0 0 2 3 0 0 1 0 0 4 1 4 4 4 4 2 0 2 5 1 1 1 7 1 0 1 2 1 4 2 1 0 1 1 2 1 1 0 3 1 0 1 2 3 5 0 7 0 0 2 1 0 3 0 0 4 0 4 4 3 2 2 5 11 0 2 4 
4 4 1 1 1 0 0 3 2 1 5 1 1 0 1 2 0 1 2 3 0 0 0 0 2 2 1 0 2 0 1 0 3 1 4 3 0 0 1 1 0 1 4 0 1 0 0 0 1 1 0 1 0 1 0 0 1 1 3 0 0 1 0 1 0 0 2 0 1 0 2 2 3 1 1 2 10 2 1 8 41 10 12 23 0 2 0 0 1 0 1 1 0 2 0 1 
9 5 7 3 0 0 0 1 1 0 1 0 1 1 3 1 0 0 1 0 0 0 0 0 3 18 3 11 3 1 1 3 2 3 1 5 3 1 7 4 0 1 1 1 0 2 0 0 5 6 4 9 1 2 0 2 1 1 2 3 0 2 4 0 2 0 0 1 0 0 0 0 11 6 2 10 1 1 1 2 0 2 2 4 1 0 0 0 0 2 0 0 0 1 1 0 
1 0 0 2 2 0 0 0 6 2 8 1 2 0 2 1 1 2 3 3 0 0 1 2 2 2 1 5 1 1 0 1 2 2 5 2 0 2 0 2 1 2 3 1 1 1 0 1 2 1 0 3 0 1 0 1 9 4 12 4 0 0 1 1 0 1 0 4 0 0 0 2 6 2 0 21 1 0 0 2 6 4 20 2 1 1 0 2 2 0 0 0 1 0 1 5 
0 0 0 0 0 0 1 0 0 2 6 0 1 1 0 0 1 0 0 0 0 0 0 2 0 0 1 2 0 0 0 0 11 11 4 9 0 0 0 0 0 1 1 0 1 0 1 3 0 0 0 5 0 0 0 0 1 2 7 2 0 0 0 0 0 0 0 2 0 0 0 0 2 1 1 21 0 1 0 0 18 29 28 9 1 0 1 1 1 2 0 0 1 0 0 5 
1 2 0 1 0 0 1 2 4 2 4 1 5 1 2 1 12 1 4 2 3 0 0 1 2 2 0 3 1 0 0 1 2 4 1 8 3 1 1 1 4 2 2 8 0 4 0 5 1 1 0 3 1 0 0 1 5 6 8 1 0 0 1 0 2 3 2 2 1 0 2 3 0 1 0 3 0 3 0 4 1 3 2 1 4 0 2 2 4 0 2 4 4 4 3 5 
0 0 0 0 0 0 0 0 2 1 3 0 0 0 0 0 0 0 0 1 0 0 0 0 0 0 0 0 0 0 0 0 4 0 4 1 0 1 0 0 0 0 1 0 1 0 0 0 0 0 0 0 0 0 0 0 1 2 4 0 0 0 1 1 0 0 0 0 0 0 0 3 2 2 2 7 6 0 0 10 74 15 14 33 0 0 1 0 0 0 0 0 1 0 1 1 
0 0 0 0 0 0 0 0 0 3 0 1 1 0 0 0 1 0 0 1 0 0 1 1 0 0 0 1 0 0 0 0 9 6 3 8 0 0 0 0 0 0 0 0 0 0 0 1 1 0 0 1 0 0 0 0 4 2 5 4 0 0 0 0 1 0 0 2 1 0 0 1 2 1 0 13 1 0 1 4 37 27 23 16 0 1 0 2 1 1 3 2 0 0 1 5 
0 1 0 4 0 1 0 0 3 1 1 0 0 0 1 2 4 3 2 3 1 2 0 2 3 0 0 3 0 0 0 0 3 0 3 0 1 1 3 2 1 3 0 2 1 2 1 9 1 2 0 2 0 0 0 0 0 1 4 6 0 0 0 1 2 2 2 2 0 1 1 0 8 3 0 40 0 0 0 0 1 1 25 3 0 0 1 0 2 0 4 2 6 0 0 8 
0 0 1 0 0 0 0 0 0 1 1 2 2 1 2 2 3 0 1 2 2 0 0 0 1 1 0 1 0 0 0 1 10 13 5 13 0 0 1 0 0 1 1 2 2 1 0 0 1 0 0 1 0 0 0 1 2 2 0 3 0 0 0 2 0 2 2 1 0 0 0 2 1 0 0 0 0 0 0 1 18 47 15 16 0 0 0 2 1 1 0 0 3 0 0 3 
4 3 3 3 3 0 1 1 2 3 1 3 3 1 2 0 4 1 2 2 0 0 0 0 8 11 2 3 0 1 1 2 1 3 3 2 3 0 5 4 0 1 1 1 2 1 0 1 3 7 0 6 0 0 2 0 4 4 3 2 1 1 2 3 6 0 1 0 0 0 2 0 7 7 1 4 1 5 0 2 3 1 1 3 2 1 2 3 2 1 4 1 2 0 1 1 
1 5 0 1 1 0 0 1 3 5 16 3 1 1 0 2 4 0 3 5 5 0 1 4 2 2 0 1 1 0 0 0 2 2 7 1 2 2 1 2 1 4 1 3 3 0 0 6 2 1 0 1 0 2 0 0 1 5 9 3 0 0 0 2 0 2 2 3 0 0 0 3 3 1 0 5 0 0 0 1 5 7 7 7 5 0 1 1 3 0 0 1 5 0 0 7 
3 3 0 2 1 1 0 1 7 4 4 3 5 2 8 3 3 3 2 6 2 0 0 0 5 1 0 5 3 1 0 1 1 3 1 5 2 3 4 4 5 2 3 6 0 1 3 0 3 3 1 3 1 2 0 0 4 3 3 0 1 1 1 2 1 2 0 2 0 0 2 0 6 0 0 5 1 2 0 1 0 2 0 1 1 1 6 4 2 1 4 0 0 1 1 4 
0 1 0 3 1 0 0 2 0 1 3 1 0 0 0 0 2 0 2 1 0 1 0 2 0 1 0 4 0 0 0 0 1 1 6 0 0 0 0 0 1 0 1 1 1 0 2 4 1 0 0 0 0 0 0 0 2 3 4 4 0 0 0 1 3 0 2 1 0 1 1 3 2 1 0 47 0 0 0 0 1 6 50 5 0 0 0 0 1 2 2 3 3 1 0 7 
5 6 0 7 2 1 0 2 5 2 8 0 0 0 1 3 3 2 2 5 0 0 0 0 2 10 0 3 1 2 0 3 2 1 3 3 1 2 2 5 2 3 2 5 2 0 1 1 6 3 0 1 0 1 0 0 1 1 5 4 1 1 4 5 1 2 0 2 0 0 2 1 9 0 0 4 0 3 0 0 2 4 2 2 1 2 3 3 2 3 3 1 1 0 0 4 
1 0 0 3 2 1 0 1 1 0 7 1 0 0 0 0 1 2 0 2 0 1 0 3 1 0 1 3 0 0 0 0 3 0 7 2 0 0 0 0 2 1 1 0 0 0 0 3 0 0 1 1 0 0 0 0 1 4 10 6 0 0 0 0 1 2 0 2 0 1 1 0 9 0 1 38 1 0 0 2 7 6 35 9 0 0 0 0 2 1 0 2 1 0 0 6 
3 4 0 3 6 3 0 2 4 3 3 2 2 0 1 1 5 2 2 4 0 0 4 0 3 4 1 1 3 3 1 6 5 0 2 6 1 1 3 3 1 2 1 1 0 0 2 0 3 0 0 3 4 3 0 2 4 3 1 2 0 1 1 1 5 1 1 2 0 0 5 1 4 1 0 2 3 3 0 6 6 3 0 5 2 0 3 0 0 3 2 1 2 2 3 2 
4 5 0 1 0 1 1 4 3 0 2 1 2 1 0 2 1 1 4 0 1 1 1 3 1 2 0 5 1 0 0 2 2 1 0 0 0 0 0 2 2 0 1 2 1 0 0 2 1 3 0 3 1 3 0 1 2 1 1 7 0 0 1 0 3 1 1 1 0 0 2 5 3 1 0 30 3 1 0 3 2 6 20 6 0 1 3 3 0 1 2 2 2 0 0 11 
6 2 2 2 6 0 0 2 4 0 1 0 1 0 0 3 2 2 5 0 0 0 2 0 6 10 1 6 1 0 0 0 6 4 4 4 2 6 2 0 2 0 3 1 0 0 3 0 2 7 1 6 1 3 1 2 1 6 0 5 0 0 1 0 0 1 1 0 0 0 2 0 3 10 2 5 1 2 0 3 5 11 3 4 0 1 3 2 1 3 0 0 0 0 0 0 
1 1 0 3 1 0 0 0 1 1 2 5 1 1 0 1 1 3 1 2 0 1 0 2 2 0 1 1 1 1 0 1 3 1 4 2 0 1 1 1 5 3 0 2 1 0 0 3 2 2 1 1 0 0 0 0 3 2 4 2 0 0 0 0 1 0 1 1 0 1 1 2 8 4 0 42 2 0 0 0 1 1 21 11 0 2 1 0 0 0 2 5 0 0 3 11 
0 3 0 3 1 1 0 1 3 3 7 2 0 1 1 2 2 2 3 4 0 0 1 1 0 1 0 1 0 0 0 4 3 3 10 3 0 1 1 1 0 5 2 4 0 2 1 2 3 1 0 2 0 0 0 3 10 7 7 5 1 0 2 1 0 2 5 4 1 0 0 1 3 2 2 7 1 1 0 1 2 5 11 2 0 0 0 2 6 6 4 0 1 1 0 3 
0 0 0 0 0 0 0 0 8 0 16 3 1 1 0 2 1 0 3 0 0 0 0 0 3 4 2 13 0 0 0 1 0 0 17 2 0 2 0 0 3 1 10 0 0 0 3 1 0 2 0 1 0 0 0 0 12 11 24 14 0 2 0 0 2 4 1 2 0 0 0 2 1 0 0 1 0 0 0 0 4 0 8 2 0 0 0 0 1 1 4 0 0 0 1 3 
2 3 0 2 0 0 0 2 2 1 2 0 1 1 2 1 0 1 1 2 1 0 1 0 1 1 0 4 1 1 0 1 10 26 3 9 0 0 1 5 1 2 1 2 2 0 1 1 2 1 0 1 0 0 0 0 1 1 2 2 0 0 0 1 0 0 1 0 1 0 1 1 1 1 0 5 0 0 0 0 21 33 12 6 3 0 0 3 0 0 0 0 1 1 0 0 
2 3 3 3 5 1 1 1 3 2 2 2 1 1 3 1 3 2 4 3 2 0 0 1 3 9 2 3 1 0 3 2 7 1 2 5 2 0 3 1 0 0 1 6 3 0 1 1 1 0 2 4 2 2 2 1 1 1 0 0 2 2 2 0 0 0 1 2 0 0 0 0 4 8 0 5 2 2 0 2 14 7 4 9 1 1 2 2 0 1 1 2 1 0 1 1 
2 4 0 3 4 0 0 4 5 1 0 6 2 0 1 1 2 0 0 2 1 0 1 0 7 2 0 2 5 3 0 6 1 0 2 4 3 1 7 1 4 5 2 2 0 2 3 2 1 2 0 1 2 1 1 5 1 3 0 0 1 2 2 3 1 3 2 3 1 1 0 1 1 3 1 2 1 4 2 6 9 2 2 5 2 2 0 7 2 1 1 0 2 2 1 2 
3 4 0 3 3 2 1 2 2 1 4 2 1 2 0 0 3 2 6 4 1 0 0 1 4 3 0 4 1 4 0 2 8 5 4 4 0 2 1 1 4 2 4 0 0 0 3 1 3 1 0 5 0 1 0 3 2 6 0 4 2 2 0 2 0 0 1 1 0 0 1 2 2 2 0 0 0 1 1 4 7 9 8 6 1 4 2 2 3 1 2 3 1 0 0 1 
3 2 0 3 1 1 0 1 1 0 18 1 0 1 1 4 3 0 1 3 0 0 0 2 2 3 0 5 0 0 0 1 4 1 8 6 0 0 2 2 1 0 0 0 0 1 2 2 0 1 1 2 0 1 0 1 2 8 8 1 1 1 2 0 1 0 1 3 0 0 0 1 2 5 0 14 1 1 0 1 10 10 17 7 1 0 0 2 1 0 1 4 0 2 0 0 
2 0 1 3 2 0 0 1 3 3 7 4 4 1 2 4 2 0 0 1 1 0 3 1 3 1 3 8 2 2 0 0 1 4 4 0 0 0 0 0 3 2 4 3 0 2 0 0 0 1 1 1 1 1 0 1 5 6 7 5 1 1 0 0 2 1 3 4 0 0 0 0 5 3 0 18 1 0 0 1 1 3 17 6 0 0 0 0 2 1 4 3 1 1 1 4 
9 6 1 2 2 0 0 1 2 1 5 3 1 3 3 1 1 2 4 2 1 0 2 0 3 3 3 1 0 1 0 2 6 6 4 4 2 2 5 2 5 1 4 2 0 1 0 3 7 3 2 5 1 3 0 0 2 1 1 3 2 2 1 0 2 4 2 3 0 0 1 1 6 2 1 3 0 3 0 1 2 5 4 3 1 2 2 0 2 2 0 2 0 0 0 1 
3 2 0 1 2 1 0 1 6 3 28 4 1 0 1 1 4 0 0 1 2 0 0 0 2 2 0 0 2 0 0 3 7 4 18 5 0 0 0 1 1 0 2 2 0 0 0 0 2 3 0 1 0 0 0 0 8 2 22 4 1 0 0 1 2 0 0 2 0 0 0 0 1 2 0 3 0 0 2 1 3 3 13 3 1 0 2 2 1 1 2 2 0 0 0 0 
3 5 0 4 1 0 0 0 1 0 9 0 3 1 1 8 1 0 1 7 3 2 1 2 5 2 0 2 1 1 0 0 4 2 1 3 1 1 2 5 2 3 4 7 1 2 2 7 4 6 0 3 1 1 0 1 0 0 3 2 0 0 1 1 1 1 3 1 1 0 1 2 5 4 1 6 0 0 0 2 1 0 3 2 1 1 3 3 1 1 2 7 5 0 1 7 
5 5 0 7 0 1 0 4 5 1 1 5 2 2 1 3 5 3 4 3 0 0 0 0 0 2 0 3 0 1 1 1 1 1 1 2 0 4 5 4 2 3 0 1 0 0 2 0 4 5 0 0 1 1 1 1 4 1 1 1 0 4 3 1 1 3 1 2 0 0 2 2 5 4 0 4 2 6 1 3 10 5 2 7 2 1 2 3 1 3 0 4 0 2 2 1 
5 6 4 5 1 0 1 2 4 1 0 1 1 1 1 1 4 2 1 3 0 0 0 0 15 9 1 8 3 1 2 1 6 4 3 1 0 0 7 1 2 0 4 1 0 0 2 2 8 7 6 4 0 4 1 1 0 0 0 2 3 0 2 1 1 0 0 1 0 0 0 0 11 9 2 8 0 1 0 1 2 1 0 0 1 0 1 3 0 1 1 0 0 0 0 0 
1 0 0 2 1 1 0 0 1 2 15 6 1 1 0 2 4 3 4 2 1 1 1 3 1 1 1 6 0 2 0 1 5 4 14 3 0 0 0 0 5 0 1 1 0 1 0 1 0 2 0 4 0 0 0 1 11 7 23 10 1 0 0 0 6 3 0 1 0 0 0 0 1 3 1 2 0 0 0 0 1 0 5 1 0 0 0 0 4 1 3 2 0 3 0 5 
3 0 0 1 0 0 0 0 0 3 1 2 2 0 1 0 0 1 2 0 0 0 0 0 1 2 0 1 0 0 0 0 6 10 4 10 1 0 1 0 0 0 0 1 0 0 2 2 0 1 0 1 1 0 0 0 0 1 1 0 0 0 0 0 0 0 0 1 0 0 0 0 5 1 0 9 5 1 0 6 35 33 16 22 0 0 0 0 1 0 0 0 0 1 0 2 
0 2 0 0 1 0 0 0 0 1 3 0 0 0 0 2 0 0 1 1 0 0 0 3 0 0 0 1 0 1 0 1 12 14 2 5 0 0 0 1 1 2 0 0 1 1 0 1 0 0 0 2 1 0 0 0 0 3 3 4 0 0 0 0 1 2 1 3 0 0 0 1 6 1 1 32 0 0 0 0 8 29 25 10 0 0 0 1 2 0 0 1 0 0 0 6 
7 10 0 4 1 3 0 0 0 1 5 5 4 1 2 6 4 2 0 1 5 0 0 0 4 5 0 6 1 1 0 0 2 1 1 7 0 4 2 2 0 3 1 4 0 0 1 0 1 8 0 7 0 1 0 0 0 0 2 1 2 1 4 3 1 2 2 2 0 0 0 1 3 1 0 9 1 0 0 1 5 5 2 3 2 2 0 7 0 3 1 3 1 0 4 3 
2 4 4 5 1 0 1 3 2 2 0 0 1 0 2 1 1 0 2 0 0 0 1 0 4 11 0 9 1 2 1 3 5 2 1 3 0 2 4 0 3 0 2 1 0 0 2 0 6 9 3 5 0 2 0 4 3 1 2 1 1 0 2 1 0 1 0 2 0 0 0 0 7 8 1 16 0 3 1 1 1 4 11 3 2 0 1 1 2 0 2 2 0 2 0 1 
0 0 0 4 1 0 0 0 0 1 4 3 0 0 0 1 0 0 0 1 1 0 0 5 1 0 0 3 0 0 0 0 0 2 5 0 0 0 0 0 0 1 0 0 0 0 1 4 0 1 0 2 0 0 0 1 0 5 7 0 0 0 0 0 1 4 0 0 0 0 0 1 6 1 1 56 0 0 0 1 4 3 41 9 0 0 0 0 1 3 1 1 2 0 0 10 
1 4 1 0 1 1 1 0 1 2 1 1 0 0 2 0 0 0 0 0 0 1 1 0 3 7 0 9 1 2 0 0 2 4 2 3 0 0 2 0 2 0 0 0 0 0 1 0 2 4 5 1 1 0 0 0 1 2 3 1 0 0 0 1 0 0 0 0 0 0 0 0 0 3 1 4 6 0 0 10 50 7 5 32 0 0 1 1 1 0 1 0 0 1 0 0 
5 4 0 2 0 1 0 1 3 3 23 3 1 2 1 3 3 0 3 1 1 1 0 0 2 2 0 4 0 1 0 1 2 4 16 4 1 0 1 2 0 1 0 1 0 0 0 1 4 3 0 6 0 0 0 0 6 1 20 4 1 0 0 0 1 1 3 0 0 0 0 0 2 3 1 3 1 2 0 0 3 5 13 5 0 1 0 1 1 1 2 1 0 0 1 0 
2 1 0 2 0 0 1 2 4 1 18 3 1 0 2 3 7 1 5 4 1 0 1 0 2 3 1 1 0 2 2 0 3 4 6 3 1 2 1 0 0 2 4 1 0 1 1 0 5 1 0 2 1 1 0 1 4 5 14 1 1 0 2 1 3 1 1 2 0 0 0 1 0 3 0 3 3 0 0 1 15 5 6 5 2 1 1 1 0 1 0 0 0 2 1 4 
