200 96
11 3 1 6 3 7 1 2 9 6 57 7 4 5 4 9 12 10 13 12 9 0 2 7 9 5 0 6 3 2 1 4 20 12 35 11 2 0 7 3 3 6 9 11 5 2 3 10 7 4 0 3 3 0 0 1 17 9 45 15 2 0 3 2 10 10 4 7 2 0 5 7 19 4 2 17 13 4 3 22 150 29 48 89 10 4 3 3 6 4 6 11 9 2 1 16 
4 4 1 2 1 4 0 1 30 15 99 9 1 1 3 3 6 5 20 3 0 5 3 3 9 20 7 52 1 0 0 2 9 12 82 10 0 3 1 0 8 5 22 2 0 3 7 8 5 4 3 6 0 3 0 1 47 58 123 38 0 1 0 1 8 6 11 5 0 1 3 4 2 6 3 12 5 0 0 5 23 18 58 19 1 1 0 0 3 1 14 2 0 0 2 11 
34 33 3 24 10 7 1 12 23 6 18 13 12 12 17 19 9 8 13 25 3 1 6 2 31 24 3 29 8 4 0 6 11 7 5 29 8 15 9 19 7 15 5 6 2 1 6 6 31 9 2 20 6 5 0 9 5 4 10 8 7 9 6 16 1 4 4 12 0 0 6 7 19 17 2 45 5 3 0 5 11 14 6 16 17 16 3 23 9 8 3 13 2 5 4 6 
3 1 1 3 2 0 1 0 29 12 100 13 0 2 0 5 8 8 23 3 0 5 1 2 8 28 2 44 1 0 0 0 10 7 85 14 1 5 3 2 3 8 24 7 0 5 3 7 0 4 3 9 0 2 0 1 51 80 132 49 0 1 1 1 11 3 13 5 0 1 1 2 1 0 4 6 2 1 0 3 27 13 42 11 2 1 1 1 8 3 7 2 0 1 1 4 
0 0 0 0 0 0 0 0 3 21 9 4 0 1 0 7 3 0 5 2 0 1 2 0 2 5 2 6 0 0 0 0 75 89 30 66 0 1 1 1 0 2 4 5 0 4 1 3 0 2 1 0 0 0 0 0 5 30 12 19 0 0 1 1 3 1 0 11 0 0 1 0 0 3 2 2 0 0 0 2 112 268 83 72 0 2 1 2 0 1 4 1 0 2 0 1 
1 2 0 7 6 0 0 1 3 3 11 2 0 0 0 2 4 6 2 5 0 1 1 13 0 1 0 21 1 0 0 3 3 3 10 5 2 1 2 1 1 2 3 3 0 3 7 17 3 2 0 11 1 1 0 1 0 8 19 19 0 1 1 2 1 13 7 16 1 0 2 3 37 14 0 317 0 3 1 3 3 23 191 31 0 1 0 5 4 8 3 7 3 12 4 59 
1 2 1 8 0 0 0 1 0 5 12 4 0 0 0 1 3 5 4 3 0 2 1 10 4 1 1 10 0 0 0 0 0 1 13 4 0 0 0 3 1 3 2 1 2 4 2 17 1 2 0 11 0 0 0 0 0 17 30 12 0 0 0 0 7 10 5 18 0 4 0 3 38 6 3 310 0 1 0 0 1 22 234 33 0 1 0 8 4 14 2 8 8 3 0 52 
12 11 0 6 2 2 1 1 18 7 84 5 2 3 1 6 7 8 5 11 2 2 1 10 5 4 1 10 1 0 0 0 10 8 43 13 0 1 2 2 3 4 5 6 2 2 2 9 1 3 2 4 0 1 1 0 10 25 74 14 0 0 0 0 8 8 8 12 1 2 0 1 26 11 4 160 2 0 0 3 13 13 141 31 6 1 1 1 8 7 11 5 1 5 2 33 
3 7 1 4 5 4 0 7 20 16 45 17 5 3 3 7 15 6 24 13 0 1 3 4 11 21 4 27 7 6 0 5 19 12 45 12 2 2 5 4 4 6 19 13 1 1 5 16 4 4 2 6 1 3 0 2 43 41 52 35 1 2 5 5 16 7 10 7 0 1 0 5 9 5 1 10 7 1 0 16 72 25 36 43 3 2 0 8 7 6 12 8 3 3 2 9 
8 6 2 4 7 8 0 10 13 13 22 6 4 5 10 9 12 4 22 15 0 3 2 3 6 3 1 8 4 7 0 2 47 31 8 27 3 3 5 13 9 8 7 14 2 2 3 6 7 5 3 3 4 4 1 4 6 18 16 18 1 4 3 3 12 3 12 10 0 0 8 3 7 6 3 16 9 4 0 17 103 78 34 94 3 7 5 6 11 7 6 8 8 3 5 5 
7 22 4 12 11 6 0 6 19 7 31 9 5 6 6 6 8 9 6 12 1 0 3 2 11 15 1 9 4 3 0 6 11 7 16 23 7 15 4 11 2 5 10 10 0 0 7 5 9 6 0 11 1 4 1 1 10 3 20 11 4 5 3 9 4 6 5 4 2 0 7 4 14 13 3 11 20 12 2 35 174 36 32 84 7 3 6 9 4 6 0 7 0 1 4 7 
28 11 6 10 10 6 0 1 9 8 10 5 10 2 12 12 22 12 16 26 27 0 4 17 23 42 1 22 4 5 1 2 9 7 12 10 7 11 12 11 16 9 12 22 10 6 9 40 17 17 8 15 2 7 2 2 7 8 3 10 2 2 7 3 11 6 7 11 3 0 2 9 23 26 1 29 0 4 4 4 3 12 3 9 16 3 13 8 6 7 8 19 30 5 5 34 
15 9 0 8 9 1 0 8 29 14 155 10 7 3 3 10 10 4 10 18 3 1 5 3 9 7 2 10 5 2 1 4 22 21 65 18 1 5 3 5 5 7 4 7 2 1 3 6 12 5 0 11 1 2 0 5 15 18 77 14 2 1 6 2 9 4 7 7 1 3 3 2 9 14 1 17 6 7 0 12 12 18 67 17 7 0 2 5 8 7 7 4 5 1 6 11 
22 10 0 10 15 7 3 18 17 10 22 13 3 9 3 9 11 11 15 7 11 3 8 8 15 13 4 21 8 2 1 18 8 11 22 18 5 7 6 8 13 8 18 12 7 3 12 18 10 7 2 7 11 5 1 11 22 19 42 22 6 3 9 6 6 10 7 12 4 2 14 11 13 10 0 14 10 17 1 20 5 16 16 10 8 11 6 9 14 9 10 7 8 7 9 18 
10 9 1 3 10 7 4 10 27 12 99 17 6 4 4 9 24 9 20 17 3 2 6 4 8 7 2 7 4 3 3 5 12 12 58 24 2 6 5 4 5 6 6 14 0 3 5 2 11 8 5 7 3 5 1 8 22 30 57 25 4 2 2 5 9 13 11 19 1 0 2 1 7 12 3 19 0 3 3 3 16 29 39 12 5 4 4 8 16 15 4 9 3 0 5 10 
4 7 0 8 2 4 0 0 19 17 95 9 1 1 5 7 6 3 7 5 0 1 1 2 3 5 0 4 0 0 0 0 44 39 67 37 1 2 1 2 1 1 2 6 1 0 0 2 7 3 0 1 0 1 0 0 11 27 54 17 0 1 0 3 6 4 3 11 0 0 0 1 12 9 1 13 3 4 0 4 68 137 101 43 5 3 1 2 5 4 4 4 0 3 0 2 
22 27 2 19 9 5 1 6 13 7 25 11 11 12 14 23 21 9 6 17 4 4 7 3 17 20 1 27 6 9 2 7 4 6 9 15 10 11 16 22 13 7 9 10 3 0 3 15 17 13 0 15 6 2 0 7 1 3 8 6 4 10 9 12 4 9 3 8 3 0 4 4 28 12 4 25 12 5 0 10 58 15 9 45 15 8 6 18 5 6 3 12 8 6 6 16 
17 17 4 16 25 13 3 18 9 14 5 10 5 6 9 11 15 12 20 19 1 0 6 5 18 22 6 15 15 20 2 16 19 16 8 23 9 16 13 12 7 8 3 6 4 5 12 3 12 12 5 18 6 3 2 15 18 15 3 13 3 3 9 5 3 19 4 6 2 3 23 7 15 15 2 16 12 20 5 27 9 13 0 12 7 10 7 11 9 13 4 12 0 5 17 12 
0 1 1 8 1 0 0 0 2 8 11 4 0 1 1 3 6 6 5 2 0 2 3 9 0 1 0 10 0 1 0 0 30 32 18 36 0 0 1 4 1 0 1 4 3 1 2 11 6 1 0 10 0 1 0 0 0 21 18 21 0 1 0 1 6 6 2 7 0 0 1 1 19 5 1 174 1 1 0 4 47 141 142 61 0 1 0 6 7 0 6 3 4 3 3 38 
11 9 1 12 8 2 0 6 9 5 36 9 10 4 10 24 16 13 15 19 29 0 2 14 13 5 1 14 3 3 1 7 10 9 24 13 5 5 4 10 11 12 12 26 14 1 7 42 13 8 0 9 2 1 0 4 8 10 23 14 2 4 3 2 11 9 8 9 4 0 5 15 17 4 2 37 5 2 0 6 7 10 15 14 19 1 9 16 8 12 8 26 36 6 12 48 
44 33 2 22 6 4 2 6 11 6 15 11 11 6 8 21 7 3 5 9 3 0 6 2 34 44 3 33 7 5 1 7 17 7 9 20 10 17 22 15 9 6 8 5 1 2 9 6 32 13 11 29 7 4 1 8 7 3 16 15 7 4 7 8 7 6 10 8 1 1 2 3 29 32 7 50 4 7 0 4 11 6 16 11 8 15 4 14 1 1 1 10 2 3 2 12 
3 1 0 0 2 0 0 0 5 4 9 4 3 1 1 11 12 1 7 10 8 0 4 5 3 3 1 3 0 0 0 2 21 3 5 11 1 1 0 5 8 5 4 10 4 0 6 15 4 3 1 1 1 2 0 2 4 5 5 4 1 2 3 2 2 2 3 3 3 0 2 8 24 9 1 18 26 0 1 48 311 39 31 154 6 0 2 5 2 6 4 8 17 7 3 13 
13 4 1 11 8 4 1 7 19 6 17 11 9 6 9 11 29 16 16 19 19 5 4 13 5 1 6 8 9 3 0 4 16 18 16 15 6 7 12 7 19 8 19 12 4 3 4 23 11 10 1 12 3 4 1 4 10 20 10 19 0 4 6 4 12 11 14 19 3 0 8 14 22 12 5 21 3 2 0 9 12 18 10 15 16 3 11 13 21 14 15 25 23 7 5 35 
14 7 1 8 10 4 3 6 12 3 14 10 1 0 3 3 6 7 17 16 1 2 3 11 6 3 4 16 4 3 1 4 11 13 14 9 4 5 3 7 6 6 9 13 2 0 3 22 8 7 1 7 5 5 0 8 10 15 18 13 2 0 2 3 13 11 8 11 1 1 3 0 20 9 3 181 2 8 2 2 12 24 123 33 2 6 2 4 6 10 7 14 3 6 3 36 
11 20 2 10 8 9 3 13 15 13 23 14 12 8 11 15 26 7 27 28 5 1 7 3 16 16 1 12 5 2 0 9 19 11 7 17 8 6 9 13 9 15 14 16 3 3 5 9 15 11 1 15 5 1 0 6 13 11 11 27 9 5 8 11 12 8 9 11 0 0 6 7 23 15 2 26 4 2 1 10 39 23 12 12 12 5 7 15 14 11 10 22 5 2 1 9 
22 26 9 17 4 2 1 4 11 8 5 7 6 2 1 4 10 7 9 10 7 4 5 7 32 39 8 37 5 5 7 2 12 8 10 9 11 10 20 17 6 2 10 10 1 3 2 11 25 29 8 23 3 8 4 4 10 8 8 14 3 6 12 2 9 2 2 8 0 0 1 0 23 28 8 96 2 5 3 3 3 10 62 25 4 2 4 8 6 5 3 8 4 2 7 25 
19 16 2 18 17 9 6 17 12 18 12 13 8 4 4 3 13 13 13 3 2 5 10 5 19 14 5 21 19 4 4 13 10 9 14 16 5 5 11 15 7 16 10 4 1 2 5 11 9 7 0 12 2 8 1 11 23 6 11 10 2 8 1 11 5 10 4 11 3 1 13 3 18 19 3 69 16 7 2 25 10 15 47 14 5 5 5 10 8 11 13 17 9 0 3 15 
9 15 1 7 17 5 2 20 22 12 15 16 11 5 10 10 31 11 26 30 1 0 4 8 12 10 5 12 13 6 5 11 20 15 10 23 9 6 15 11 12 11 8 14 3 5 5 18 12 13 4 9 5 5 0 8 22 11 15 14 9 2 10 7 8 12 17 16 2 3 3 4 13 11 2 17 9 11 2 14 7 25 6 9 7 7 3 10 13 10 12 18 8 4 10 14 
14 4 1 3 6 0 0 4 10 7 37 7 11 2 7 13 17 9 13 20 18 6 1 14 13 6 2 10 0 2 0 0 20 30 26 21 4 6 4 0 11 9 11 19 21 4 17 31 8 10 0 8 0 3 0 0 9 24 33 12 0 4 0 1 11 6 3 9 3 0 3 11 15 4 0 15 4 2 0 3 22 59 38 23 20 1 10 13 5 6 9 22 28 6 5 41 
12 8 3 6 6 6 2 9 20 7 39 15 7 3 4 10 18 5 12 14 7 5 4 5 7 11 4 32 4 9 2 6 11 9 45 13 1 12 2 5 10 7 24 9 2 5 7 16 5 4 2 7 4 8 0 5 35 30 74 31 3 5 4 5 17 13 11 9 1 0 3 9 5 9 1 34 1 2 0 8 14 5 38 10 9 5 7 9 9 9 18 11 5 3 2 21 
1 1 1 2 0 0 2 0 7 5 19 3 0 0 2 1 1 1 2 1 0 0 0 0 2 0 1 3 0 0 0 0 15 9 14 11 0 1 1 0 2 1 4 2 0 0 1 3 2 1 0 2 0 0 0 0 11 9 6 12 0 0 1 0 2 0 0 2 0 0 0 0 6 4 2 17 47 0 0 62 342 90 60 194 0 0 0 1 1 2 2 0 1 0 1 1 
19 17 4 20 18 12 2 18 13 14 12 21 7 7 8 7 11 7 8 17 1 1 8 6 21 18 3 16 18 10 3 21 7 9 3 17 9 13 20 15 5 14 9 10 0 4 10 6 12 14 2 11 16 8 2 17 14 10 5 8 5 5 8 7 8 7 6 5 4 5 22 6 14 20 6 28 10 17 3 33 4 11 5 6 6 8 13 15 14 9 6 10 7 5 7 17 
10 4 1 10 1 2 2 2 12 9 85 8 2 0 4 8 12 3 6 4 0 2 6 7 4 2 0 10 0 0 0 0 12 14 65 12 0 2 1 1 3 6 6 4 2 2 0 14 12 5 0 8 2 2 0 2 24 21 69 11 0 2 1 2 12 13 6 8 0 1 0 4 17 4 2 143 1 0 0 0 6 28 131 20 3 4 0 3 17 5 7 8 3 6 5 22 
25 28 1 23 6 5 0 6 19 5 27 23 10 3 12 19 11 2 6 29 8 1 8 8 25 13 0 15 6 6 0 5 4 5 11 35 8 15 13 16 10 9 9 11 3 3 5 13 13 21 2 22 4 2 0 6 1 5 21 5 4 8 10 19 7 3 5 12 1 1 6 7 23 13 0 36 4 2 1 11 28 6 18 23 9 10 11 31 6 10 4 17 5 2 6 14 
4 3 2 4 1 0 1 1 3 11 11 7 3 1 1 5 1 1 0 2 0 0 1 2 2 10 0 4 0 0 1 2 44 82 23 59 0 2 2 3 0 1 2 4 2 2 1 5 4 1 1 4 2 0 0 0 1 20 15 14 0 0 1 5 3 2 1 13 0 2 0 0 11 9 1 47 0 4 1 5 91 204 113 66 4 1 0 3 7 1 4 4 1 5 2 11 
19 36 0 28 7 5 2 17 17 8 11 16 10 11 9 25 25 10 13 19 4 0 8 6 35 12 5 26 4 6 1 10 13 10 16 17 9 15 17 12 9 11 11 8 6 4 5 6 11 12 4 18 6 1 0 4 8 6 5 9 6 3 5 13 6 8 6 15 0 0 4 8 21 19 3 37 3 8 1 10 7 11 14 13 16 11 3 26 9 13 6 12 3 4 9 9 
4 3 0 6 2 2 1 7 21 14 83 18 0 3 1 7 7 8 10 1 0 1 0 3 13 22 7 36 1 1 0 0 10 10 84 12 1 0 0 4 5 4 17 3 0 1 6 12 4 5 2 12 0 3 0 3 58 68 122 52 1 0 1 4 12 5 14 5 0 0 1 3 2 4 2 21 1 5 0 1 11 19 52 10 0 0 0 2 10 4 8 5 0 2 3 12 
20 19 14 18 10 4 1 5 12 11 22 13 2 3 8 6 6 6 15 3 0 0 2 2 38 49 4 53 7 8 5 10 21 20 23 27 8 14 21 10 7 2 10 5 0 2 3 3 28 22 15 24 7 11 6 2 21 32 25 18 2 8 9 3 9 3 8 0 0 0 2 1 24 47 7 19 0 13 2 1 5 13 13 11 6 3 7 5 0 1 7 4 0 0 1 3 
14 6 4 3 9 4 1 11 15 8 22 27 5 5 7 7 17 8 23 18 3 1 0 0 11 16 6 29 5 5 1 7 19 11 31 17 2 8 7 10 15 7 15 20 0 3 6 9 9 9 3 7 6 3 1 2 31 31 39 17 2 5 1 5 10 8 9 8 1 1 7 5 15 15 6 16 6 11 0 18 46 28 19 41 5 8 3 4 10 7 13 12 6 0 3 10 
16 18 3 21 3 1 1 5 6 7 82 18 10 2 3 17 10 13 8 12 3 1 3 6 14 8 1 12 5 1 0 1 15 11 51 12 2 4 2 9 8 1 8 7 0 2 2 5 13 6 0 11 0 2 0 4 16 9 59 12 1 1 4 7 9 5 4 14 1 0 4 1 34 16 2 68 1 2 0 6 33 14 92 33 7 3 1 9 5 4 6 5 4 0 2 20 
2 4 0 2 2 2 0 3 27 15 99 19 0 6 2 9 7 3 19 6 0 1 2 1 16 16 6 49 1 1 0 1 8 13 90 19 2 2 1 1 7 7 24 3 0 2 9 9 3 5 4 7 0 1 0 3 62 66 109 50 0 2 2 3 15 7 13 6 0 0 0 5 1 3 3 7 0 0 0 0 14 13 33 6 1 1 0 1 6 5 8 4 4 0 3 6 
12 10 2 17 10 6 1 13 11 6 13 16 8 10 7 5 34 7 17 20 4 2 4 6 10 9 1 11 7 8 1 12 12 18 17 15 5 5 5 8 7 7 13 13 4 7 8 13 14 7 2 9 2 5 0 6 20 6 14 16 5 4 8 3 7 5 13 13 2 4 4 5 24 15 0 84 9 6 3 8 9 24 44 13 6 4 3 8 12 8 9 19 14 5 8 34 
5 4 3 4 1 2 0 4 37 10 85 12 0 4 1 11 10 3 19 3 0 0 1 1 16 26 8 51 1 0 2 1 12 13 72 8 1 2 2 1 9 3 16 3 1 4 8 12 7 14 4 11 0 3 0 3 54 67 123 49 1 4 1 3 8 11 14 3 0 2 1 5 7 9 2 14 1 1 0 0 6 10 41 2 0 0 1 0 2 5 4 5 1 3 2 4 
7 9 1 7 4 2 1 2 11 4 35 13 7 1 5 9 23 11 19 20 27 11 2 6 11 2 0 12 1 3 0 5 19 9 20 17 9 5 2 6 4 9 9 24 17 6 10 50 11 6 0 11 1 4 0 5 13 8 13 16 2 1 2 3 11 10 12 19 9 0 4 12 18 7 0 32 1 0 0 9 13 25 17 4 18 1 8 10 15 17 12 29 35 6 7 56 
3 4 0 10 0 2 0 2 11 7 27 12 1 0 2 2 11 6 11 5 1 3 2 10 7 9 3 23 1 1 0 1 8 4 36 6 2 1 2 5 3 2 10 1 2 3 5 13 3 4 2 7 0 1 0 0 18 26 52 25 1 3 2 1 6 13 2 7 0 1 0 4 24 4 3 153 3 0 0 9 48 25 137 63 1 0 0 3 4 6 7 6 5 5 0 36 
2 1 0 6 0 0 0 1 0 4 12 6 0 0 1 4 7 4 3 3 0 5 0 20 3 0 0 12 1 0 0 0 3 5 10 8 1 1 0 1 2 2 2 3 2 3 5 18 2 3 1 11 0 1 0 0 1 19 29 9 0 0 0 1 4 10 9 9 0 1 0 3 36 6 4 274 1 0 0 0 6 21 209 40 1 2 0 6 1 6 10 13 9 10 4 67 
3 3 0 0 1 1 0 2 8 8 25 12 3 2 1 11 12 4 3 13 9 2 1 7 6 4 2 14 0 1 0 0 16 6 19 10 2 1 3 1 3 6 15 14 6 3 2 22 4 6 0 4 0 1 0 1 16 10 25 24 0 0 1 0 10 11 6 3 2 1 0 7 15 5 0 22 24 1 1 33 207 36 36 116 7 2 1 2 5 6 5 11 17 4 7 18 
32 24 14 15 18 6 2 10 12 7 3 8 9 2 10 9 19 3 13 8 0 4 5 5 39 31 5 28 11 17 5 12 15 13 6 17 7 13 21 12 8 9 8 6 1 1 6 5 20 22 11 23 9 9 0 8 7 5 5 10 3 8 7 6 8 6 3 4 3 1 7 5 23 38 6 48 4 10 1 16 13 15 14 16 4 4 6 13 4 4 4 6 3 8 6 10 
18 26 17 23 9 7 4 7 12 6 3 4 4 6 8 2 11 3 9 1 0 0 1 0 40 51 5 48 13 7 5 5 16 18 8 30 8 16 35 13 5 5 7 3 0 3 2 2 31 31 15 28 10 10 9 12 13 11 3 10 8 4 7 1 4 3 4 2 1 0 4 2 27 47 11 38 5 8 4 6 24 14 14 21 7 2 6 3 2 1 1 4 0 3 2 1 
29 15 3 16 12 2 2 8 11 9 8 14 10 5 14 14 24 7 15 18 11 2 3 2 24 29 6 28 8 10 2 9 18 11 7 19 8 9 20 7 9 12 8 11 6 6 8 10 24 28 9 26 4 9 1 3 13 13 14 14 7 3 8 8 6 3 9 10 5 0 8 5 28 34 5 29 0 5 2 4 2 8 6 9 10 3 8 8 5 9 11 16 8 5 7 9 
13 10 0 10 2 2 0 4 19 13 48 18 6 6 4 9 8 7 17 10 5 4 1 12 21 19 10 39 2 2 0 3 15 10 49 12 4 5 5 9 8 8 23 9 11 3 3 8 10 6 2 12 2 2 0 1 27 40 76 33 3 4 4 8 12 11 7 5 0 0 5 13 8 12 1 15 2 3 0 3 16 18 22 14 11 7 5 16 6 4 8 10 13 1 3 13 
12 9 0 12 14 6 2 9 8 7 7 15 4 2 5 5 11 8 9 10 1 3 5 6 11 7 1 10 9 5 1 12 32 29 11 39 2 7 7 8 6 7 3 7 0 6 5 10 3 6 1 4 2 6 0 12 13 11 2 9 4 7 1 8 4 6 6 4 2 2 10 4 14 13 1 14 17 14 2 21 119 92 34 56 6 5 2 5 8 8 5 10 5 8 3 6 
0 0 0 1 0 0 0 1 1 20 1 8 1 0 2 5 2 1 0 0 1 0 0 0 4 0 0 5 0 0 1 0 66 88 20 77 0 0 1 0 0 0 0 5 1 1 1 2 0 0 0 1 0 0 0 1 0 13 3 12 0 0 0 0 1 0 1 6 0 0 2 0 1 5 1 14 0 1 0 0 133 283 101 78 3 1 2 7 1 4 1 2 0 1 2 3 
19 24 14 20 5 5 1 2 23 11 29 6 1 1 5 4 9 3 10 3 0 3 1 2 37 45 9 46 7 3 3 9 19 9 43 12 7 10 17 10 9 1 22 4 0 0 3 2 22 34 20 16 3 5 4 5 26 30 37 18 0 5 10 2 7 2 9 2 0 0 0 1 31 47 8 30 3 9 2 9 7 4 13 11 3 4 4 3 5 6 7 4 0 1 1 2 
3 3 1 7 4 1 1 4 5 3 12 4 2 0 2 4 4 9 8 7 1 5 4 8 5 4 1 14 2 5 2 3 11 17 15 10 0 0 2 7 2 5 2 3 3 4 6 4 3 1 1 7 0 1 1 1 1 10 24 17 2 1 1 1 4 8 4 8 0 0 3 3 31 10 4 225 2 1 0 8 23 39 189 43 0 0 0 4 3 6 8 11 2 6 4 50 
13 10 3 13 15 10 2 17 23 11 18 14 9 10 13 6 33 15 24 30 3 3 5 4 14 6 1 9 12 6 2 6 23 19 15 24 6 6 10 12 12 15 23 18 3 3 9 17 15 9 4 7 5 5 1 8 18 14 10 14 8 2 7 8 11 11 15 15 1 0 2 3 14 4 5 17 4 10 3 11 13 22 3 11 10 0 6 6 18 11 16 14 5 5 10 14 
25 26 2 18 17 11 5 13 13 10 16 10 12 8 5 16 19 7 13 21 3 3 6 8 18 17 1 12 12 10 4 12 7 6 9 14 6 19 11 17 7 12 7 9 4 4 9 9 16 5 2 11 3 3 0 13 5 3 13 12 2 6 6 11 5 7 6 10 4 4 12 13 17 19 3 45 7 11 1 19 1 14 30 17 11 7 8 25 4 10 7 13 11 5 6 14 
12 2 3 7 10 1 0 3 10 8 14 8 6 6 8 15 23 11 17 25 30 5 2 24 11 4 1 10 3 0 0 3 11 5 14 13 6 4 5 6 16 8 17 25 16 9 16 60 14 18 0 9 0 5 0 11 6 8 9 11 6 1 1 2 8 6 11 8 2 1 3 17 10 6 0 31 1 1 0 8 9 6 9 20 19 6 11 13 11 16 9 33 39 6 8 58 
11 7 0 10 7 1 0 3 8 6 13 7 10 2 7 19 23 9 19 15 32 4 5 14 11 1 0 7 2 2 0 5 8 18 6 18 1 3 4 4 18 10 20 28 20 5 12 50 15 12 0 7 1 2 0 2 5 8 11 8 1 4 1 3 7 8 7 10 7 0 2 22 18 2 0 24 4 1 0 4 16 31 15 10 27 1 12 15 13 19 8 31 50 11 5 55 
9 1 0 2 3 2 0 3 10 2 3 2 7 2 1 5 9 2 9 10 18 2 1 9 7 1 0 3 0 0 0 1 14 4 9 13 2 2 0 3 7 4 9 12 9 3 6 32 3 4 0 4 0 3 1 4 11 2 2 5 0 0 1 0 2 1 2 5 2 1 1 6 26 6 1 14 21 0 1 39 257 68 30 134 2 0 5 7 8 3 6 12 17 1 3 26 
6 2 0 0 1 1 0 2 18 26 89 17 0 2 1 8 8 7 18 4 3 3 1 2 9 15 6 43 0 0 0 0 14 20 76 15 0 4 3 3 5 5 15 7 1 3 6 7 2 3 2 5 0 4 0 0 57 68 104 38 2 4 3 2 15 8 5 5 1 0 0 3 7 8 2 8 0 0 0 1 20 31 49 13 2 1 2 0 8 6 5 10 2 3 3 12 
16 5 0 4 3 1 0 3 17 3 8 4 9 3 2 15 16 6 12 8 12 1 6 9 6 5 0 8 0 2 0 2 17 7 10 9 7 4 4 5 7 4 7 16 9 5 5 36 9 6 0 8 2 3 0 3 2 3 12 7 2 5 3 3 6 5 5 8 7 1 1 4 18 6 1 24 17 0 0 33 163 33 24 113 12 1 11 12 3 10 6 21 21 3 0 25 
1 3 0 4 0 0 0 1 10 14 46 10 1 4 0 4 3 2 8 2 0 2 0 7 3 13 3 29 0 0 0 0 13 18 35 20 1 0 2 3 3 2 12 3 1 0 6 20 0 5 0 9 0 1 0 2 19 37 55 19 1 0 0 1 3 4 5 8 0 1 0 6 15 6 4 109 6 1 1 7 66 52 119 54 2 1 1 3 6 5 12 8 2 7 0 28 
2 3 0 1 1 0 0 0 2 14 2 4 0 0 1 2 4 0 0 2 0 0 0 2 1 0 0 1 1 1 1 0 66 69 15 54 1 1 1 2 2 2 3 7 0 0 0 1 1 0 0 0 0 0 0 1 4 10 1 8 0 0 2 2 0 1 0 3 0 0 1 1 5 7 4 8 12 3 3 14 207 207 79 127 0 0 2 5 2 2 1 3 1 0 1 3 
21 15 8 10 7 8 5 2 16 11 21 11 7 5 10 12 23 8 17 11 1 1 4 5 27 16 1 15 7 12 5 4 25 14 15 20 8 5 15 8 11 11 13 14 1 4 6 12 11 13 4 16 2 5 4 9 21 22 9 22 7 4 10 3 10 2 10 12 1 0 3 3 24 22 5 27 4 8 0 10 52 15 8 26 10 4 9 5 13 8 8 7 4 8 3 9 
34 25 13 18 8 3 2 7 7 10 20 7 7 2 7 3 7 3 14 2 0 0 1 2 36 52 4 37 10 10 8 4 15 16 25 12 10 7 24 8 5 1 12 2 0 1 4 5 23 36 13 22 6 9 3 7 22 16 30 13 1 3 13 3 6 4 4 4 0 0 1 0 29 37 4 64 2 5 2 7 3 14 37 12 0 0 2 4 7 1 3 4 1 1 4 8 
15 17 5 13 9 8 0 3 15 11 18 13 6 0 12 6 21 9 14 15 10 0 3 7 26 23 7 22 7 2 8 3 11 27 16 20 7 5 21 7 9 7 15 17 5 6 8 20 13 15 5 11 3 5 1 7 13 14 19 21 6 3 6 2 13 6 7 14 2 0 4 1 19 19 8 27 2 4 1 9 11 40 16 9 8 8 11 5 8 13 6 17 15 5 4 15 
6 10 3 17 12 9 4 11 18 8 22 10 9 10 3 6 10 5 13 18 0 1 6 8 9 15 3 22 7 10 2 15 15 9 15 10 5 8 9 17 5 11 14 10 3 1 3 6 7 9 1 10 10 4 0 12 24 17 24 11 7 7 7 6 6 5 5 3 0 4 10 8 9 16 1 15 21 13 2 28 67 33 18 60 5 2 6 12 11 9 5 8 3 2 3 11 
11 4 0 4 3 1 0 0 9 2 8 9 8 2 6 6 16 5 13 10 21 2 3 5 8 5 0 4 3 0 0 3 15 4 8 6 3 2 7 6 8 6 10 19 10 4 5 32 5 6 0 6 2 2 0 1 8 4 4 10 2 1 1 0 8 7 5 8 2 0 4 13 19 6 1 32 14 3 1 35 183 25 21 108 10 1 9 8 10 6 4 17 24 8 6 34 
28 28 1 17 11 8 1 16 11 11 15 15 13 8 9 15 19 8 10 25 5 1 1 4 22 22 0 25 5 8 1 20 12 13 9 23 10 12 9 21 6 11 6 9 3 7 7 4 18 9 1 13 8 5 0 12 9 10 9 13 11 3 11 14 8 6 8 10 4 4 8 7 24 15 3 25 9 8 0 17 12 27 6 16 7 8 3 25 4 8 0 12 3 4 12 6 
11 13 1 16 5 4 1 3 10 6 44 7 5 4 3 11 11 7 7 13 3 4 2 7 11 5 1 22 1 2 2 4 7 6 22 9 5 5 5 9 4 4 7 4 7 2 8 12 11 11 1 17 0 0 0 4 5 15 22 16 2 3 3 8 7 7 5 14 2 1 6 4 25 11 1 141 0 2 0 1 12 14 133 23 12 5 1 9 5 8 10 7 7 3 4 40 
2 1 0 4 2 0 0 1 24 12 82 14 0 2 0 7 8 6 19 2 0 2 2 2 7 24 10 51 0 0 0 0 6 12 108 9 0 0 0 0 7 5 29 2 0 3 7 10 1 2 5 9 0 3 0 1 67 83 112 47 0 3 0 1 10 5 10 3 0 1 1 6 5 4 1 12 3 0 0 4 21 11 38 10 0 1 0 0 5 3 14 6 0 2 2 6 
34 25 14 30 10 2 4 4 15 8 5 2 2 5 11 5 9 2 7 9 1 0 1 0 38 55 8 39 11 7 4 8 28 11 5 23 6 7 27 8 2 3 6 10 0 2 5 1 41 42 21 34 9 13 4 8 7 7 2 10 6 2 14 8 4 2 4 1 0 1 2 0 32 40 10 31 3 14 2 5 20 23 8 17 4 3 6 8 0 3 4 1 0 2 3 0 
4 6 3 7 2 2 0 1 20 13 123 11 1 0 2 5 12 7 8 13 1 2 3 7 5 5 1 6 2 0 1 0 22 14 76 13 1 2 3 1 5 3 11 8 0 2 2 2 3 6 0 4 1 1 0 0 18 28 91 12 0 1 1 0 11 8 5 10 0 0 0 1 14 9 0 66 4 1 0 6 35 23 113 27 1 0 0 5 8 7 4 8 6 3 3 18 
8 5 1 9 7 1 0 2 8 3 8 5 8 3 8 5 9 1 8 15 8 3 3 7 14 9 0 16 4 4 1 2 12 5 9 9 3 7 11 8 6 6 10 9 5 1 7 18 4 6 1 13 0 3 0 2 4 10 19 9 4 2 3 3 8 10 5 10 2 0 4 6 28 10 2 188 2 1 1 6 29 15 126 32 13 0 4 2 14 6 9 17 13 1 3 39 
28 20 15 20 9 8 3 5 10 7 2 3 4 4 5 5 9 3 10 6 1 0 3 4 25 52 13 29 15 9 6 6 18 14 8 8 8 9 20 10 8 3 13 9 0 2 7 7 29 32 15 17 4 5 7 3 5 7 14 11 4 3 13 5 5 0 4 7 1 0 2 1 34 41 9 70 4 7 2 10 24 11 22 29 4 4 8 5 7 7 3 5 3 2 5 7 
4 5 0 4 4 1 0 0 23 23 107 12 1 4 1 3 6 9 28 5 0 1 2 2 7 25 11 42 0 0 0 0 15 12 93 10 0 5 1 0 6 6 27 3 0 1 5 9 3 3 0 9 0 1 1 1 64 74 125 44 1 1 0 4 10 4 14 4 0 3 2 1 2 5 4 4 0 0 0 0 9 9 30 4 0 0 0 2 6 4 9 2 0 3 3 12 
1 1 1 0 1 0 0 0 4 3 2 7 0 0 0 0 0 1 0 3 0 1 1 0 2 0 0 0 0 0 0 0 12 2 8 12 0 2 2 2 0 0 1 1 0 0 0 0 1 0 0 0 0 0 0 2 9 1 1 3 0 0 1 0 0 0 0 1 0 0 0 0 17 16 1 10 40 0 4 81 383 86 42 228 0 0 0 1 0 0 0 1 0 1 0 0 
11 6 4 4 6 2 1 1 12 14 44 8 3 1 2 3 8 4 8 2 1 1 1 2 15 21 7 31 7 5 2 4 40 41 39 42 2 5 12 1 8 2 13 4 0 0 2 4 17 15 5 13 1 6 3 1 28 26 43 31 4 4 4 3 6 2 5 6 2 1 3 2 7 18 5 14 1 5 1 3 48 89 47 33 5 2 5 4 9 2 5 4 0 0 1 5 
12 7 2 9 10 8 3 8 23 9 55 8 3 7 3 5 7 8 25 9 0 2 2 6 14 17 5 48 5 4 2 9 9 16 66 10 7 6 4 4 8 4 21 4 0 1 8 7 3 7 1 12 4 7 2 8 46 50 101 43 1 2 2 5 13 7 8 8 4 4 6 5 5 6 3 8 5 4 1 10 7 6 28 6 1 3 4 5 9 4 7 4 1 5 4 5 
11 12 4 7 6 7 2 15 7 9 10 12 10 14 4 4 18 14 16 15 6 4 1 6 11 2 3 17 8 5 0 16 15 7 15 17 6 10 10 15 8 6 10 12 4 5 6 18 5 11 1 7 5 7 3 3 19 16 17 16 4 12 3 3 4 6 11 16 0 2 6 3 21 11 0 96 9 3 1 10 19 19 59 22 7 6 5 6 9 12 8 14 5 7 7 24 
11 9 0 7 7 0 1 4 20 12 59 11 3 3 8 17 18 9 19 21 21 3 5 18 7 6 3 15 2 2 1 4 18 10 40 10 5 2 4 10 10 12 13 11 13 3 7 26 7 10 0 4 0 2 0 3 20 17 42 8 4 3 3 3 9 6 4 11 5 0 5 6 13 7 3 19 3 1 0 8 29 18 27 10 12 4 9 7 22 8 11 26 23 6 4 38 
30 18 12 22 13 3 2 6 8 15 8 3 6 1 9 2 7 5 9 9 1 0 3 2 30 47 8 30 6 7 3 6 36 40 18 30 4 10 21 8 9 1 9 6 1 0 3 5 26 20 9 17 3 8 3 3 6 14 11 8 7 4 7 3 1 5 6 2 0 0 0 1 17 33 5 26 4 7 3 6 42 71 25 33 6 3 5 4 1 4 2 0 0 2 3 2 
18 15 2 22 5 2 0 2 6 8 8 8 4 6 7 14 9 5 8 13 2 1 7 8 16 7 2 25 1 5 0 3 5 5 10 18 6 5 5 11 5 4 1 10 5 2 6 17 13 7 0 19 4 2 0 3 0 7 13 5 6 7 5 8 9 7 4 9 1 0 3 5 30 13 4 143 6 1 0 11 36 19 93 53 6 7 7 11 5 11 2 6 5 6 4 30 
19 13 3 13 5 1 0 3 9 4 13 12 13 6 10 11 21 7 7 14 19 6 5 22 9 19 1 18 2 3 0 6 13 5 11 10 4 7 12 9 9 8 7 20 16 5 10 31 10 18 0 14 3 4 0 4 5 7 17 9 6 2 3 5 9 7 13 8 3 0 3 12 24 16 0 98 2 6 0 7 1 12 30 18 19 2 10 17 8 7 4 14 24 6 3 39 
6 1 2 6 5 1 0 3 18 11 40 22 4 7 6 5 9 3 16 9 2 0 3 4 11 12 5 28 2 8 2 3 16 4 49 15 4 7 8 1 7 4 13 9 1 6 5 7 7 12 3 6 3 2 0 3 29 33 52 29 0 3 4 5 3 5 7 5 1 3 3 0 9 6 6 23 10 2 0 19 118 19 31 85 5 3 3 0 5 4 9 7 1 3 0 4 
12 10 1 11 22 5 1 13 22 9 27 16 8 6 12 13 31 12 24 24 1 0 6 4 16 11 7 18 5 6 1 5 20 15 16 21 4 6 11 9 7 7 16 22 3 5 9 6 8 12 2 10 4 4 2 9 32 22 18 21 5 4 7 13 15 10 14 11 2 0 4 4 15 8 1 9 5 14 2 10 10 17 19 13 8 7 2 15 11 14 15 8 3 4 8 13 
1 7 0 7 1 0 0 2 4 20 28 8 0 4 5 10 4 3 8 4 0 0 0 3 7 11 3 20 1 1 1 1 50 54 37 52 1 4 5 8 3 2 7 2 0 0 1 2 3 1 1 8 0 2 0 0 19 39 31 22 1 2 3 1 4 0 2 6 1 1 4 1 2 3 0 8 0 0 1 2 75 191 80 56 3 2 1 8 5 4 4 3 0 0 3 5 
10 9 0 5 4 5 0 3 15 14 117 6 5 6 5 11 10 10 12 12 11 2 1 9 9 14 3 33 2 1 0 0 13 16 62 11 1 1 3 5 9 9 17 11 7 3 7 11 6 5 0 12 0 0 0 1 40 30 84 30 1 1 1 1 16 8 9 4 2 1 2 4 11 9 0 27 1 0 0 3 13 11 47 7 9 2 8 4 6 3 6 9 12 1 6 17 
24 15 5 9 20 7 4 27 17 10 3 12 4 5 9 7 13 16 10 20 3 1 12 8 21 11 2 19 19 17 4 18 16 11 6 30 6 10 12 17 6 12 10 11 2 4 5 8 12 13 2 15 12 12 0 15 10 3 3 7 2 5 7 7 5 11 7 6 4 4 14 9 11 20 1 15 13 33 1 36 14 15 0 14 4 4 6 15 10 16 2 12 4 7 11 13 
8 4 0 4 7 3 1 3 19 13 22 14 6 3 6 9 15 4 24 12 0 3 1 4 9 3 2 13 3 8 1 4 42 63 32 34 2 1 3 5 11 5 12 10 2 3 4 2 7 4 2 10 3 3 0 5 13 18 14 21 3 1 6 2 7 4 7 14 1 0 1 6 7 4 5 9 2 2 1 3 57 119 45 50 8 7 4 7 8 8 10 10 5 4 4 10 
6 6 1 11 10 7 3 9 15 16 12 16 5 4 10 8 17 15 19 17 0 0 3 2 5 6 1 7 4 2 1 9 33 53 12 30 5 5 4 7 11 8 5 14 0 2 5 5 6 7 2 9 5 5 0 4 4 18 12 16 2 2 5 4 12 2 11 14 1 1 8 3 13 8 2 26 2 4 0 2 50 114 52 35 5 1 3 8 10 11 10 13 7 6 6 13 
1 2 1 7 1 0 0 0 1 4 18 6 1 0 0 1 6 4 2 4 0 2 0 16 2 0 2 15 0 0 0 0 1 2 10 5 0 0 0 1 0 3 2 5 2 1 2 15 0 4 0 9 0 0 0 0 2 14 37 17 0 0 1 1 9 4 6 15 0 2 1 2 29 5 2 307 1 0 0 0 2 20 226 36 1 2 0 4 4 7 3 14 3 11 3 51 
37 30 1 31 8 8 0 10 19 7 12 27 12 13 13 21 17 11 11 18 6 1 7 5 32 26 1 26 10 8 2 11 5 4 6 19 11 20 16 27 9 15 2 15 4 2 5 3 18 13 1 19 1 6 0 8 8 2 13 4 6 9 6 14 7 5 3 4 1 1 6 3 16 13 1 36 7 8 0 12 9 8 5 19 12 14 7 28 3 3 0 14 2 1 10 10 
6 3 1 5 4 2 0 8 13 9 27 10 0 4 2 1 7 0 19 9 1 4 0 8 4 2 1 9 3 1 1 1 10 5 22 13 1 1 3 6 3 2 8 8 3 4 3 12 5 2 2 7 2 2 0 2 16 16 24 21 0 2 3 5 7 8 6 4 1 1 4 5 27 9 4 132 8 2 0 14 86 30 113 80 3 3 1 2 8 4 6 12 3 5 4 30 
41 32 8 18 7 6 1 4 9 10 16 3 5 3 6 4 6 3 8 3 0 0 2 0 48 55 4 49 8 14 7 8 22 9 14 29 11 18 38 11 4 5 10 4 0 0 4 0 33 43 28 16 6 6 10 8 8 7 9 12 10 7 19 1 6 4 8 3 0 0 1 0 18 46 6 39 3 16 2 6 5 7 4 5 4 4 3 5 5 1 4 2 0 0 2 1 
1 3 2 2 0 0 0 1 13 3 5 3 0 0 0 2 4 0 1 2 0 1 0 0 1 3 0 4 0 1 0 1 13 5 5 6 1 1 1 1 1 1 1 0 2 0 1 2 4 2 0 1 0 1 1 0 5 6 3 6 0 0 1 3 1 0 1 0 0 0 0 0 10 10 0 20 36 0 0 60 397 74 49 207 2 0 0 0 0 0 0 2 2 0 0 2 
2 6 0 1 0 0 0 0 1 15 8 6 4 3 1 9 7 6 4 4 6 1 1 3 3 0 0 4 1 0 0 3 55 65 25 59 0 2 1 4 4 6 3 9 6 2 1 8 4 1 0 2 0 1 0 1 5 13 17 8 0 1 0 2 2 3 1 10 1 0 3 3 6 3 1 6 7 1 1 10 111 200 70 83 4 1 5 2 4 1 6 16 13 7 3 12 
0 3 0 0 0 0 0 2 9 5 8 5 0 0 0 1 1 2 4 0 0 0 2 0 2 1 0 3 0 0 0 0 16 5 8 9 0 0 0 0 1 0 1 2 1 0 0 0 0 0 2 0 0 0 0 1 8 5 5 9 0 0 1 0 0 1 0 2 0 0 1 0 12 5 2 6 32 0 1 65 394 82 53 220 0 0 0 0 0 1 0 1 0 0 0 0 
11 4 1 6 11 6 1 8 15 15 14 13 10 6 10 11 42 12 34 35 7 4 2 9 5 4 2 9 8 1 2 6 23 16 12 16 9 4 9 7 14 8 13 18 11 0 3 15 10 10 2 15 3 7 2 1 14 10 18 21 3 1 6 5 19 8 16 21 6 0 5 7 17 12 5 36 1 4 0 7 10 24 17 15 13 5 9 11 19 11 11 9 15 3 7 27 
14 20 4 14 9 6 0 6 19 9 21 14 8 8 7 9 5 7 9 13 0 0 4 2 19 18 1 18 9 3 1 7 6 6 18 19 7 6 16 10 3 7 4 5 1 3 4 5 21 16 2 12 4 4 5 9 2 5 14 8 6 5 4 6 3 2 2 1 0 1 6 3 17 16 4 24 19 8 0 24 146 32 26 73 9 6 8 11 6 4 3 6 1 2 5 5 
14 13 4 11 14 13 1 13 20 16 7 11 11 4 8 11 23 8 15 18 1 1 4 5 12 10 3 15 10 7 1 11 14 11 6 17 9 11 12 11 10 7 13 14 1 5 8 14 12 9 0 10 11 9 0 10 11 6 13 15 6 6 8 10 11 7 13 6 4 5 7 5 9 20 1 11 16 19 2 25 50 29 12 32 7 2 3 17 10 8 6 11 11 8 5 14 
11 5 1 9 6 4 1 5 3 4 9 9 5 1 6 1 14 12 6 8 2 2 1 8 5 8 0 20 2 3 4 6 6 4 4 7 2 1 4 2 1 3 3 7 2 2 5 4 6 5 2 6 5 1 0 5 4 12 23 21 2 3 1 2 2 12 5 14 3 4 5 5 31 14 1 237 6 7 0 10 5 11 152 28 4 2 3 9 5 9 7 11 4 4 1 53 
5 5 0 6 3 1 1 10 21 7 26 9 6 5 3 10 16 9 13 20 1 1 0 2 5 5 2 7 2 5 2 5 26 8 13 26 2 1 6 5 3 6 7 12 1 5 7 6 0 4 1 3 3 4 0 5 19 11 18 12 3 0 4 2 9 7 7 10 1 0 1 0 13 7 6 16 18 4 0 33 187 44 33 116 4 2 2 6 4 6 8 8 1 3 1 7 
6 5 1 13 2 2 0 3 16 6 86 15 9 3 1 6 9 9 14 5 0 1 3 6 5 3 1 20 0 1 0 2 11 11 51 10 1 5 1 7 6 5 9 3 0 2 1 14 4 5 0 10 0 0 0 3 14 21 43 18 2 1 1 4 8 7 3 15 0 3 3 5 28 13 2 136 2 1 0 0 6 13 131 18 3 1 0 6 7 10 11 12 0 7 5 28 
1 6 0 3 3 0 0 3 6 14 37 8 3 2 4 4 4 0 5 2 1 0 1 2 4 4 0 5 0 1 1 0 64 77 29 74 0 2 0 2 3 2 4 4 0 3 0 2 2 1 1 1 0 2 0 0 6 25 21 18 1 0 4 2 3 1 2 11 0 0 2 0 6 8 0 7 0 0 0 1 100 205 90 54 3 1 1 7 5 3 4 4 1 1 3 3 
9 8 2 4 3 5 2 8 34 9 149 3 6 2 4 5 18 11 14 11 4 3 1 5 6 8 2 6 4 1 0 7 32 23 75 21 3 2 0 3 13 3 6 9 0 2 2 3 10 4 0 9 1 4 1 2 25 29 84 12 1 1 5 1 9 8 8 13 1 0 0 1 16 11 2 14 2 4 0 3 17 22 55 11 7 4 2 6 6 10 7 8 2 2 2 7 
33 18 10 16 6 6 2 5 11 12 10 2 4 2 7 6 4 5 10 7 4 4 2 2 19 30 7 26 6 5 4 7 17 26 20 35 8 10 19 10 5 4 11 13 9 4 3 10 23 28 11 17 6 5 4 6 8 7 7 12 3 2 4 7 6 3 6 11 2 0 1 4 21 22 6 33 1 12 3 3 25 78 17 26 10 7 6 8 3 1 0 12 7 2 5 13 
20 14 4 19 9 5 3 8 21 8 21 22 17 4 13 23 30 14 28 24 2 3 4 8 20 13 1 11 5 5 1 6 18 16 14 23 5 11 9 16 12 10 19 11 2 2 7 13 12 13 1 13 5 4 1 5 14 12 5 15 5 4 11 13 16 6 11 13 3 0 2 2 20 14 3 29 6 1 1 8 7 20 11 8 12 10 6 14 10 13 5 15 3 5 5 14 
25 20 1 25 13 3 0 7 20 14 46 16 2 15 9 13 13 10 16 16 1 0 1 1 17 15 3 36 4 1 1 3 11 18 31 22 7 14 8 13 4 7 17 7 1 4 7 3 20 12 1 10 2 6 0 5 17 33 40 20 4 8 2 14 6 5 7 6 0 0 5 5 26 15 0 22 3 1 0 3 19 33 17 19 11 6 4 20 5 2 1 7 1 1 6 9 
6 8 1 8 9 8 2 1 14 4 10 11 9 2 6 11 19 3 18 25 17 0 5 10 14 5 0 6 1 3 0 11 27 19 14 33 2 4 3 11 7 12 7 20 8 8 7 31 8 6 1 7 6 6 1 7 13 12 5 16 2 2 5 2 6 4 8 8 5 2 5 18 12 4 1 30 3 6 0 10 38 65 22 36 10 3 12 11 9 9 11 24 33 4 3 29 
2 9 0 3 4 4 0 1 35 9 112 12 0 1 1 5 8 5 19 1 0 1 1 5 11 20 10 42 0 0 1 0 9 10 86 11 1 2 1 2 10 3 31 6 0 1 3 3 8 6 0 9 0 1 0 1 62 80 130 38 0 2 0 2 14 6 8 5 0 1 2 2 7 4 0 5 1 0 0 1 6 6 31 7 4 2 0 5 9 3 14 7 2 1 2 5 
0 1 0 4 0 0 0 0 13 6 45 5 0 1 0 4 3 10 9 3 0 1 1 6 5 5 10 25 0 0 0 0 15 16 43 17 0 0 0 2 3 0 13 3 3 2 6 8 1 4 0 9 0 0 0 2 29 38 59 33 0 2 0 0 8 7 7 9 0 3 0 5 20 7 2 165 0 0 0 0 21 57 128 24 1 0 0 3 2 4 7 11 2 5 0 37 
1 5 0 5 1 2 0 1 26 15 74 13 1 4 1 4 5 5 17 5 0 0 3 1 12 21 7 50 0 1 0 1 12 9 76 7 1 5 4 3 9 2 16 4 0 5 9 10 1 11 5 10 1 3 0 3 51 62 112 44 1 2 2 1 9 7 17 7 0 3 3 4 3 4 2 13 5 2 0 7 46 12 41 20 0 4 0 4 1 5 6 4 0 1 1 7 
19 7 5 14 13 0 0 7 13 4 19 19 13 3 7 13 22 14 15 29 14 2 7 10 17 9 3 13 8 6 2 10 13 14 16 11 8 5 12 16 18 15 12 19 10 3 4 27 19 14 3 18 7 2 0 8 9 10 14 21 3 0 5 8 5 7 14 16 7 0 3 8 22 11 2 31 1 8 1 5 7 8 11 9 16 8 8 17 12 9 8 16 19 9 7 14 
22 19 1 13 18 7 2 14 8 9 25 17 14 12 11 18 15 9 8 16 1 0 1 3 23 13 0 17 8 14 0 15 14 9 8 27 9 17 13 15 7 10 8 12 4 4 7 8 16 14 0 7 10 8 1 8 16 9 10 9 3 2 6 15 2 6 4 9 1 3 9 5 26 19 1 31 12 8 3 30 28 25 19 22 5 5 2 16 5 12 2 9 2 5 5 10 
15 15 2 24 4 1 0 6 4 8 16 9 5 3 8 13 9 10 4 12 0 2 1 8 16 13 1 23 5 7 1 1 9 12 8 20 6 9 10 12 2 7 2 9 0 2 3 12 9 7 2 14 4 1 0 1 1 6 12 14 3 4 4 9 8 4 3 7 1 1 2 3 27 10 3 163 1 0 1 1 13 31 122 31 8 6 5 14 5 6 2 7 1 7 1 46 
40 31 4 23 8 5 0 10 16 8 23 17 12 6 12 17 13 15 16 32 4 2 8 5 46 17 0 24 8 3 0 8 7 4 8 17 13 14 9 24 7 15 6 19 0 4 5 8 19 17 0 14 2 4 0 5 6 4 7 8 4 7 7 14 3 13 5 7 1 0 9 3 27 17 2 57 3 3 0 5 5 1 11 13 10 7 13 16 12 11 6 12 3 1 2 11 
20 15 2 13 6 3 0 2 11 12 9 8 9 5 8 11 16 3 18 17 21 5 10 9 12 17 3 28 3 6 1 6 23 15 6 25 7 8 16 7 14 8 10 16 10 3 8 26 21 18 11 15 6 11 3 3 11 8 3 6 3 4 6 3 8 3 2 4 1 1 2 14 22 21 3 27 1 7 1 1 15 50 12 10 11 3 9 11 12 7 4 13 29 5 9 39 
28 21 1 23 7 4 0 5 15 9 45 20 9 9 12 24 6 10 13 15 2 0 3 3 23 22 3 55 6 8 0 4 8 9 38 11 5 13 13 14 5 4 13 11 2 6 4 7 15 16 1 14 2 2 1 1 19 26 55 18 4 4 6 10 4 3 8 6 1 0 1 5 20 15 0 29 1 3 0 5 7 6 12 8 13 7 5 24 7 6 6 10 5 2 5 14 
6 5 0 5 2 4 0 4 8 13 15 5 8 3 7 12 8 11 14 14 18 3 6 15 10 6 0 9 3 4 1 1 25 36 17 30 6 3 6 10 11 7 9 18 25 4 6 37 9 7 0 5 0 2 0 0 8 9 10 12 0 3 2 1 5 16 6 12 5 0 4 13 13 4 0 24 2 1 0 14 39 72 43 35 17 3 13 9 9 6 3 21 36 2 6 29 
3 5 1 1 1 1 0 2 33 11 76 11 0 2 1 8 6 3 28 1 0 1 0 4 10 20 7 57 0 2 1 1 4 6 98 16 0 5 2 0 5 4 24 3 0 3 9 4 4 6 5 8 0 2 0 2 61 77 131 54 2 1 1 1 12 8 5 8 0 3 1 4 9 9 2 7 0 0 1 0 8 13 31 2 0 3 2 0 4 5 10 2 1 4 3 8 
9 15 0 10 2 6 1 1 14 7 18 8 2 2 6 4 10 4 8 11 1 1 4 4 6 3 2 9 0 2 0 1 11 6 10 5 5 2 3 4 7 3 8 3 0 1 1 5 2 5 1 3 0 1 0 2 19 12 27 10 1 1 4 2 8 4 5 1 0 0 0 0 24 11 4 48 21 0 1 34 235 46 46 124 4 0 3 8 2 4 8 6 1 3 2 12 
7 7 1 5 7 1 0 6 7 14 54 10 6 2 6 10 20 11 16 22 3 1 3 6 7 2 2 11 4 4 2 3 26 35 25 44 2 6 9 10 13 6 13 9 1 3 4 6 9 7 1 4 3 2 1 4 9 31 26 20 4 5 3 3 11 8 7 19 0 1 6 6 15 12 1 10 2 6 1 6 45 92 40 25 7 3 2 9 11 9 11 12 3 2 3 11 
8 8 0 9 1 1 0 2 9 7 34 7 0 1 0 4 8 6 4 7 1 2 2 15 9 7 0 17 1 0 1 2 8 3 31 13 1 0 2 5 2 2 2 4 3 3 5 17 11 7 2 7 1 0 0 2 6 10 35 22 4 1 2 0 14 8 1 16 0 0 1 0 33 7 5 220 0 3 0 1 3 21 173 31 1 3 0 5 4 4 4 3 4 5 0 46 
11 13 1 5 3 7 0 11 19 11 77 17 3 7 4 10 24 9 8 24 7 5 1 2 8 9 3 12 10 5 3 7 14 17 40 20 3 4 8 4 7 9 12 14 0 4 7 9 9 4 0 10 2 6 1 0 14 30 48 19 8 1 3 2 11 9 6 18 0 0 5 0 11 13 3 13 3 9 1 9 53 23 40 28 6 5 5 8 10 9 6 10 4 4 3 10 
13 7 0 9 7 1 2 13 11 7 17 11 10 5 6 19 17 9 17 26 33 3 11 22 18 5 0 8 3 6 1 10 14 7 7 11 5 6 9 7 9 8 10 17 15 5 6 50 11 10 0 7 2 8 0 7 10 12 11 10 5 1 3 3 15 10 7 13 8 2 5 17 17 6 0 34 5 4 0 6 9 9 7 9 15 5 10 9 16 17 2 27 34 4 11 54 
11 2 0 6 5 1 0 2 5 7 23 9 11 3 7 19 22 12 16 29 28 2 3 17 12 11 0 14 5 1 0 4 7 15 10 14 6 6 6 10 12 9 11 22 22 7 14 55 14 7 0 8 1 3 0 6 5 7 11 9 1 3 1 1 9 12 9 10 2 0 4 10 26 5 0 45 3 0 0 7 4 9 21 14 14 2 10 11 18 9 4 29 58 11 6 48 
5 2 0 7 2 1 0 2 2 13 11 14 4 1 3 6 5 2 4 12 14 5 3 5 6 3 1 7 3 0 0 1 34 46 15 35 0 2 1 8 9 8 12 11 5 3 8 22 6 6 0 3 2 0 0 1 2 16 12 23 1 0 3 1 3 4 5 8 1 1 6 6 25 4 0 66 1 0 0 0 61 122 92 48 9 1 6 6 7 6 7 14 13 3 5 31 
36 21 1 21 7 6 0 4 12 4 19 18 7 5 12 16 8 11 12 17 4 0 3 7 32 24 1 29 4 4 0 7 21 25 17 35 8 17 17 22 1 10 7 14 2 0 6 3 13 11 0 9 3 2 0 7 4 13 8 15 4 2 4 16 8 2 4 8 1 0 4 3 22 16 0 21 3 3 0 4 32 57 28 21 15 8 4 27 8 4 3 9 2 2 3 10 
28 13 4 16 7 3 1 7 14 11 11 16 7 9 14 20 11 6 15 13 7 2 12 6 15 20 2 20 2 6 1 8 21 35 18 36 4 9 12 21 2 14 2 12 4 0 5 4 17 14 1 12 1 3 0 4 2 9 6 17 1 4 11 12 5 4 5 11 2 0 1 7 18 12 2 24 3 2 2 5 44 76 29 30 7 12 5 21 3 4 1 10 2 1 4 8 
12 14 2 9 10 5 4 5 17 11 15 18 9 14 10 12 26 14 29 26 5 2 2 7 4 8 1 12 10 7 5 12 24 19 20 21 5 7 11 10 12 15 15 21 0 6 8 13 12 6 2 9 6 4 0 2 16 16 23 24 5 2 4 7 13 10 20 17 1 0 7 3 15 10 5 22 3 6 0 12 11 16 11 9 12 7 7 8 24 13 12 19 8 3 6 8 
0 0 1 6 1 0 0 1 0 2 8 8 0 0 0 3 5 6 2 5 1 6 1 12 3 2 1 21 0 0 0 1 3 1 13 4 0 0 1 1 1 2 3 1 4 2 6 22 4 2 0 8 0 0 0 1 0 18 35 14 0 0 0 0 5 13 5 13 0 3 1 4 30 19 3 283 0 0 0 2 3 22 206 29 2 1 0 4 4 9 6 7 9 11 1 63 
13 8 0 7 1 2 0 3 9 10 27 2 6 2 6 11 6 4 4 11 3 1 2 7 20 9 1 21 2 1 0 0 3 2 22 12 3 4 3 16 1 6 3 4 0 0 5 13 8 9 0 16 2 1 0 4 2 9 25 11 2 0 3 2 2 7 6 16 1 1 0 7 29 16 6 208 0 0 0 1 6 19 141 29 6 6 1 13 4 12 3 13 3 9 4 41 
9 8 1 21 5 3 0 7 14 8 25 7 5 5 6 8 5 14 14 14 3 2 1 8 12 7 3 22 0 0 0 3 7 11 16 9 5 5 7 15 7 5 7 6 4 4 4 17 8 7 2 18 1 1 0 3 10 14 30 16 1 4 2 7 6 9 4 13 2 0 3 5 21 10 3 162 2 1 1 1 11 11 120 23 2 3 5 5 5 10 5 9 3 7 7 38 
11 14 5 9 1 3 0 5 21 11 98 6 3 4 2 10 17 3 8 9 1 0 1 1 13 15 1 13 2 5 2 2 19 17 50 8 2 4 5 3 5 1 7 7 1 2 0 1 7 6 7 10 1 4 0 1 13 21 73 15 2 0 2 6 10 13 6 7 0 0 1 0 24 23 2 90 5 4 1 4 12 15 102 20 4 3 1 4 7 5 12 8 0 3 1 17 
14 12 3 13 21 9 3 14 12 13 22 15 8 4 8 9 10 8 9 12 1 1 12 8 12 10 0 15 13 6 6 22 12 17 18 15 6 12 8 12 10 18 4 8 1 6 9 10 6 7 0 7 14 8 0 11 17 11 15 18 2 6 8 8 8 7 3 9 6 4 15 6 8 15 3 38 8 14 1 26 24 41 26 14 7 6 5 8 8 9 5 10 6 3 9 19 
2 6 2 2 2 0 0 0 7 5 10 4 1 0 2 4 3 3 2 2 2 1 0 1 6 4 2 1 2 1 0 1 16 8 2 13 1 1 6 5 4 2 0 6 0 0 3 5 3 5 4 2 1 0 1 0 1 2 3 1 3 1 6 5 3 0 1 1 0 0 0 0 20 14 3 15 33 3 2 57 346 73 48 177 0 0 2 3 1 1 0 1 2 0 3 3 
25 21 2 17 27 9 2 30 20 13 3 14 4 9 5 10 11 11 23 24 0 0 14 12 21 19 1 15 12 15 7 26 10 7 5 20 7 18 9 17 15 13 6 13 2 5 12 11 8 13 3 8 10 6 3 15 10 8 1 6 3 3 10 7 7 6 4 0 1 4 19 8 7 22 1 15 16 11 1 27 6 12 0 7 8 11 5 19 11 10 3 11 6 10 12 14 
28 25 18 18 10 10 1 3 9 13 1 6 2 3 9 2 8 5 7 4 0 0 1 0 35 56 7 27 6 5 5 5 41 33 6 32 3 8 21 10 5 0 8 3 0 2 4 1 25 22 7 18 10 12 3 3 5 17 5 18 7 1 14 6 4 2 4 1 0 0 1 0 32 48 9 28 3 8 2 5 31 65 27 21 4 3 8 3 2 0 3 3 0 2 1 1 
8 10 3 3 6 4 0 6 30 15 72 9 3 4 2 7 9 6 18 4 0 1 3 2 23 34 6 48 5 4 0 5 13 11 71 8 2 5 11 5 8 5 16 5 0 0 0 10 12 18 11 13 0 6 2 6 52 51 83 38 1 4 4 4 21 8 6 5 1 0 3 1 10 12 2 13 1 3 0 5 4 4 30 5 6 1 3 2 9 3 9 2 0 0 2 4 
2 6 1 3 3 2 0 0 33 16 93 11 1 3 2 4 11 7 19 4 0 3 2 5 11 25 7 62 3 2 1 2 15 7 82 14 1 5 6 1 7 4 23 2 1 2 1 5 7 14 2 12 1 1 0 3 47 68 121 47 1 2 1 3 6 5 12 3 0 2 2 2 4 4 2 8 2 1 1 0 8 8 32 5 0 5 0 3 7 2 7 4 0 4 2 9 
3 7 1 14 1 3 0 1 2 4 17 4 0 1 1 5 3 6 2 8 2 2 2 10 8 5 1 19 1 1 0 2 1 3 8 6 5 0 2 5 0 2 2 4 1 1 4 14 4 3 0 14 0 1 0 4 0 20 33 20 0 1 4 0 5 11 2 7 0 0 1 2 45 10 4 260 3 1 0 1 3 21 174 31 2 0 1 6 4 8 5 10 4 10 6 65 
20 12 8 19 6 4 0 6 22 10 35 21 7 1 9 6 28 4 29 12 2 1 4 2 19 24 5 32 10 5 2 9 21 14 37 15 3 10 8 6 9 4 16 10 1 0 10 2 9 16 8 8 4 7 3 8 24 25 43 32 7 1 6 5 15 12 10 9 2 0 3 3 11 19 4 13 1 1 0 5 14 27 17 6 3 2 13 9 12 9 4 12 3 4 5 6 
8 4 2 6 2 1 0 4 15 8 108 12 1 1 2 7 9 5 12 10 5 3 1 6 5 4 1 11 1 0 0 2 17 7 66 17 3 2 0 2 5 7 8 6 5 2 4 12 9 2 0 10 0 0 0 2 20 23 67 12 0 2 0 2 12 9 7 6 1 0 2 1 17 5 3 51 6 2 0 10 68 23 91 49 7 2 4 3 6 6 5 10 2 3 4 17 
23 8 4 14 10 4 0 2 18 15 37 19 6 5 9 6 17 8 29 15 1 3 3 2 21 27 5 29 3 4 1 7 21 7 34 19 4 5 15 3 8 9 21 14 0 1 4 8 18 16 3 12 4 7 2 4 26 26 39 29 5 5 8 5 17 7 10 3 4 1 4 6 16 21 4 29 6 7 2 4 7 10 14 6 8 4 4 9 7 10 19 5 1 5 4 9 
42 23 12 27 9 4 7 2 16 7 7 3 4 0 8 5 7 2 6 6 0 1 0 0 46 67 4 45 16 10 8 7 18 14 9 22 4 15 35 10 5 2 14 6 0 1 2 2 46 30 25 21 2 13 3 3 4 11 3 9 7 7 18 4 4 2 5 0 0 0 1 0 29 56 9 43 1 11 3 8 5 7 2 3 4 5 10 6 2 2 4 7 0 0 3 2 
24 15 3 13 17 7 2 14 15 6 8 5 5 2 8 11 28 10 9 15 12 2 5 12 25 23 2 25 9 11 4 14 16 13 5 11 8 10 15 9 8 12 11 16 5 6 14 18 14 20 2 16 14 7 1 17 7 11 1 5 4 3 6 6 11 7 6 6 1 3 14 9 16 20 5 26 5 14 1 13 6 14 5 10 9 3 8 7 12 8 13 18 20 6 11 21 
10 20 0 15 16 8 2 23 14 4 6 14 6 1 5 9 10 12 13 8 8 1 5 12 16 21 1 16 10 3 5 18 9 4 4 21 3 8 11 14 7 23 9 13 5 1 10 22 5 15 0 11 6 8 4 16 15 5 5 11 3 3 8 7 6 5 5 13 2 7 14 12 17 13 2 73 10 17 1 15 9 11 32 9 8 7 8 16 12 8 5 12 7 9 12 25 
19 12 1 7 9 4 2 6 17 7 80 12 3 2 8 15 25 12 9 15 15 6 5 7 12 6 4 16 8 1 2 6 19 8 50 15 2 5 7 12 14 11 11 16 6 3 7 22 9 3 0 6 2 2 0 7 18 15 46 11 2 0 2 5 10 6 7 14 2 0 4 6 19 11 2 16 9 4 0 7 5 16 36 12 10 7 7 8 9 11 12 12 22 1 4 22 
20 25 2 17 12 4 1 7 17 3 18 17 12 9 15 18 17 11 13 17 5 2 4 8 24 24 0 19 8 4 1 8 9 7 8 25 7 12 14 16 9 6 7 9 8 2 4 18 31 20 3 25 5 5 0 1 6 8 12 8 6 10 11 13 6 3 6 13 1 1 6 10 23 14 0 49 3 6 1 8 7 9 21 10 13 9 5 15 5 6 3 19 11 7 3 20 
2 2 0 1 2 2 0 0 5 4 10 4 6 1 4 5 5 2 5 7 8 2 1 7 3 1 0 2 1 0 0 4 22 3 8 4 2 3 2 5 1 4 5 11 8 1 2 14 5 4 0 4 0 0 0 0 12 5 2 6 1 1 0 0 2 3 3 0 1 0 1 4 16 5 0 22 31 0 0 54 300 72 36 155 6 2 4 1 4 5 4 7 11 1 2 17 
12 15 3 16 21 8 7 14 16 10 12 10 9 6 12 8 10 6 13 21 1 1 7 8 16 20 3 22 12 11 2 19 13 10 6 14 8 10 12 21 4 17 11 10 3 6 9 5 11 14 6 16 14 9 0 12 18 8 1 10 2 5 10 7 15 3 10 6 3 4 14 4 18 25 1 24 16 13 2 23 11 18 7 10 9 16 6 15 9 10 11 14 6 5 11 8 
12 12 1 8 10 6 6 13 17 5 1 2 1 5 5 7 10 6 7 9 1 2 4 4 14 4 3 9 14 6 1 12 16 3 5 9 3 10 7 19 1 8 2 9 2 2 2 4 7 4 0 12 7 3 1 4 8 8 4 7 2 4 3 8 3 4 4 5 2 4 11 1 8 9 3 15 28 16 1 48 203 46 29 97 5 7 1 9 8 7 1 7 2 3 4 8 
26 13 9 11 23 10 1 29 16 10 4 16 4 7 4 6 13 5 13 11 0 1 11 3 23 17 4 21 16 11 5 20 18 5 4 22 8 11 20 12 8 13 11 14 0 3 11 7 16 11 4 10 8 4 0 17 22 12 2 14 6 3 15 10 11 4 8 11 2 3 11 10 18 16 2 14 22 21 1 24 8 13 4 17 12 6 12 10 8 9 6 7 5 2 12 7 
5 1 1 0 0 1 0 2 8 5 4 2 0 1 0 0 2 0 2 1 0 0 2 0 4 2 0 2 0 0 0 0 18 4 4 11 1 0 3 3 1 0 0 1 0 0 0 1 2 0 0 2 0 1 1 0 10 0 0 2 0 1 0 0 1 0 0 0 0 0 0 1 13 12 3 11 44 0 3 57 385 77 41 238 2 0 0 0 0 0 0 0 0 0 0 1 
14 19 6 5 3 4 1 2 12 6 5 7 0 3 2 1 1 2 3 1 0 0 0 0 18 17 6 15 4 10 1 6 18 8 14 18 2 7 12 3 3 0 3 1 0 1 1 1 11 23 7 15 2 5 2 1 8 4 3 5 1 2 8 1 4 0 4 3 0 0 0 0 21 19 3 26 20 3 0 35 255 54 27 139 2 6 4 1 3 1 0 0 0 0 5 1 
1 2 1 2 0 1 0 0 11 6 15 5 2 2 1 6 6 4 10 14 8 2 4 6 4 1 0 9 0 1 0 0 25 21 12 21 0 2 2 3 3 1 8 10 7 0 7 16 7 6 0 5 1 2 0 4 5 7 9 13 0 1 1 0 3 8 4 4 2 0 2 6 14 8 3 45 11 1 0 18 186 87 79 111 9 2 3 3 6 7 2 17 5 0 5 26 
21 15 11 16 6 2 4 5 10 5 3 5 4 4 7 7 6 3 6 5 1 2 0 4 24 45 4 35 12 3 5 6 21 7 8 11 2 9 16 15 3 1 6 3 0 0 3 6 25 28 12 19 2 5 4 2 6 12 10 12 5 4 7 4 10 3 4 4 0 0 1 0 21 32 4 80 9 8 2 14 65 31 45 60 6 5 4 8 4 4 0 4 1 4 2 11 
9 12 3 7 0 3 0 7 32 13 156 12 5 0 3 12 16 5 11 10 0 2 1 3 4 10 0 7 0 0 0 1 23 18 85 24 0 1 1 5 5 12 9 10 0 2 1 4 7 9 1 4 0 1 0 0 21 25 114 15 1 0 1 2 13 8 6 14 0 1 3 2 10 4 3 18 0 2 1 4 9 24 75 14 5 2 1 4 8 5 4 4 1 4 3 3 
10 9 1 7 8 2 0 5 11 3 21 10 17 2 7 15 23 6 19 24 31 5 8 20 3 3 0 11 4 2 0 6 11 12 9 10 8 4 6 6 16 8 11 22 23 3 11 41 17 7 0 7 0 1 0 2 4 12 9 11 4 0 2 3 9 9 10 13 4 0 5 22 26 3 0 33 7 6 0 5 3 12 4 8 14 6 7 9 18 14 9 38 59 7 13 54 
40 25 23 21 10 3 2 1 13 8 7 8 6 3 11 4 7 2 10 3 0 1 1 1 39 62 8 42 11 10 6 3 20 15 11 19 5 10 38 16 5 3 17 4 0 1 5 2 38 48 23 21 8 9 10 5 7 7 7 6 11 5 12 6 7 1 1 5 0 0 1 0 30 51 14 34 5 4 0 4 4 5 5 10 5 3 3 8 1 2 3 4 0 1 2 2 
22 18 4 22 23 4 7 17 19 10 15 19 4 7 5 8 16 7 11 19 2 2 8 9 26 15 1 19 18 12 8 24 12 9 3 11 8 17 14 9 5 13 6 7 2 5 10 11 12 13 1 13 10 9 0 13 20 13 5 8 4 4 8 10 6 3 6 7 4 6 17 3 14 16 2 26 14 12 1 36 9 12 6 10 6 14 7 15 13 7 2 11 7 3 5 14 
11 5 0 6 4 0 0 2 12 4 22 5 12 8 7 16 21 8 15 18 39 7 7 22 8 5 0 12 3 1 0 2 9 13 15 8 8 2 3 6 13 12 11 30 16 5 6 49 8 7 1 14 0 1 0 7 3 10 20 7 1 2 3 6 14 12 10 9 11 1 5 18 20 3 0 24 7 0 0 7 3 10 6 8 16 4 14 15 18 8 5 40 53 5 13 63 
19 13 4 7 4 2 0 8 18 14 69 9 9 2 7 10 19 2 11 12 13 2 4 7 13 17 2 14 0 2 1 5 30 19 35 13 1 4 11 10 12 4 7 14 3 3 10 17 16 11 3 12 1 6 3 4 22 18 43 14 0 1 5 3 12 5 5 10 2 1 3 4 17 12 3 34 3 2 0 3 23 38 36 25 6 3 9 9 9 9 11 8 8 3 4 9 
26 24 5 26 7 4 0 8 18 6 20 14 13 11 15 25 18 18 7 23 5 1 7 2 36 27 3 36 3 4 0 8 6 1 10 18 9 13 17 21 10 9 6 8 6 0 3 16 24 18 1 22 2 2 0 2 4 4 13 7 8 6 10 19 4 7 6 12 1 0 6 7 30 19 2 34 5 2 0 5 11 4 3 11 15 12 10 26 5 8 3 6 9 2 7 13 
15 21 0 15 5 4 0 5 29 7 73 10 6 6 9 20 13 9 14 13 1 0 2 2 16 23 3 32 5 4 1 3 12 14 60 15 2 14 8 14 7 9 9 4 0 2 5 10 14 10 1 15 2 2 0 1 32 40 69 17 5 3 4 13 10 6 9 6 0 0 5 5 15 11 4 26 2 1 1 5 8 5 37 5 7 3 3 9 10 5 8 4 0 1 5 5 
25 11 0 10 16 15 1 18 21 14 30 8 11 2 10 13 18 6 14 12 9 2 8 7 10 17 2 16 13 7 2 14 15 13 25 12 8 12 9 10 6 17 12 12 9 4 8 27 8 11 3 12 7 6 4 15 19 8 24 12 5 9 5 4 12 4 7 7 7 2 8 14 7 13 2 12 8 11 1 16 15 10 6 7 7 5 13 12 8 11 6 10 13 7 5 21 
23 16 3 13 10 4 1 8 22 11 118 13 11 7 10 12 29 10 14 15 0 3 2 4 13 9 2 11 0 0 2 3 20 19 52 24 4 5 5 9 7 9 14 12 1 1 2 11 8 7 1 10 0 1 0 0 21 19 62 17 2 3 3 7 8 12 8 9 0 1 5 1 17 14 1 15 3 2 0 4 14 13 46 10 7 3 2 9 7 5 7 8 1 6 2 5 
4 7 1 9 3 1 0 2 11 7 35 9 6 0 2 7 19 4 11 12 19 3 5 11 3 4 1 10 0 2 1 5 16 9 33 9 3 5 5 3 15 12 15 9 10 6 9 35 16 9 0 1 1 1 0 2 5 11 20 9 1 2 3 2 7 4 13 9 8 2 3 13 24 3 2 30 14 1 0 22 112 16 37 62 11 2 5 9 15 10 12 14 25 3 5 16 
32 33 11 17 8 5 4 5 20 6 6 10 4 6 6 4 14 4 6 4 1 0 1 2 41 48 10 34 7 13 5 8 23 14 6 15 4 11 36 10 4 4 6 8 0 1 3 1 34 30 20 28 7 8 4 4 10 1 3 15 5 1 7 3 3 4 6 8 0 1 0 3 43 52 10 59 4 9 6 5 4 12 17 11 2 2 12 4 1 0 5 3 2 2 3 6 
9 8 3 5 2 1 0 3 8 6 7 4 15 7 5 19 24 14 20 22 32 5 2 24 6 8 2 5 1 3 1 8 10 13 6 8 7 7 6 5 15 9 19 25 22 3 8 55 17 2 0 11 2 5 0 9 5 5 10 9 9 4 3 6 6 7 15 9 12 0 10 18 30 4 1 26 3 2 0 5 9 5 4 9 16 3 12 19 11 23 5 29 44 13 4 52 
26 17 6 16 16 7 5 10 15 13 19 10 2 9 11 8 5 6 9 7 3 2 7 9 19 26 3 12 15 6 4 18 20 17 9 29 4 10 20 12 5 11 7 7 1 4 6 3 7 21 6 20 6 7 3 8 17 12 5 10 4 7 8 6 7 5 6 5 2 0 10 2 19 23 1 23 15 10 1 15 34 46 14 29 5 8 7 12 13 5 5 7 1 3 5 9 
8 5 0 9 5 5 1 10 33 8 52 9 5 8 4 6 13 8 18 8 4 2 3 5 7 20 3 38 5 6 2 6 7 13 51 15 4 4 14 4 8 4 27 6 0 4 4 8 3 14 4 8 1 3 1 8 32 51 95 35 3 3 1 4 12 4 13 9 4 2 2 5 7 13 1 11 5 11 0 11 5 14 15 14 8 3 4 8 10 8 18 11 4 1 3 9 
32 31 6 31 8 5 0 13 21 7 21 13 12 11 11 24 16 12 10 16 3 0 7 4 26 21 1 21 10 6 0 3 9 5 14 29 16 18 14 34 4 11 4 12 2 5 7 5 20 15 1 21 2 1 1 10 3 1 17 11 9 10 8 17 3 4 5 8 1 0 3 6 22 19 0 38 5 5 0 9 8 17 7 8 11 9 3 32 2 3 4 8 4 2 5 11 
0 0 0 0 1 0 0 0 3 13 1 4 1 0 1 1 1 1 2 3 0 0 3 0 1 1 0 3 0 0 0 0 70 77 19 56 0 2 0 1 1 1 0 2 0 1 2 1 1 0 0 0 1 1 0 0 3 18 5 14 0 1 0 0 1 1 1 5 0 0 1 0 2 4 0 5 10 1 0 20 184 228 79 120 1 0 0 6 3 0 4 4 0 0 1 2 
22 17 4 17 16 12 1 21 14 7 52 14 14 7 5 9 13 8 9 8 1 0 5 3 16 18 2 9 13 12 3 16 20 7 31 15 8 16 9 15 7 5 4 9 1 3 7 8 18 8 0 11 5 3 5 18 11 11 17 14 5 6 12 8 6 11 7 10 1 1 18 2 8 11 2 14 14 19 2 31 14 21 20 13 5 7 5 10 9 8 8 13 0 6 8 11 
16 15 2 6 15 6 5 12 14 2 9 14 5 3 6 9 9 10 6 17 8 3 6 10 19 13 3 17 10 9 4 12 15 5 5 19 6 6 10 25 6 9 7 7 2 6 11 13 11 6 0 3 12 4 1 9 17 8 1 12 4 2 6 5 4 10 4 8 5 4 13 5 9 12 1 21 8 12 0 40 87 24 15 64 11 7 10 9 5 3 5 17 9 8 5 17 
8 3 1 11 6 8 0 14 31 7 33 13 4 3 8 14 21 13 30 15 13 7 3 4 7 8 3 13 4 9 2 4 18 13 31 9 5 9 5 5 14 8 12 17 4 8 6 23 7 8 1 8 2 9 1 6 23 26 40 32 4 6 1 7 12 10 16 12 3 0 6 5 11 6 1 20 1 1 1 5 9 12 23 22 11 10 7 12 21 8 8 9 15 7 5 23 
19 20 10 25 10 6 1 5 8 7 2 3 4 5 8 2 8 2 4 2 0 2 2 2 30 47 6 38 3 13 5 9 24 15 10 15 6 8 18 6 1 2 9 4 0 2 6 3 30 27 8 19 7 7 6 8 10 11 1 7 5 4 7 4 4 0 4 2 1 1 2 1 30 32 3 37 11 9 4 13 106 28 14 59 8 5 3 6 4 2 5 2 0 0 3 3 
7 5 1 3 7 0 0 2 30 18 88 14 2 4 0 7 10 8 23 6 9 4 1 1 12 20 8 53 0 0 0 0 10 17 79 8 1 3 1 0 6 3 16 5 3 2 4 13 7 7 2 11 0 1 1 3 48 59 122 40 0 4 2 1 7 8 8 6 0 3 0 7 8 4 2 16 0 0 0 0 7 3 32 4 2 0 3 2 10 6 11 4 2 5 2 16 
2 0 0 3 0 0 0 0 1 16 5 2 2 0 0 6 3 0 3 1 2 0 0 0 7 1 0 0 0 2 0 0 78 93 28 78 0 0 1 4 2 2 0 6 2 0 0 4 1 1 0 2 2 1 0 0 1 17 0 15 0 0 2 2 1 0 1 7 0 0 0 2 1 6 0 5 0 2 0 0 127 261 90 72 4 2 2 3 1 2 1 4 2 0 0 6 
28 28 0 29 5 1 1 10 24 8 22 15 10 10 8 28 22 8 11 28 8 2 7 4 21 14 4 29 6 5 0 8 3 8 8 16 5 14 20 21 8 15 9 15 8 4 10 18 16 16 3 25 4 3 0 1 1 5 10 8 12 6 7 15 9 6 5 10 3 0 4 6 22 15 2 48 7 7 0 4 7 4 3 11 19 9 7 19 6 6 1 12 9 3 1 17 
45 28 14 19 11 11 5 8 5 8 12 14 10 4 14 13 8 0 13 8 1 0 5 1 32 54 9 33 4 10 3 9 12 10 10 22 2 14 23 18 5 4 8 8 1 0 6 4 21 22 11 18 5 5 3 7 5 13 9 9 6 7 10 6 9 4 8 9 0 0 1 2 18 37 6 38 7 9 0 6 13 13 8 18 9 11 7 8 9 4 6 8 3 2 7 5 
3 9 2 4 2 1 1 1 28 8 110 20 5 2 6 5 19 6 10 9 2 2 1 4 5 15 0 21 3 1 0 0 17 15 67 15 4 2 8 2 4 7 8 10 4 2 4 7 9 11 1 5 1 4 0 5 23 29 83 22 1 2 4 4 10 6 3 8 2 0 1 5 18 16 3 29 4 4 0 3 12 21 75 12 3 3 2 5 8 9 11 12 9 2 3 16 
2 2 1 2 0 0 0 1 4 2 22 12 4 1 1 6 4 6 3 4 1 0 0 7 4 3 0 20 0 0 0 0 16 18 27 18 1 1 1 3 2 2 7 8 4 6 5 12 3 5 0 9 0 0 0 0 4 21 25 12 0 0 3 1 9 9 6 13 0 0 1 1 22 12 1 190 1 1 0 1 21 73 155 42 4 3 0 8 0 15 7 6 8 7 1 57 
9 14 0 8 5 7 1 9 2 21 0 7 7 6 4 9 5 4 5 5 0 0 4 1 7 4 1 3 6 7 2 12 44 66 16 58 5 6 4 6 2 4 8 8 0 3 4 2 3 4 0 6 5 4 0 6 8 13 0 20 3 2 2 5 5 3 3 9 1 2 7 5 6 9 0 4 7 5 1 19 81 190 51 51 1 7 2 10 2 2 5 7 3 2 6 2 
15 7 3 8 5 5 1 8 18 7 14 8 6 7 10 11 16 7 19 9 0 2 4 3 9 2 2 10 2 4 2 5 15 7 9 13 3 8 4 3 11 8 5 7 2 2 2 4 9 7 2 6 3 3 1 3 10 5 6 10 5 2 6 2 3 7 2 7 0 0 3 3 10 7 2 20 14 6 1 41 191 50 34 119 5 1 7 8 8 10 2 9 3 1 8 6 
11 13 4 8 12 5 4 13 11 10 1 10 5 3 3 7 10 4 4 8 0 0 8 3 8 12 0 8 8 6 4 17 43 38 9 42 4 6 5 7 7 9 8 14 0 2 4 12 10 1 1 6 3 4 1 9 11 22 0 11 5 7 4 3 1 4 2 2 5 4 9 6 5 5 1 11 8 12 1 20 52 143 56 49 3 4 4 10 10 12 7 6 3 3 8 6 
28 20 6 13 20 12 5 12 17 10 4 9 8 4 3 7 11 11 6 14 0 3 7 5 27 37 2 25 19 15 5 15 24 7 6 19 5 15 19 9 8 14 7 13 0 5 11 1 21 14 9 18 13 14 2 11 11 6 1 11 8 3 9 9 8 7 7 6 3 3 7 6 19 34 8 23 20 10 1 29 10 8 1 13 7 5 5 10 7 5 4 7 1 4 7 12 
22 14 16 16 4 5 3 6 11 15 19 10 7 2 10 3 8 7 8 7 0 1 1 1 26 35 3 22 6 3 2 3 13 12 24 15 5 5 9 4 4 2 8 7 1 5 4 5 14 18 13 21 3 3 3 1 8 8 13 8 6 5 2 2 9 4 2 4 0 0 3 1 25 31 7 36 13 8 2 21 109 44 32 63 5 6 0 6 5 2 2 2 1 3 4 3 
9 12 5 10 8 5 1 19 23 13 15 19 13 9 14 15 46 16 28 24 4 2 6 5 11 8 1 13 11 11 1 11 15 21 13 17 4 10 8 11 10 13 18 16 4 4 7 12 11 12 2 7 2 5 0 4 14 10 13 16 12 7 7 8 12 9 7 14 2 1 7 3 22 19 2 16 4 8 3 8 11 13 10 9 9 6 9 5 12 11 22 15 7 6 6 11 
1 0 0 10 0 2 0 0 0 9 15 3 0 1 0 1 3 6 0 5 0 2 0 11 4 3 1 12 0 0 0 1 14 26 11 29 1 0 1 0 0 3 2 3 5 1 2 15 5 3 1 2 1 0 0 1 2 13 27 20 1 0 0 1 6 10 5 8 0 1 1 4 23 7 0 233 0 0 0 1 21 65 189 57 1 0 1 5 1 9 4 14 3 10 0 41 
8 1 0 6 0 5 0 4 13 10 82 6 1 1 2 4 9 7 2 6 2 2 5 11 7 5 0 15 1 2 0 0 9 9 48 15 0 2 0 0 5 4 7 6 0 1 6 11 4 4 0 4 1 2 0 0 15 26 53 19 1 2 1 2 10 7 10 12 0 2 2 2 17 9 3 151 3 1 0 6 26 19 140 29 3 1 0 0 4 4 7 7 4 6 3 38 
35 29 19 27 13 5 0 4 16 7 8 8 7 7 14 5 17 6 9 11 1 0 1 0 46 57 10 41 6 10 3 7 17 14 6 19 5 12 31 16 4 3 12 4 1 0 6 1 24 31 20 23 10 8 8 4 6 6 4 9 5 7 13 5 4 1 2 1 0 0 0 0 29 54 9 42 1 12 2 4 4 12 1 3 9 8 15 3 4 0 4 4 2 0 1 6 
4 3 0 9 4 3 0 4 10 11 31 13 1 4 2 2 8 5 14 5 4 3 6 10 8 9 3 36 5 3 0 11 10 8 42 6 1 3 3 1 4 5 10 11 4 6 0 15 1 3 0 10 4 3 0 2 17 31 47 21 0 0 0 3 5 6 9 10 0 4 0 3 18 9 4 142 4 5 1 6 9 32 117 20 1 1 3 5 10 6 7 9 8 7 4 33 
6 8 0 5 4 2 1 2 12 14 5 12 5 4 5 8 11 3 9 11 3 1 2 3 6 6 2 2 2 5 1 7 53 77 13 72 4 5 2 7 3 6 7 12 1 2 2 3 6 2 1 7 2 3 0 2 9 13 7 21 1 1 4 4 8 6 5 4 0 3 4 3 8 11 2 8 4 3 1 7 83 168 60 52 0 0 1 9 5 3 5 4 0 6 1 7 
4 10 0 10 1 1 0 1 28 14 167 10 5 1 2 8 15 5 12 16 2 2 2 5 8 3 0 5 1 0 0 1 22 14 117 15 1 3 3 1 4 4 6 11 1 2 1 6 3 5 1 6 1 4 0 1 20 24 95 18 0 1 0 2 10 10 7 9 0 0 0 4 13 11 2 17 4 1 0 1 19 20 73 16 5 2 1 2 10 7 12 1 1 2 1 8 
20 16 1 13 24 8 2 21 9 3 7 10 14 9 8 10 8 8 9 19 2 1 11 9 18 10 0 12 13 9 3 21 16 14 4 24 10 16 12 17 4 13 12 6 5 5 4 14 6 7 1 15 9 14 3 12 10 12 0 5 3 7 12 7 7 4 4 9 3 4 7 6 9 17 1 16 19 12 0 27 23 57 20 11 9 7 6 18 11 6 3 15 8 5 11 18 
28 17 3 21 5 3 0 4 14 7 14 19 3 5 7 14 10 0 5 18 2 0 6 1 32 22 3 21 1 11 2 5 37 38 11 43 4 11 17 13 4 4 4 9 1 1 4 6 14 23 5 14 4 2 0 8 5 8 4 12 7 7 6 9 6 5 4 4 1 0 4 0 12 22 5 29 2 4 0 2 38 99 34 31 10 7 3 15 6 0 3 5 3 0 2 6 
