500 96
0 0 0 0 0 0 0 0 0 0 0 0 0 0 0 0 1 0 0 1 0 0 0 0 0 0 0 2 0 0 0 0 3 3 1 2 0 2 0 0 0 0 0 0 0 0 0 0 0 1 0 0 0 0 0 0 1 2 0 0 0 0 0 0 0 0 0 1 0 0 0 0 2 0 0 1 2 0 2 2 33 12 6 20 0 0 0 0 0 0 0 0 0 0 0 0 
0 0 0 0 0 0 0 0 1 0 2 0 0 0 0 0 0 1 0 0 1 1 0 2 0 0 0 0 0 0 0 0 0 1 2 3 0 0 0 0 0 0 1 0 0 0 0 1 0 0 0 0 0 0 0 0 0 1 1 0 0 0 0 0 1 1 0 0 0 1 0 1 0 1 0 24 0 0 0 1 13 1 13 17 0 0 0 0 1 2 2 0 0 0 0 3 
2 2 0 2 2 0 0 1 0 1 1 3 0 0 1 0 2 0 2 1 0 0 2 2 1 2 0 0 1 1 1 6 0 1 2 0 1 1 0 2 0 0 0 0 0 0 0 1 2 0 0 0 0 0 0 1 4 1 1 0 0 1 2 2 2 1 0 1 0 0 2 0 1 3 2 4 1 1 0 1 3 4 1 1 1 0 1 2 2 3 1 2 1 1 0 0 
1 2 0 1 1 1 0 2 2 0 7 3 1 3 1 2 0 1 3 1 0 0 2 0 2 5 1 5 1 0 0 0 0 1 0 1 2 0 2 0 1 1 0 0 0 1 2 2 3 2 0 1 0 0 0 1 0 1 0 0 3 0 1 1 2 0 2 1 0 0 1 0 2 3 0 2 0 0 0 0 0 1 0 0 3 0 1 3 0 3 0 2 0 0 0 0 
1 0 0 0 0 0 0 0 2 1 1 1 1 1 0 0 1 0 2 2 0 0 0 1 0 1 0 2 0 0 0 1 6 6 2 9 0 0 0 0 3 0 0 1 1 0 1 1 0 0 0 0 0 0 0 0 1 1 2 1 0 0 1 0 2 1 0 0 0 0 0 0 2 0 0 0 0 0 0 0 6 21 5 3 0 0 1 0 1 1 0 0 0 1 0 2 
3 0 3 2 1 1 0 2 1 0 3 1 0 0 2 3 2 2 8 2 0 0 0 0 0 0 0 1 1 1 0 1 1 1 1 3 1 0 0 1 2 1 2 1 0 1 1 0 4 0 0 3 1 0 0 1 1 0 1 3 2 0 0 0 0 1 0 3 0 0 0 0 3 1 0 4 0 0 0 1 1 1 1 1 1 0 0 0 0 1 1 2 1 1 0 4 
0 0 0 1 1 1 0 0 1 1 2 1 0 1 0 0 2 0 2 2 0 0 0 1 2 0 0 0 0 1 0 0 2 0 3 0 1 1 0 0 2 0 0 0 1 0 0 0 1 0 1 1 0 0 1 1 2 4 0 2 1 0 0 0 2 0 1 0 0 0 0 0 5 0 0 13 0 0 0 1 6 4 11 5 0 0 1 2 0 0 0 2 0 1 0 3 
1 1 0 2 1 0 0 0 1 4 1 2 0 0 0 0 3 1 1 2 0 0 1 1 1 1 0 2 0 0 1 0 0 3 4 0 2 0 0 0 1 0 2 0 0 0 0 1 0 0 0 2 0 1 0 0 3 0 2 3 1 0 2 0 1 0 0 2 0 0 0 1 2 1 0 14 0 1 0 1 1 3 7 1 0 0 0 1 1 0 0 1 1 1 1 5 
2 3 0 1 1 0 0 1 0 0 0 0 1 1 1 2 0 0 0 0 0 0 0 0 2 2 0 1 1 1 0 2 1 1 0 0 0 0 2 3 1 0 1 1 0 0 1 0 3 1 1 0 1 1 1 0 0 1 0 1 0 0 0 1 1 1 0 0 0 0 0 0 3 2 3 1 2 2 0 7 22 3 2 6 0 0 0 0 0 0 0 0 0 0 0 1 
3 1 0 0 0 0 0 0 1 0 8 2 1 0 1 4 1 0 3 1 1 0 0 0 0 4 0 0 1 0 0 1 3 2 5 3 1 1 2 3 2 2 0 0 0 0 2 0 2 3 0 2 1 0 1 0 2 2 2 0 0 0 0 0 0 0 1 1 0 0 1 1 1 1 1 1 1 1 0 0 0 3 2 3 1 0 0 2 1 1 0 0 0 0 0 3 
1 0 0 0 0 0 0 2 4 2 13 1 0 0 3 0 3 0 0 2 0 0 0 0 0 2 0 2 1 0 0 0 2 1 9 2 0 0 0 2 1 0 1 1 0 0 0 0 1 1 0 1 0 0 0 0 1 4 4 0 0 0 0 0 1 2 1 2 0 0 0 0 1 1 2 1 0 0 0 1 2 1 8 3 1 0 0 1 0 1 1 3 0 0 0 0 
2 2 0 1 2 0 1 0 0 0 7 2 3 2 0 2 3 1 2 2 0 0 0 0 1 1 0 2 2 0 2 0 1 2 4 2 1 0 0 2 2 0 2 1 1 0 2 0 2 1 0 2 0 1 0 0 1 1 2 1 0 0 1 0 1 1 0 3 0 0 1 1 3 0 0 1 1 1 0 0 0 4 3 0 0 0 0 0 1 3 0 0 1 0 1 2 
1 1 0 4 1 0 0 1 1 1 0 1 0 2 2 1 1 0 0 0 1 0 0 0 1 2 0 4 0 1 0 0 1 3 1 0 0 1 2 2 1 2 2 2 0 0 1 1 0 2 1 1 0 0 0 0 1 1 0 2 0 3 0 1 0 1 1 4 1 0 0 0 3 1 0 2 0 1 0 0 4 4 4 3 1 3 2 3 0 1 0 2 0 0 1 1 
0 1 0 4 0 0 0 0 0 1 5 1 0 0 0 1 0 1 1 0 0 0 0 2 1 0 0 1 1 0 0 0 0 0 4 2 1 0 0 0 0 1 0 1 1 0 0 0 0 1 0 0 0 0 0 0 0 1 4 0 1 0 2 1 1 0 1 1 0 0 0 1 1 3 0 20 0 0 0 0 2 1 19 1 0 0 0 1 1 1 0 2 0 0 1 3 
1 3 1 2 0 2 0 2 3 3 1 0 0 0 2 0 0 0 1 2 0 0 0 1 3 5 0 6 1 2 1 0 1 0 1 3 2 0 2 3 1 0 3 1 0 0 1 0 7 3 1 5 0 0 1 0 1 0 0 0 0 0 1 0 1 0 1 0 0 0 1 0 3 2 1 2 1 2 1 0 0 1 1 2 0 0 1 1 0 0 0 0 0 0 0 0 
0 0 0 0 1 1 0 2 3 0 0 2 0 2 1 3 2 2 2 2 0 0 0 1 1 0 0 4 1 1 1 3 3 3 4 1 0 0 1 0 2 1 1 1 1 0 0 0 1 2 1 0 0 1 0 1 0 4 2 3 0 0 1 0 1 1 4 1 0 0 0 0 1 0 1 3 0 0 1 1 2 2 2 1 1 1 1 0 4 0 1 0 0 1 1 0 
2 0 1 2 1 0 0 0 1 1 10 2 0 1 0 0 0 0 1 2 0 0 0 1 3 0 0 3 0 0 0 0 4 1 1 6 0 1 1 1 0 0 0 0 0 0 0 1 0 2 1 2 1 0 1 0 1 1 7 2 0 0 0 0 2 0 0 1 0 0 1 0 4 4 1 2 0 0 0 0 3 3 7 3 1 0 0 0 1 0 0 0 1 0 0 1 
1 1 0 0 0 1 0 0 1 2 2 1 1 0 1 2 0 1 1 2 0 1 0 1 0 0 0 1 0 0 0 0 5 6 2 7 0 0 0 1 0 0 0 0 0 0 1 1 1 0 0 0 0 0 0 0 1 1 1 1 0 0 0 0 1 0 1 0 0 0 0 0 1 0 0 1 0 0 0 0 8 24 8 7 0 0 0 1 0 0 0 0 0 0 0 0 
0 1 0 2 1 1 0 0 3 2 1 2 0 1 1 4 3 0 3 0 0 0 0 0 1 1 0 1 0 0 1 0 3 1 3 2 0 0 0 0 0 2 0 0 0 0 0 0 2 0 0 0 0 1 0 2 0 3 6 2 0 0 1 0 1 1 0 2 0 0 1 0 0 0 0 2 1 0 0 1 12 3 2 9 0 0 1 1 1 0 0 2 0 0 2 1 
6 3 1 2 2 0 0 0 1 0 0 1 2 1 1 0 3 0 0 0 0 0 0 0 2 6 0 4 1 0 2 1 0 3 0 1 0 2 4 3 0 1 0 1 0 0 0 0 1 3 2 3 2 1 1 0 0 0 0 1 2 0 0 1 0 0 0 0 0 0 1 0 2 7 0 3 0 2 0 2 2 2 0 0 1 1 1 0 1 0 1 1 0 1 1 0 
1 1 0 0 1 0 0 0 2 1 3 0 0 1 2 0 1 3 1 3 1 0 0 0 0 1 0 0 2 0 0 2 3 3 2 2 1 1 0 2 2 2 2 3 0 1 2 1 1 0 0 1 1 0 0 1 4 0 1 0 3 1 2 0 4 1 2 2 0 0 0 0 2 2 0 1 0 2 0 1 3 1 0 1 1 1 0 0 2 1 1 2 1 0 1 0 
3 3 0 4 2 2 1 0 3 0 1 1 1 0 1 1 1 2 1 1 0 0 0 1 0 2 1 4 1 0 0 0 0 0 2 2 0 0 3 0 3 3 0 2 0 1 1 2 0 1 0 4 0 2 0 1 2 1 1 0 0 0 0 0 1 1 0 1 1 1 1 0 1 2 0 2 2 1 0 2 4 0 0 3 2 1 2 2 0 0 0 1 0 1 0 0 
3 4 0 2 0 1 0 0 5 0 3 0 4 0 0 3 2 0 3 0 0 0 0 0 5 1 0 2 0 0 0 1 0 0 1 0 0 0 2 1 0 0 0 0 0 0 0 0 1 2 0 4 0 1 0 0 2 1 7 2 0 1 0 1 1 1 1 0 0 0 2 1 1 1 0 5 0 1 0 2 0 2 2 4 1 2 1 5 1 1 0 0 0 0 0 0 
0 0 0 0 0 0 0 1 3 2 11 2 0 0 0 0 2 1 0 0 0 0 0 0 3 3 0 2 0 0 0 0 1 3 7 1 0 0 0 1 0 0 0 0 0 0 0 1 0 2 0 1 0 0 0 0 6 5 10 7 0 0 0 0 1 2 0 1 0 0 0 0 0 0 0 0 0 0 0 0 1 2 8 1 0 0 0 0 1 2 1 0 0 1 0 4 
0 0 0 0 0 0 0 0 1 2 0 1 0 0 0 0 0 0 0 0 0 0 0 0 0 0 0 0 0 0 0 0 5 8 2 11 0 1 0 0 0 0 0 0 0 0 0 0 0 0 0 0 0 0 0 0 1 3 0 1 0 0 0 0 0 0 0 1 0 0 0 0 0 0 0 0 1 1 0 3 16 15 9 17 0 0 0 0 0 0 0 1 0 0 0 0 
0 0 0 2 0 0 0 0 0 1 3 2 0 0 0 0 0 1 0 0 0 2 0 5 1 0 0 0 0 0 0 0 0 1 2 1 0 0 0 0 1 0 0 0 0 0 0 3 0 1 0 0 0 0 0 0 0 1 3 4 0 0 0 0 0 3 1 1 0 0 0 0 3 2 1 23 0 0 0 0 0 3 16 5 0 0 0 0 0 0 2 0 0 1 0 5 
4 2 0 3 0 0 0 1 3 2 4 2 0 0 0 1 2 2 2 1 0 0 0 0 1 1 0 4 0 0 0 3 1 0 4 2 0 2 1 1 0 3 2 1 0 0 0 0 1 0 0 2 0 0 0 0 3 2 5 3 0 1 0 1 0 1 1 1 0 0 0 0 3 0 0 4 2 0 0 0 0 3 2 2 2 0 0 3 1 0 1 0 0 0 1 0 
1 0 0 0 0 1 0 0 0 1 1 0 0 0 0 1 0 0 0 1 0 0 0 1 0 0 0 0 0 0 0 0 0 0 1 0 0 0 0 0 0 0 0 0 0 0 0 0 0 0 0 0 0 0 0 0 0 0 3 1 0 0 0 0 0 0 0 0 0 0 0 0 0 0 0 5 6 0 0 7 34 5 5 23 0 0 1 0 0 0 0 1 0 0 0 1 
1 3 0 2 2 0 0 1 2 2 1 1 1 1 0 0 0 0 0 1 0 0 0 1 2 0 0 2 3 1 1 3 2 0 1 0 0 0 3 1 0 0 1 1 0 1 0 0 3 3 1 1 0 0 0 2 1 1 1 0 0 0 1 2 1 0 0 0 0 1 1 1 3 0 0 3 1 1 1 6 9 2 3 6 0 0 0 2 0 0 0 1 0 0 1 0 
0 1 0 3 0 0 0 0 0 0 0 0 0 0 0 0 1 0 1 1 0 0 0 0 0 0 0 1 0 0 0 0 0 0 0 2 0 0 0 0 1 0 0 0 0 0 1 1 0 0 0 2 0 1 0 1 0 0 2 3 0 0 0 0 1 1 0 0 0 0 0 0 4 2 0 33 0 0 0 0 0 2 17 2 0 1 0 2 2 0 1 1 0 0 2 7 
1 1 0 1 0 0 0 0 0 4 0 0 0 1 0 1 0 0 0 2 0 0 0 0 1 2 0 0 1 0 0 0 6 10 2 9 0 0 1 2 0 0 0 1 0 0 0 0 0 0 1 0 0 0 0 0 0 0 0 3 0 0 0 2 0 0 1 3 0 0 0 0 0 2 0 0 2 0 0 0 6 18 5 7 1 0 0 1 0 0 0 0 0 0 0 2 
0 0 0 0 1 0 0 1 0 1 5 3 0 1 0 1 1 0 0 3 0 0 0 0 3 3 0 2 1 0 1 0 3 3 4 1 1 0 0 1 0 1 0 0 0 0 0 0 2 0 0 1 0 0 0 0 0 2 5 0 0 0 0 0 2 0 0 1 0 0 1 0 6 0 0 4 1 0 0 2 13 3 2 8 0 0 2 1 2 0 0 1 0 0 0 0 
1 2 2 2 0 0 0 1 1 1 3 1 0 1 0 0 4 1 3 2 0 0 0 0 2 4 1 3 0 1 0 1 1 2 1 0 1 2 3 3 0 1 1 0 0 0 0 0 4 1 2 1 0 0 0 0 2 4 2 4 0 1 1 2 0 0 0 2 0 0 0 1 1 2 0 5 0 0 1 0 2 0 2 0 0 0 2 1 1 0 1 1 0 0 1 1 
0 2 1 0 1 1 0 0 0 0 2 4 0 1 2 2 0 1 0 2 2 0 0 1 0 2 0 1 0 0 0 1 1 1 3 1 0 0 1 1 1 1 0 2 3 0 2 1 1 0 0 0 0 1 0 0 1 1 0 1 0 0 0 1 0 0 0 1 0 0 2 0 2 0 0 17 0 0 0 1 3 3 8 1 0 0 1 1 2 1 2 0 2 0 0 3 
1 1 0 0 0 0 0 1 0 1 1 0 1 0 0 0 0 0 0 0 1 0 0 1 0 1 0 0 0 0 0 1 2 1 1 2 0 0 0 1 0 0 0 0 0 0 0 0 0 0 0 0 0 0 0 1 0 2 3 0 1 0 1 0 0 0 0 0 0 1 0 0 2 1 0 4 4 1 0 4 28 3 3 20 0 0 0 0 0 2 0 0 1 0 0 1 
0 0 0 0 1 0 0 0 3 1 0 0 0 1 1 1 0 0 0 0 0 0 0 0 4 2 3 5 1 0 0 0 1 1 1 1 1 0 2 0 1 1 0 2 0 1 0 0 8 3 0 3 0 0 1 0 1 0 1 0 0 0 0 1 0 1 2 0 0 0 0 1 3 6 4 10 0 0 0 0 1 0 8 3 0 2 1 1 0 0 0 1 1 0 1 1 
1 2 0 1 1 2 0 2 0 3 3 3 0 0 0 1 1 1 0 2 1 0 0 0 3 2 0 2 0 2 0 2 4 3 0 0 0 0 2 0 2 1 0 1 0 1 1 1 1 0 1 1 0 1 0 0 2 1 4 0 0 1 0 0 2 0 2 1 1 0 1 0 0 4 0 3 1 0 0 0 2 3 0 0 0 0 1 1 3 4 3 3 1 0 0 1 
0 0 0 0 0 2 0 0 0 0 1 1 0 0 0 1 1 2 1 4 5 1 0 1 0 1 0 0 0 1 0 1 0 0 1 0 0 1 1 0 3 2 2 1 0 0 1 5 0 2 0 0 0 0 0 0 0 1 0 0 0 0 0 1 1 2 2 0 0 0 1 1 3 0 0 6 1 0 0 4 3 0 3 4 2 0 2 0 1 1 3 3 4 2 1 6 
2 1 0 1 0 0 1 2 3 1 3 0 2 2 0 1 3 1 1 3 0 0 1 0 3 3 0 5 0 0 0 1 1 3 3 0 0 0 0 0 0 0 4 0 1 1 1 0 0 0 0 2 1 1 0 0 4 2 6 3 1 0 0 0 2 0 1 1 0 0 0 2 2 0 1 1 0 1 0 0 1 3 3 2 0 0 0 1 0 1 2 0 0 0 1 1 
0 0 0 1 0 0 0 0 0 0 5 0 0 0 0 0 0 0 0 0 0 1 0 1 1 0 0 1 0 0 0 0 0 0 2 2 0 0 0 0 0 0 0 0 0 0 1 2 0 0 0 0 0 0 0 0 0 0 2 1 0 0 0 0 2 1 0 2 0 0 0 0 0 3 1 24 0 0 0 0 1 4 25 6 0 0 0 0 0 3 0 0 0 1 0 7 
0 1 0 0 0 0 0 1 2 2 5 2 1 0 0 1 0 0 1 1 0 0 0 0 1 1 1 2 2 0 0 1 1 0 3 2 0 0 1 0 0 1 1 1 2 0 2 4 1 0 0 1 0 1 0 0 2 4 8 2 0 1 0 0 0 1 0 0 0 0 0 1 1 2 0 4 1 1 0 2 7 3 4 4 0 1 0 0 1 0 0 0 0 0 0 4 
0 3 0 2 0 0 0 0 0 0 1 1 0 0 2 1 0 0 1 0 0 0 0 0 3 0 0 3 0 0 0 1 2 2 3 2 1 1 1 2 0 0 0 0 0 1 0 0 1 1 0 3 0 0 0 0 1 0 3 0 0 0 0 0 0 0 0 0 0 0 1 0 1 0 0 3 1 1 0 2 25 10 6 5 2 0 0 0 0 0 0 0 0 0 0 1 
1 0 0 0 0 0 0 0 2 1 3 0 0 0 0 1 1 0 2 0 0 0 0 0 3 2 1 2 0 0 0 0 1 3 11 2 0 0 0 0 1 0 8 0 0 0 0 0 0 3 0 0 0 0 0 1 2 7 13 4 0 0 0 0 0 0 0 0 0 0 0 0 1 0 0 0 0 0 0 0 4 7 6 5 0 0 0 0 0 0 1 0 1 0 0 0 
2 0 0 0 0 0 0 2 0 3 3 0 0 1 0 2 4 0 2 2 1 0 0 1 2 1 1 2 0 1 0 3 5 3 1 2 0 0 1 3 1 2 3 2 0 0 0 1 0 0 0 1 0 0 0 1 1 1 5 2 0 0 1 0 1 2 0 0 1 0 0 0 1 2 0 2 1 2 0 2 2 4 1 2 0 0 1 1 1 2 1 0 0 0 2 0 
1 0 0 0 0 0 0 0 2 1 13 1 0 0 0 0 0 0 1 0 1 0 0 0 1 0 0 1 0 0 0 0 4 1 10 1 0 0 0 0 0 0 1 1 0 0 0 0 0 0 0 0 0 1 0 0 3 2 6 2 0 0 0 0 0 3 0 0 0 0 0 0 0 0 0 10 0 0 0 0 2 2 11 3 2 0 0 1 3 2 1 2 0 0 0 4 
0 0 0 0 0 0 0 0 0 0 0 0 1 0 0 0 0 0 0 0 0 0 0 0 1 0 0 0 0 1 0 0 3 15 3 4 0 1 0 1 0 0 0 0 0 0 0 0 1 0 0 0 0 1 0 0 0 3 0 2 0 0 0 1 0 0 0 1 0 0 0 0 0 0 0 0 0 0 0 0 12 30 10 8 0 0 0 1 0 0 0 0 0 0 0 0 
0 1 0 1 1 1 0 1 1 0 1 2 1 1 1 0 0 1 0 1 2 0 0 0 1 3 0 4 4 1 0 4 2 0 0 2 1 4 2 2 0 2 2 1 0 0 1 3 0 1 1 1 0 1 0 2 0 4 0 1 0 1 0 0 1 0 2 0 0 1 4 1 2 1 0 1 1 2 0 4 1 1 0 0 1 2 0 1 1 1 0 0 1 1 1 2 
2 2 0 0 1 0 0 1 3 1 5 1 0 0 0 0 1 0 2 0 0 1 1 0 0 2 3 6 0 1 0 0 2 2 1 1 0 0 1 2 1 0 0 3 0 0 1 0 2 2 0 0 0 0 1 0 2 5 11 6 1 0 0 1 0 0 1 0 0 0 1 0 1 0 0 0 0 1 0 1 1 3 5 2 1 0 1 0 0 0 1 1 0 1 1 0 
0 1 0 0 0 0 0 0 0 1 13 0 0 0 1 1 0 0 1 2 0 0 0 0 0 4 0 2 0 0 0 0 1 0 3 0 0 0 0 0 0 1 0 0 0 0 0 0 0 0 0 2 0 1 0 0 1 2 8 4 0 0 0 0 2 0 1 0 0 0 0 0 0 0 0 1 0 0 0 2 20 1 9 9 1 1 0 0 0 0 4 0 0 0 0 0 
3 2 0 0 2 1 0 2 0 3 3 2 0 1 0 0 3 0 1 0 0 0 3 0 0 2 0 4 0 2 0 4 1 3 3 2 0 0 0 0 0 2 1 2 0 0 0 1 0 0 0 3 1 0 1 3 5 4 3 1 0 2 1 0 2 2 0 0 0 0 1 0 1 1 0 2 2 0 0 1 0 0 1 1 0 0 2 0 0 0 0 3 0 0 2 2 
2 2 1 2 0 1 0 1 1 1 5 1 1 0 0 0 1 2 1 0 1 0 1 0 5 6 0 3 1 1 1 0 1 0 4 2 2 2 1 0 0 1 0 1 1 1 0 0 1 1 1 2 0 0 0 0 0 0 3 1 0 1 0 3 0 0 0 0 0 0 0 0 5 2 0 1 0 2 0 1 0 0 2 1 0 1 0 4 1 1 1 1 2 0 3 2 
0 0 0 0 0 0 0 0 0 1 1 0 0 0 0 0 0 0 0 1 0 0 0 0 0 0 0 1 0 0 0 0 2 0 1 3 0 0 0 0 0 0 0 0 0 0 0 0 0 0 0 0 0 0 0 0 0 0 0 0 1 0 0 0 0 0 0 0 0 0 0 0 3 0 0 0 4 0 0 6 42 6 4 22 0 0 0 0 0 0 1 1 0 0 0 0 
2 2 0 2 0 0 0 0 0 0 7 0 3 1 1 4 0 0 2 1 1 1 0 5 1 0 0 1 0 0 0 1 4 3 4 1 1 0 1 1 0 2 0 0 0 0 1 4 0 1 0 2 0 0 0 0 2 2 4 2 0 0 0 0 0 0 0 0 0 0 0 2 1 1 0 2 0 0 0 0 2 4 4 1 2 0 0 1 1 2 0 3 2 0 0 2 
2 1 0 2 1 1 0 1 2 0 1 0 0 1 2 1 1 0 0 2 1 0 0 1 0 4 1 2 1 1 0 0 1 0 3 0 1 0 1 1 0 1 0 1 0 0 1 0 1 0 0 1 0 0 0 1 2 1 0 0 0 1 1 1 0 1 0 0 0 0 0 0 1 2 0 0 0 0 0 1 15 4 2 18 0 0 1 3 0 1 0 2 0 0 1 0 
0 0 0 0 1 0 0 0 0 1 0 0 0 0 0 0 3 0 1 0 1 0 0 0 1 0 0 2 1 0 0 0 3 8 2 7 0 0 0 0 1 0 2 1 1 0 2 1 2 0 0 0 0 0 0 1 0 2 1 0 0 0 0 0 0 0 0 0 1 0 1 0 4 0 0 0 0 0 0 1 11 17 9 8 1 0 0 0 1 1 0 0 0 0 0 0 
3 4 0 3 0 0 0 1 1 0 2 1 2 0 2 3 3 1 0 4 0 0 0 0 2 5 0 6 0 0 0 1 0 1 1 1 3 0 1 0 0 1 1 0 0 0 1 0 1 1 1 3 0 0 0 1 0 0 1 0 1 0 1 5 0 0 0 0 0 0 0 2 5 1 2 3 0 0 0 2 1 1 1 1 2 1 1 4 3 0 0 1 0 0 0 0 
0 0 0 0 0 0 0 0 0 0 7 0 0 1 0 0 0 0 2 0 0 0 0 0 0 1 0 1 0 0 0 1 10 6 0 4 0 0 1 0 0 1 0 1 0 0 0 1 0 0 0 0 0 0 0 1 0 3 1 2 0 0 0 0 2 0 0 1 0 0 1 0 0 0 0 1 0 0 0 0 8 20 10 5 1 0 0 1 0 0 1 1 2 0 0 2 
0 2 1 1 1 1 0 0 2 1 10 1 2 0 0 0 2 0 1 0 2 0 0 1 0 0 0 0 1 0 0 1 1 4 5 2 0 0 0 0 1 1 1 0 2 0 1 1 0 0 0 0 0 0 0 1 0 0 3 3 0 0 1 1 0 1 0 0 0 0 0 1 2 0 0 4 0 0 0 2 4 8 6 3 4 0 0 0 1 0 0 3 1 0 1 1 
0 0 0 0 1 0 0 0 1 1 1 0 0 1 0 1 0 0 1 0 0 0 0 1 1 0 0 0 0 0 0 0 3 3 1 3 0 1 0 2 0 0 0 0 0 0 0 1 0 0 0 0 0 0 0 0 1 0 0 0 1 0 0 0 0 0 0 0 0 0 0 0 1 1 0 1 1 0 0 5 31 18 3 13 0 0 0 0 0 0 1 0 0 0 0 0 
0 1 1 0 1 0 0 0 2 0 2 0 0 0 1 0 0 0 1 1 0 0 0 1 0 0 0 3 0 0 0 0 1 0 2 0 0 0 0 1 0 0 0 1 1 0 0 2 1 0 0 0 0 0 0 0 2 3 1 0 1 0 0 0 1 1 0 0 0 0 1 1 3 1 0 1 2 0 0 3 29 11 1 9 0 0 0 1 1 0 1 0 1 0 0 2 
0 0 1 1 2 0 1 2 4 1 2 1 0 0 0 0 3 3 3 1 1 0 1 1 0 1 0 0 0 0 0 1 2 6 1 3 1 1 1 1 1 0 5 3 0 0 0 1 0 2 0 0 0 0 1 0 3 1 0 3 0 0 0 0 4 2 0 3 0 0 1 0 0 1 0 0 0 1 0 1 1 3 2 5 1 0 1 3 1 1 0 0 1 0 0 2 
0 0 0 0 0 0 0 0 7 0 10 2 1 0 0 0 0 0 1 0 0 0 0 0 0 2 0 4 0 0 0 0 0 1 13 1 1 0 0 0 0 0 2 0 0 0 1 0 0 0 0 4 1 0 0 0 8 10 15 4 0 0 0 0 2 0 1 0 0 0 0 0 0 0 0 1 0 0 0 0 0 0 2 1 0 0 0 0 1 0 1 0 0 0 1 2 
2 1 0 0 2 0 0 1 1 1 4 1 0 0 0 1 0 2 0 3 0 0 0 0 3 0 0 0 0 1 1 1 2 0 3 1 0 0 1 0 0 0 2 1 0 0 0 0 1 0 0 0 0 1 0 0 2 2 2 3 0 0 0 0 0 1 0 2 0 0 0 0 2 0 0 11 0 0 0 3 10 2 7 8 0 0 0 0 1 1 0 0 0 0 0 6 
1 1 0 0 0 0 0 1 2 3 6 1 2 2 0 1 2 0 3 2 0 1 1 1 1 2 0 1 0 0 0 2 0 0 5 3 1 1 0 0 2 0 2 0 0 1 0 3 1 0 0 4 0 1 0 1 8 4 5 3 0 0 2 0 1 0 0 1 0 0 0 0 0 1 0 1 0 1 0 0 1 2 4 0 0 0 1 1 0 2 0 0 0 0 0 1 
0 0 0 0 0 0 0 0 0 0 1 0 0 0 0 0 0 0 0 0 0 0 0 0 0 0 0 0 0 0 0 0 0 1 1 0 0 1 0 1 0 0 0 0 0 0 0 0 0 0 0 1 0 0 0 0 2 0 0 0 0 0 0 0 0 0 0 0 0 0 0 0 3 0 0 1 2 0 0 4 38 6 5 31 0 0 0 0 0 0 0 0 1 0 1 0 
3 2 1 1 1 0 0 1 1 0 6 1 3 2 2 2 5 2 3 1 1 0 0 0 1 2 0 2 2 0 0 0 1 0 2 3 1 1 3 1 1 0 1 0 1 0 0 0 2 1 0 1 0 1 0 0 0 1 3 1 1 0 0 1 2 0 1 2 0 0 0 2 5 1 0 2 0 1 0 0 1 0 0 0 1 2 1 1 2 0 0 1 1 1 1 0 
6 2 0 3 1 1 0 0 3 0 4 1 0 2 1 1 1 2 1 3 2 0 0 1 1 3 0 1 0 0 0 1 0 0 0 0 2 2 4 3 2 1 2 1 1 0 0 1 3 0 0 4 0 0 0 0 0 2 1 0 0 1 0 6 0 1 0 0 0 1 1 0 3 1 0 5 0 0 0 1 1 0 1 1 1 0 0 2 0 0 0 0 0 1 1 2 
1 2 0 0 0 0 0 0 3 1 16 1 0 0 1 0 2 0 2 1 1 0 0 0 1 1 1 1 0 0 0 0 0 2 7 1 0 0 0 0 0 1 0 1 0 1 0 0 0 1 0 0 0 0 0 0 2 1 13 3 0 0 0 0 2 2 0 1 0 0 0 0 4 0 0 2 0 0 0 0 3 2 8 1 0 1 0 0 1 1 1 0 1 0 0 2 
2 0 1 1 0 0 0 1 0 2 0 0 0 0 1 1 0 1 0 1 0 0 0 1 1 2 0 0 3 0 0 1 2 6 0 8 0 1 1 1 1 0 1 1 0 0 0 2 0 0 0 0 0 0 0 0 0 3 1 2 0 1 0 0 0 0 0 1 0 0 0 0 3 0 0 1 2 1 1 0 8 10 6 7 0 2 0 1 0 1 1 2 0 0 1 2 
0 1 0 0 0 0 0 1 1 2 1 0 0 1 1 0 0 0 0 1 0 0 0 0 0 2 0 1 0 0 0 0 5 2 2 5 0 1 0 1 0 0 0 0 0 0 0 1 0 0 0 0 0 0 0 0 1 1 3 1 0 0 2 0 0 0 0 0 0 0 0 0 1 2 0 4 1 0 0 3 17 15 10 9 0 0 0 0 0 0 0 0 0 0 0 1 
1 1 0 0 0 0 0 0 1 0 0 1 1 0 1 0 0 1 1 3 0 0 0 0 1 1 0 0 0 1 0 0 1 0 0 1 0 1 0 0 0 1 0 0 0 1 0 1 3 1 1 0 0 0 0 1 2 0 0 1 0 0 0 0 0 0 1 0 0 0 0 1 1 0 1 1 3 0 0 5 25 4 7 18 0 0 0 1 0 0 1 1 0 0 1 0 
4 4 3 1 2 0 0 1 0 1 0 1 0 1 0 1 1 0 2 1 0 0 0 0 5 3 1 1 0 2 0 1 4 3 0 2 1 1 5 1 0 1 0 0 1 0 0 3 3 1 2 2 1 0 2 2 1 0 1 1 2 0 4 0 0 1 0 0 0 0 1 0 1 7 2 2 1 0 1 0 0 1 1 1 0 0 0 0 0 0 0 0 1 0 0 0 
1 1 0 0 0 0 0 0 4 0 10 3 0 0 0 0 0 1 1 1 1 0 0 0 0 2 2 0 0 1 0 0 2 4 10 3 0 1 1 1 0 1 0 0 0 1 0 0 0 1 0 0 0 0 0 1 4 3 6 2 1 0 0 1 1 0 0 0 0 0 0 0 1 1 0 4 0 1 0 0 5 4 6 1 0 1 0 0 0 0 0 0 0 0 1 3 
0 0 0 3 0 0 0 0 0 0 0 0 0 0 0 1 0 1 1 0 0 0 0 0 0 0 0 0 0 0 0 0 0 0 1 0 0 0 0 0 1 0 1 0 0 0 0 1 0 2 0 1 0 0 0 0 0 4 3 1 0 0 0 0 0 2 0 0 0 0 0 0 3 3 1 23 1 0 0 0 15 3 16 5 0 0 0 0 1 1 0 1 0 1 0 3 
0 0 1 0 0 0 0 1 3 2 4 1 0 0 0 1 0 1 1 1 0 0 0 0 0 1 0 2 0 0 0 0 7 5 2 3 0 0 0 2 0 0 2 1 0 0 2 1 0 1 0 1 0 0 0 0 4 5 9 5 0 0 1 0 1 1 0 0 0 0 0 0 0 0 0 1 0 0 0 0 3 11 6 3 0 0 0 0 2 1 0 0 0 0 0 1 
0 0 0 0 0 1 0 0 1 0 3 1 0 1 1 2 2 0 3 1 3 0 0 0 2 0 0 0 1 0 0 1 1 0 2 1 1 1 1 0 2 1 3 1 3 0 0 3 1 0 0 2 0 0 0 0 2 3 0 1 0 0 0 0 0 1 0 2 0 0 0 1 1 1 0 3 3 0 0 2 5 4 0 6 0 0 0 3 3 1 3 1 4 0 0 4 
0 2 1 1 1 0 0 0 0 2 5 0 1 0 0 1 0 1 3 1 0 1 0 1 0 1 2 3 1 0 0 1 1 0 6 2 0 0 0 0 1 1 0 1 0 1 0 2 1 1 0 2 0 0 0 0 2 1 0 2 0 0 3 2 0 0 0 1 0 0 0 0 2 2 0 12 0 0 0 0 0 1 13 2 0 0 0 1 1 1 0 1 0 0 0 5 
0 0 1 1 1 0 0 1 2 2 5 2 0 1 0 0 4 1 1 0 1 0 0 0 1 1 0 2 1 1 0 1 2 1 8 2 0 0 2 1 1 1 1 2 0 0 0 1 1 2 0 1 0 0 0 0 3 1 5 1 0 0 0 1 1 1 0 3 0 0 1 0 2 1 0 4 0 0 0 0 4 3 4 0 0 1 0 2 2 1 0 1 1 0 0 1 
2 0 0 0 0 1 0 2 1 3 3 0 2 0 1 0 3 1 5 1 0 0 0 0 1 2 0 2 0 0 0 0 3 2 3 3 0 1 0 0 1 0 3 1 0 0 1 0 0 0 0 3 0 0 0 0 3 8 5 4 2 0 2 1 3 1 0 2 0 0 0 1 1 0 0 2 0 2 0 0 2 3 1 1 1 0 0 0 1 2 0 0 0 0 1 0 
0 0 0 1 0 0 0 0 0 1 0 0 0 0 0 0 0 0 0 0 0 0 0 0 0 0 0 0 1 1 0 0 5 6 4 5 0 0 0 0 0 0 0 0 0 1 0 0 0 0 0 0 0 0 0 0 0 0 2 0 0 0 0 0 1 0 0 2 0 0 0 2 1 1 0 12 0 0 0 0 6 16 15 8 0 0 0 1 0 0 0 0 0 0 0 8 
1 0 0 2 0 0 0 0 0 0 0 0 0 1 0 0 0 0 0 0 0 0 0 2 1 0 0 2 0 0 0 0 4 4 0 7 0 0 0 0 1 0 0 0 1 1 0 1 0 0 0 0 0 0 0 0 0 3 4 1 0 0 0 0 1 0 1 1 0 0 0 0 1 0 0 16 0 0 0 0 1 9 25 3 0 0 0 0 1 0 3 0 0 0 1 1 
0 1 1 2 0 1 0 0 3 1 6 1 0 0 2 0 2 0 1 0 0 0 0 0 0 5 0 1 1 1 1 1 0 1 3 4 1 1 1 1 0 0 2 0 1 0 0 0 3 1 5 0 0 0 0 0 1 1 3 1 3 2 1 1 0 0 2 0 0 0 0 0 5 1 2 8 0 0 0 0 0 1 2 2 0 0 1 1 1 1 1 1 0 0 0 3 
2 1 3 1 4 1 0 0 1 1 2 0 0 0 1 0 2 0 1 1 0 0 1 1 1 5 0 2 3 1 1 0 2 0 0 2 0 0 1 1 1 0 0 0 0 0 2 0 7 4 0 3 1 0 0 1 1 2 0 2 0 1 2 0 1 0 0 0 0 0 0 0 3 1 1 9 0 1 0 0 2 1 3 2 0 0 0 0 1 2 2 1 0 0 0 1 
0 0 0 0 0 0 0 1 2 1 8 2 0 0 0 1 3 1 1 0 0 0 0 2 2 2 0 3 0 0 0 0 1 0 5 0 0 1 0 0 0 1 1 0 0 1 1 0 0 1 1 3 0 1 0 1 6 6 9 8 0 0 0 0 2 0 1 0 0 0 0 1 0 1 0 6 0 0 0 0 2 1 6 1 0 0 0 0 0 1 0 0 0 0 0 2 
0 0 0 0 0 0 0 0 1 1 1 1 0 0 0 1 1 0 0 0 0 0 0 0 0 1 0 0 2 0 0 0 4 8 6 3 0 0 0 0 0 0 0 0 0 0 0 1 0 1 0 0 0 0 0 0 0 2 1 5 0 0 0 1 0 0 0 1 0 0 0 0 0 0 0 3 0 1 0 0 14 17 13 7 0 0 1 0 0 1 0 0 0 0 0 1 
1 0 0 0 1 0 0 0 0 0 0 0 0 0 0 0 0 0 0 0 0 0 0 1 0 0 0 0 0 0 0 0 8 7 4 10 0 1 0 0 0 1 0 0 0 0 0 0 0 0 0 0 0 0 0 0 0 1 0 2 0 0 1 0 0 0 0 0 0 0 0 0 1 0 0 0 0 0 0 1 10 37 6 7 0 0 0 0 0 0 0 0 0 0 0 0 
1 0 0 0 0 0 0 0 2 2 5 1 0 0 0 0 0 0 1 1 0 0 0 0 1 1 0 2 0 0 0 0 2 3 2 1 0 1 0 0 2 0 2 0 0 0 0 1 0 0 0 1 0 0 0 0 4 2 6 2 0 0 0 0 1 0 0 0 0 0 0 0 1 0 0 6 1 0 0 3 13 8 13 5 0 0 0 0 0 0 0 1 0 0 0 2 
0 0 0 0 1 0 0 1 2 1 0 0 1 0 1 1 1 1 1 1 0 0 0 0 0 0 0 0 1 1 0 2 4 2 2 8 1 0 0 2 0 0 0 0 0 0 2 1 2 0 0 0 0 0 1 0 2 1 0 0 0 0 0 1 2 0 0 2 0 0 0 0 0 1 0 1 1 1 0 2 10 17 4 6 1 0 0 1 1 2 1 0 0 0 1 1 
3 0 0 0 0 0 0 3 4 3 15 0 1 0 0 1 3 0 0 2 0 0 0 2 0 0 0 1 0 0 0 1 0 2 10 2 0 0 1 0 1 0 1 0 0 1 0 0 2 0 0 1 0 0 0 0 4 0 6 1 0 0 0 1 0 0 1 3 0 0 1 0 1 0 0 3 0 0 0 0 2 2 5 3 0 1 0 2 1 1 1 1 0 0 0 0 
0 0 0 0 1 1 0 0 3 2 7 3 0 0 0 1 0 0 1 2 0 1 0 0 0 1 3 2 0 0 0 0 0 1 4 0 0 0 0 0 1 0 6 0 0 0 0 1 0 1 0 2 0 2 0 0 7 10 18 1 0 0 2 0 0 0 1 0 0 0 0 0 0 1 0 2 1 0 0 0 0 3 1 0 0 0 0 0 2 0 1 1 0 1 0 2 
1 3 0 2 3 1 0 1 2 1 1 0 0 0 0 0 3 0 1 1 2 1 2 0 1 4 2 1 0 1 0 4 1 2 0 1 1 0 2 2 2 2 0 1 0 0 1 2 1 3 1 2 2 0 0 1 2 1 2 3 0 1 3 0 1 1 0 0 0 0 0 0 2 3 1 2 0 0 0 0 1 0 0 1 1 0 0 0 0 1 3 0 2 1 1 2 
0 0 0 0 1 0 0 0 3 2 6 0 0 1 0 0 0 2 2 0 0 0 0 0 2 3 0 7 0 0 0 0 3 2 7 1 0 0 0 0 1 0 2 0 0 0 1 1 1 2 0 1 0 0 0 0 6 13 16 6 0 0 0 0 1 0 0 1 0 0 0 0 0 1 0 0 0 0 0 0 0 1 0 0 0 0 0 0 0 0 2 0 1 0 0 1 
0 1 1 2 0 0 0 2 0 0 1 0 0 2 1 0 1 0 0 0 0 0 0 0 2 5 1 2 0 0 0 1 1 5 2 1 0 1 1 3 0 0 0 1 0 0 0 0 0 5 1 3 0 0 0 0 0 0 0 2 1 0 0 0 0 0 0 1 0 0 1 0 2 6 0 15 1 1 0 1 6 0 6 2 0 2 2 0 0 0 1 0 0 0 0 4 
0 2 0 0 0 0 0 1 0 1 6 1 2 0 0 1 1 0 0 0 0 0 0 0 0 0 0 1 0 0 1 1 9 5 7 4 0 0 0 1 0 0 0 0 0 0 0 0 2 0 0 1 0 0 0 0 1 2 5 0 0 0 0 0 0 1 1 1 0 0 0 0 1 1 0 4 1 0 0 0 4 15 6 6 0 0 1 0 1 0 1 1 0 0 0 0 
2 4 1 1 0 0 0 0 1 0 2 1 2 1 1 1 0 0 1 1 0 1 1 0 4 3 0 3 1 1 0 0 0 0 0 2 1 0 2 0 0 1 0 4 0 0 1 0 2 0 1 2 1 0 0 1 0 2 1 1 0 0 1 1 0 0 0 1 0 0 0 0 2 2 0 18 1 0 0 1 0 0 9 2 1 0 1 1 0 0 0 0 0 0 0 4 
1 2 0 2 0 0 0 4 0 0 0 0 0 0 1 2 3 0 0 2 0 0 1 0 0 0 0 2 0 0 0 0 1 1 1 2 1 1 0 3 1 1 0 1 0 1 2 1 0 1 0 1 0 0 0 1 0 1 1 2 1 1 0 0 2 1 0 0 0 0 0 1 1 1 0 1 4 0 0 2 16 2 0 8 0 1 1 1 1 1 0 3 3 0 1 3 
1 2 0 1 0 0 0 1 3 0 6 2 0 0 0 2 2 1 0 1 0 0 0 3 1 1 0 2 0 0 0 0 0 1 7 0 0 1 1 0 1 2 0 0 0 0 1 0 0 0 0 1 0 0 0 0 1 3 14 2 0 0 0 1 0 2 1 1 0 0 0 0 0 0 0 6 0 0 0 0 0 3 14 1 2 0 0 3 0 0 0 0 0 0 0 2 
2 0 0 1 4 0 0 6 4 1 3 0 0 2 0 2 0 0 0 1 0 0 0 1 2 3 0 1 3 1 0 2 2 5 2 0 0 0 4 1 0 2 0 0 0 1 0 1 0 1 0 2 0 2 0 0 2 0 1 3 0 0 0 3 1 0 0 0 0 1 2 0 0 3 1 5 1 0 0 1 0 4 1 1 0 0 1 3 1 1 1 1 0 0 0 0 
1 2 0 0 1 0 0 0 3 2 5 2 3 0 1 2 1 0 2 0 0 0 0 0 4 2 1 3 0 0 0 0 1 0 4 1 0 4 3 6 0 0 1 1 1 1 0 0 4 0 0 2 0 0 0 1 0 3 5 1 0 1 1 0 1 0 0 1 0 1 1 0 0 0 0 3 0 0 0 0 3 1 2 0 1 1 1 1 1 2 0 0 0 1 1 2 
4 2 2 1 2 0 0 1 1 0 0 0 3 0 0 0 0 0 1 1 0 0 0 0 2 3 1 6 1 2 0 0 1 2 1 1 2 1 5 0 1 1 1 1 0 0 1 1 2 3 1 2 1 1 0 0 2 1 0 1 1 1 2 0 0 0 3 2 0 0 0 0 4 7 0 5 0 2 0 0 3 0 0 1 0 0 0 0 1 0 0 1 0 0 0 1 
1 2 0 1 3 1 0 1 0 2 0 3 1 0 0 0 3 1 3 3 0 0 0 0 2 0 0 1 2 0 0 5 4 0 0 0 0 2 0 0 0 2 0 3 0 0 1 1 1 0 0 1 2 1 0 0 1 0 0 2 1 2 2 1 2 2 1 0 0 0 2 1 1 1 0 3 2 4 0 1 3 1 0 3 2 1 4 1 0 1 0 0 0 1 1 0 
1 0 0 2 3 0 0 5 1 1 0 1 1 0 3 4 0 0 4 0 0 0 0 0 3 3 2 2 1 1 0 0 0 0 0 1 0 2 3 2 3 1 2 0 0 1 1 0 1 0 0 3 0 0 0 3 6 1 0 2 1 0 0 0 0 0 1 1 0 0 2 1 1 4 0 1 0 2 0 2 1 1 0 1 0 1 2 3 0 2 0 2 0 0 0 1 
2 1 0 3 1 0 1 1 2 0 0 1 1 0 1 3 3 0 2 0 2 0 0 0 4 0 0 2 0 0 0 0 3 0 0 0 0 1 5 0 0 2 3 3 0 0 1 2 2 0 0 2 0 0 0 1 0 0 1 1 1 1 0 3 0 2 0 2 0 0 0 0 5 1 0 7 1 1 0 0 1 2 3 0 2 0 0 5 0 1 0 0 1 1 1 2 
1 2 0 1 1 2 0 0 1 0 0 0 2 1 0 1 1 1 0 3 0 0 2 2 2 0 0 1 3 1 2 1 1 2 0 3 0 2 1 0 2 0 1 1 1 0 3 1 0 1 0 0 0 1 0 1 3 1 0 1 0 0 0 0 0 2 1 0 1 1 3 1 3 0 0 3 0 1 0 4 5 2 0 3 1 3 1 0 1 0 2 2 0 0 0 3 
0 1 0 2 0 0 0 0 0 0 0 0 1 0 0 1 2 2 0 1 2 0 1 0 1 1 0 2 0 0 0 0 0 1 1 0 0 0 1 0 0 0 2 1 2 1 2 4 0 0 0 0 0 0 0 0 0 1 1 4 0 0 0 0 0 0 0 2 0 0 0 1 2 1 0 21 0 0 0 0 0 1 14 3 0 2 0 1 1 2 1 1 4 1 0 4 
0 0 0 1 0 0 1 2 0 2 2 0 2 0 0 1 5 0 2 3 0 0 0 3 1 0 0 0 0 0 0 0 2 1 2 1 2 2 0 1 0 0 1 3 0 0 0 3 0 1 0 0 2 0 0 1 1 1 2 1 0 1 1 0 0 0 1 0 0 0 0 0 5 0 0 11 0 0 0 0 4 0 9 1 0 0 1 0 1 4 1 1 1 1 1 4 
1 0 0 0 1 0 0 0 0 1 3 2 1 0 0 2 0 0 0 1 0 0 0 0 0 0 0 2 0 0 0 0 1 1 1 1 0 1 1 0 0 0 2 1 0 0 1 1 0 2 0 0 1 1 0 0 0 1 2 1 0 0 1 1 0 1 0 1 0 0 0 1 5 0 0 4 2 1 0 0 24 4 3 11 0 0 0 1 1 1 1 1 0 1 1 1 
1 0 0 0 0 1 0 2 3 0 0 0 2 0 0 3 1 1 2 1 1 0 1 1 1 1 0 0 0 0 0 1 0 0 0 2 0 1 1 1 0 1 3 6 2 0 0 1 0 3 0 2 0 0 0 1 2 0 1 3 0 0 0 1 2 1 3 2 3 0 0 1 1 1 0 1 0 0 0 1 2 0 0 0 1 2 0 4 5 0 5 0 4 2 1 4 
4 0 0 2 0 0 0 0 1 3 12 1 0 0 0 1 1 0 1 1 0 0 0 0 1 1 0 2 0 0 1 0 2 1 7 2 0 0 1 0 0 0 0 0 0 0 0 1 0 0 0 0 0 0 0 0 3 4 8 2 0 0 0 0 0 0 0 1 0 0 0 0 2 0 0 2 1 0 0 2 8 4 6 6 0 0 0 1 2 0 1 1 0 0 0 0 
3 3 1 0 0 1 0 0 4 2 9 2 0 0 1 0 1 2 0 1 0 0 0 0 0 5 0 3 1 1 1 0 2 2 2 3 0 0 1 2 0 0 1 0 0 1 1 0 2 2 2 1 2 1 0 0 3 3 3 1 0 0 0 1 0 0 1 1 0 0 0 0 3 4 1 0 0 1 0 0 1 4 1 1 0 2 0 0 0 0 0 1 0 1 1 0 
2 0 1 0 0 1 0 0 5 4 1 2 1 0 1 1 1 2 0 3 0 0 2 0 1 0 0 2 0 1 1 1 3 2 1 2 0 1 0 2 0 0 3 3 1 0 0 0 1 1 2 2 0 1 0 0 0 2 5 2 2 0 0 1 0 1 1 0 0 0 0 0 3 3 0 1 0 1 0 2 1 4 0 0 0 1 2 1 1 1 0 2 1 2 0 2 
4 1 0 2 6 2 1 0 2 2 0 1 0 1 0 1 1 0 2 2 0 0 1 0 3 1 1 0 2 2 0 0 1 1 3 2 0 1 4 3 3 1 0 2 0 1 2 1 1 0 0 2 1 1 1 0 2 1 1 1 0 0 2 0 0 1 1 0 1 0 3 2 0 0 0 3 1 2 0 1 0 4 0 0 2 0 1 0 0 0 1 1 0 0 0 0 
2 1 0 0 2 0 0 0 2 1 4 1 0 1 0 0 1 2 1 1 0 1 0 0 2 6 1 3 0 0 0 0 1 1 6 1 0 0 0 2 0 0 1 0 0 0 2 1 1 0 1 0 0 0 0 0 5 7 7 5 0 0 0 1 0 0 2 0 0 0 1 0 1 2 0 2 0 0 0 1 6 0 1 2 0 0 2 2 0 0 1 1 0 1 1 0 
0 0 0 0 0 0 0 0 1 0 0 0 0 0 0 0 2 0 0 0 0 0 0 1 0 0 0 0 0 0 0 0 3 0 0 2 0 0 0 0 0 1 0 0 0 0 0 0 0 0 0 0 0 0 0 0 1 0 0 0 0 0 0 0 0 0 0 0 0 0 0 0 1 0 0 1 1 0 0 8 37 11 3 27 0 0 0 0 0 0 0 0 0 0 0 0 
2 1 0 0 0 1 0 0 1 2 5 0 0 0 0 5 1 1 1 3 1 0 0 1 2 0 0 3 0 0 0 0 0 0 0 0 0 0 0 0 0 2 2 4 2 0 3 2 1 0 0 0 0 0 0 1 0 2 0 0 0 0 0 0 0 0 0 2 1 1 0 1 1 2 0 6 1 0 0 3 6 3 2 8 2 1 0 0 2 0 0 0 4 1 0 4 
1 0 0 0 0 0 0 0 1 2 2 0 1 1 0 0 2 0 1 1 0 0 1 1 1 1 0 3 1 1 1 0 1 1 2 5 1 3 0 1 1 2 3 0 1 0 3 1 0 1 0 0 0 0 0 0 1 0 2 3 2 0 3 1 0 0 3 1 0 0 1 1 2 2 0 11 0 1 0 1 0 2 5 2 0 0 1 1 1 0 0 1 0 0 0 4 
4 3 0 2 2 1 0 0 1 0 2 1 0 0 1 0 1 0 2 1 0 0 0 1 2 5 0 3 0 1 0 1 2 1 1 1 2 1 0 1 1 0 0 0 0 0 0 1 2 4 1 2 0 1 0 0 0 1 2 2 1 0 1 0 1 0 0 0 0 0 1 0 1 6 1 14 0 0 0 0 2 0 4 2 1 0 1 0 1 0 0 0 1 0 1 1 
2 1 1 1 0 0 0 0 3 0 12 2 0 3 1 0 1 0 3 1 0 0 0 0 1 0 0 0 1 0 0 1 2 0 4 0 0 0 0 1 0 2 1 1 0 0 0 0 3 2 0 1 0 0 0 1 2 4 8 0 0 0 0 0 1 1 1 0 0 0 0 0 4 1 0 6 0 0 0 0 7 3 4 2 0 0 1 0 0 0 0 1 0 1 0 1 
0 0 0 0 0 0 0 0 0 0 0 2 0 0 0 0 1 0 1 1 0 0 0 0 0 0 0 1 0 0 0 0 1 3 2 2 1 0 0 0 0 0 0 1 0 0 1 2 0 0 0 0 0 0 0 0 1 2 3 2 0 0 0 0 0 2 0 0 1 0 0 0 4 1 1 21 0 0 0 0 4 12 16 2 0 0 0 1 0 0 1 2 1 0 0 4 
0 0 0 0 0 0 0 0 1 4 7 0 0 0 0 0 0 1 5 0 0 0 0 0 2 2 1 6 0 0 0 0 3 1 6 3 0 0 0 0 2 0 1 0 0 0 0 2 0 1 0 0 0 0 0 0 3 12 4 4 0 0 0 0 0 0 1 0 0 1 0 0 0 0 0 1 0 0 0 0 4 11 6 2 0 0 1 0 0 0 1 1 0 0 0 0 
1 1 0 1 1 0 1 2 1 2 1 4 0 2 0 0 2 2 1 0 0 0 1 0 1 5 0 1 4 0 0 0 3 1 1 2 1 1 0 1 1 0 1 0 1 4 0 1 1 1 0 1 1 1 0 2 2 1 0 2 0 0 1 2 0 1 0 2 0 1 1 1 1 1 0 6 1 1 2 0 1 4 1 2 0 0 0 0 1 2 1 0 1 2 0 0 
5 2 1 2 1 0 0 0 3 1 0 1 1 0 2 0 0 0 1 0 0 0 0 0 5 6 0 4 1 1 2 1 1 3 0 2 1 2 8 1 0 0 0 1 0 0 0 0 1 0 0 1 0 1 1 2 0 1 0 4 1 0 1 0 1 0 0 0 0 0 0 0 2 4 0 9 1 1 0 0 1 0 3 0 2 0 0 0 0 1 1 1 0 0 0 1 
0 1 0 0 0 0 0 0 0 2 1 0 0 0 0 0 1 0 0 0 0 0 0 0 0 0 0 0 0 0 0 1 5 13 3 8 0 0 0 1 0 0 0 0 0 0 0 0 0 0 0 0 0 0 0 0 1 1 0 3 0 0 0 0 0 0 0 1 0 0 0 0 0 0 0 0 0 0 0 1 11 26 9 9 0 0 0 1 0 1 0 0 0 0 0 0 
0 3 0 0 0 0 0 0 1 2 1 1 0 0 1 0 0 0 0 1 0 0 0 2 1 1 0 2 0 1 0 1 3 6 0 1 2 0 1 0 0 0 0 1 0 0 0 0 1 1 0 1 0 0 0 0 0 2 0 2 0 0 0 0 0 2 0 1 0 0 0 0 2 0 0 9 0 0 0 0 3 19 10 4 0 2 0 2 0 1 0 1 2 0 0 3 
2 1 0 3 0 0 0 0 1 2 1 1 0 0 2 1 1 1 0 0 1 0 0 0 1 1 0 1 0 0 0 0 6 2 3 8 0 1 0 1 1 0 0 0 1 0 0 1 3 0 0 1 0 0 0 0 2 0 1 0 2 1 1 2 0 0 0 0 0 0 0 0 5 1 0 1 0 0 0 0 1 12 5 9 0 2 0 3 1 0 1 1 0 0 0 1 
2 1 0 0 1 3 0 3 1 0 2 0 0 3 3 3 2 2 2 0 1 1 0 0 0 0 0 0 2 0 0 2 3 0 2 2 1 0 1 0 2 1 4 1 0 0 0 2 1 0 0 0 1 1 0 0 3 0 1 3 1 0 0 0 2 0 1 1 0 0 0 0 1 1 3 2 0 0 1 2 6 1 0 4 1 1 0 0 3 0 0 1 1 1 0 3 
8 1 0 3 1 0 0 0 0 0 0 1 0 0 1 0 0 1 2 1 0 0 1 0 5 11 0 4 1 0 1 2 1 0 0 1 2 2 0 3 1 1 2 1 0 0 0 0 0 6 3 0 2 1 0 0 1 1 0 1 1 1 2 0 1 0 0 0 0 0 0 1 4 4 1 2 2 1 0 1 1 2 0 0 1 0 0 0 0 1 1 0 0 0 0 0 
4 4 1 6 0 0 0 0 1 0 0 1 3 0 2 0 3 1 1 0 0 0 0 0 6 2 3 1 0 1 0 0 2 2 1 1 1 0 3 4 1 0 0 1 0 0 1 0 3 1 2 3 0 3 1 0 0 0 0 2 0 2 3 1 2 1 0 0 0 0 1 0 3 3 1 2 0 0 0 0 0 2 0 1 0 1 0 1 2 0 1 0 0 0 1 0 
2 2 0 4 1 1 0 2 3 0 2 2 3 1 1 2 0 0 1 1 2 1 0 2 2 2 0 3 1 0 0 0 2 0 1 2 1 0 2 1 2 0 0 1 1 0 0 3 2 0 0 2 0 0 0 1 2 0 0 0 0 1 1 2 1 0 0 3 1 0 1 0 1 2 0 3 0 0 0 0 2 0 1 0 3 3 2 2 1 0 1 1 0 1 1 2 
0 0 0 1 1 0 0 0 1 1 3 0 0 0 1 0 3 1 2 0 4 0 0 2 0 0 0 0 0 0 0 0 2 0 1 1 0 0 0 1 2 0 0 0 0 0 0 1 0 0 0 0 0 0 0 1 0 1 1 0 0 0 0 0 0 0 0 1 0 0 0 4 5 1 0 2 2 1 0 7 18 8 3 7 1 1 0 1 0 0 1 1 1 0 1 3 
3 3 0 3 1 1 0 3 0 0 2 2 1 1 1 2 0 2 2 2 0 0 0 0 1 2 0 4 1 0 0 1 2 0 0 5 1 2 1 5 0 0 2 0 0 0 1 1 2 1 0 2 0 0 0 0 1 1 2 0 0 1 0 3 0 0 0 0 0 0 0 0 5 2 0 6 1 0 0 1 0 1 1 2 0 1 2 1 1 0 0 3 1 1 0 0 
2 0 1 0 0 0 1 1 0 0 0 1 1 0 0 0 0 0 0 0 0 0 0 0 1 1 0 2 0 1 2 0 6 5 1 4 0 1 2 1 0 2 1 1 0 0 0 0 2 4 0 1 0 1 0 0 1 1 0 1 0 0 0 0 0 1 0 1 0 0 1 0 2 3 0 2 0 0 0 1 7 14 12 5 1 0 0 0 0 0 1 0 0 0 0 0 
0 1 0 0 0 0 0 1 1 0 0 0 0 0 0 1 0 0 0 0 0 0 0 0 0 0 0 1 0 0 0 0 1 1 0 2 0 0 0 0 0 0 0 0 0 0 0 0 0 0 0 0 0 0 0 0 0 1 0 0 0 0 0 0 0 0 0 0 0 0 0 0 2 2 0 2 2 0 0 4 39 8 4 27 0 0 0 0 0 0 0 0 0 0 0 0 
0 0 0 0 0 0 0 0 1 0 0 2 0 0 0 0 0 1 0 1 0 0 0 2 3 0 0 0 0 0 0 0 4 5 0 5 0 0 0 1 1 2 1 1 0 0 0 1 1 0 0 0 0 0 0 0 0 0 3 1 0 0 0 2 0 0 0 1 0 0 0 2 0 0 0 4 0 0 0 0 12 19 9 7 1 1 1 0 0 0 0 1 2 0 0 2 
0 2 0 0 0 0 0 1 3 1 1 0 1 0 1 1 6 1 3 0 1 0 0 1 0 0 0 2 0 1 0 0 1 0 1 3 0 1 0 0 1 1 2 2 5 0 0 3 2 0 0 0 0 1 0 0 0 1 1 1 0 0 0 0 0 1 1 0 1 1 2 5 5 1 0 3 1 1 0 0 1 2 1 1 0 2 3 1 1 2 0 1 4 1 1 5 
0 0 0 0 0 0 0 0 0 1 3 1 0 0 0 0 1 0 2 0 0 0 0 0 0 1 0 2 0 0 0 0 0 0 5 1 0 0 0 0 0 0 2 0 0 0 0 0 0 0 0 0 0 0 0 0 2 3 2 2 0 1 0 0 0 0 1 0 0 0 0 0 1 0 0 2 2 0 0 7 33 6 4 15 0 0 0 0 0 0 0 0 0 0 0 0 
2 0 0 2 1 0 0 0 2 1 17 0 0 0 0 1 1 0 2 2 0 0 0 0 1 3 0 5 1 0 0 0 1 0 7 3 1 1 0 1 0 0 1 0 0 0 0 0 0 2 0 0 1 0 0 0 2 1 10 0 0 0 0 1 2 3 1 0 0 0 1 0 1 0 0 1 0 0 0 0 2 2 8 0 0 0 0 1 0 1 3 0 0 0 1 0 
1 0 0 0 0 0 0 1 2 0 4 0 1 0 0 3 2 2 2 6 2 0 0 0 0 2 0 0 0 0 0 0 3 2 2 3 0 0 1 0 4 0 4 2 0 1 1 4 1 0 1 1 0 0 0 1 1 1 1 0 0 1 1 0 0 0 0 0 0 0 1 0 4 0 0 1 0 0 0 1 2 2 1 3 1 0 2 2 1 3 1 1 4 0 2 4 
1 0 0 4 1 0 0 0 3 3 0 1 0 0 1 1 0 1 2 1 0 0 2 1 1 1 0 1 0 0 0 2 2 3 2 4 0 0 1 6 1 0 0 1 0 0 1 0 1 0 0 2 0 0 0 0 1 1 1 1 1 0 1 2 0 0 0 0 0 0 1 0 1 2 0 1 1 0 0 1 10 5 3 10 1 1 1 1 1 0 0 1 0 0 0 0 
3 1 2 2 1 0 0 0 1 2 5 1 0 0 1 0 0 2 0 0 0 0 0 0 2 3 0 5 0 0 0 0 5 3 4 0 1 0 2 1 0 0 0 0 0 0 0 0 4 3 4 0 0 1 0 0 3 1 1 1 0 2 0 1 1 0 1 0 0 0 0 0 6 1 0 2 0 2 0 1 4 3 0 5 0 0 1 0 2 0 0 2 0 1 0 0 
1 3 0 1 3 1 1 2 0 2 0 2 2 2 2 1 1 0 0 2 0 1 1 0 2 1 0 0 0 0 1 3 2 3 0 3 1 2 3 3 0 1 0 2 0 0 1 0 1 2 3 1 2 0 0 0 7 0 0 2 0 0 1 2 0 0 0 1 0 1 1 0 2 4 1 0 0 1 0 3 1 2 0 0 1 2 0 2 1 0 0 0 0 0 0 0 
1 1 0 0 1 1 0 1 1 0 0 1 0 1 0 2 1 1 0 0 2 0 1 2 1 0 0 0 0 0 0 0 3 3 2 3 0 1 0 1 0 1 2 2 2 0 0 4 0 0 0 0 0 0 0 1 0 0 2 1 0 0 0 0 1 0 1 2 0 0 0 1 0 1 0 7 0 1 0 1 3 7 4 9 1 0 3 0 1 0 1 0 1 0 1 8 
0 1 0 1 2 1 0 2 1 0 1 1 3 2 2 0 3 0 1 2 1 0 0 1 1 0 0 0 1 0 0 1 3 0 0 2 1 2 1 2 1 1 0 1 0 1 0 0 0 2 0 0 0 1 0 0 2 1 3 1 0 1 1 1 1 1 0 1 0 2 1 0 6 1 2 11 0 0 0 1 1 3 3 2 0 0 0 0 2 1 0 1 1 1 2 0 
3 5 1 2 2 1 1 4 4 0 0 0 0 0 0 0 0 0 2 0 1 0 0 0 2 2 1 7 2 1 1 0 0 4 1 2 1 4 1 0 0 0 0 2 1 1 0 0 2 7 3 2 1 1 0 1 0 1 0 1 0 1 1 1 1 0 0 1 0 0 0 0 1 3 0 0 1 0 0 0 2 1 1 2 1 0 0 0 1 0 0 0 0 0 1 3 
2 3 1 1 0 0 1 0 2 0 6 0 0 0 1 1 1 1 1 0 1 0 0 0 1 3 0 1 0 1 0 1 0 1 0 4 1 0 1 0 0 0 1 0 1 0 1 0 3 1 0 0 2 0 0 0 2 2 2 1 1 0 0 0 0 0 0 0 0 0 1 0 5 2 1 0 2 0 0 5 11 7 1 9 1 1 0 0 1 0 0 0 0 0 0 0 
0 0 0 0 0 0 0 0 2 1 2 4 0 0 0 2 0 0 2 0 0 0 0 0 1 0 1 12 0 0 0 0 0 0 7 3 0 1 0 0 0 0 6 0 0 1 0 3 0 0 0 0 0 0 0 0 9 6 10 4 0 0 0 0 2 0 2 1 0 0 0 0 2 1 0 1 0 0 0 0 1 3 5 1 0 0 0 0 1 1 0 0 0 1 0 1 
1 3 0 0 4 0 1 1 2 1 1 0 1 0 0 0 1 0 0 0 0 0 1 1 0 2 0 2 0 1 0 0 1 1 1 1 0 1 0 0 0 2 0 0 0 0 0 1 1 0 0 0 1 1 0 1 2 1 0 1 0 0 1 0 0 0 0 2 0 1 2 1 6 2 0 16 3 1 0 2 0 2 4 2 0 1 1 2 2 1 0 2 1 1 0 5 
2 2 0 1 0 0 0 0 1 1 0 1 0 0 0 0 0 0 0 0 0 0 0 0 1 0 0 0 0 0 0 0 6 8 1 7 0 0 0 0 0 1 0 0 0 1 0 0 0 0 0 0 0 0 0 0 0 2 0 3 0 0 0 1 0 1 1 1 0 0 0 0 0 0 0 0 0 0 0 0 13 31 4 8 0 0 0 0 0 0 0 1 0 0 0 1 
0 0 0 0 0 0 0 1 5 2 8 0 0 0 1 1 1 0 0 1 0 0 0 0 0 1 0 1 1 0 0 0 1 5 4 3 0 1 2 0 0 0 0 0 0 0 0 0 0 0 0 0 0 1 0 0 4 7 6 5 0 1 0 0 0 0 0 1 0 0 0 1 1 1 0 0 0 0 0 0 8 15 8 2 0 0 0 0 0 0 0 0 0 0 0 0 
0 0 0 0 0 0 0 0 1 0 1 1 0 0 0 0 0 0 0 0 0 0 0 0 0 0 0 0 0 0 0 0 6 2 0 5 0 0 0 0 0 0 0 1 0 0 0 0 0 0 0 0 0 0 0 0 0 2 0 1 0 0 0 0 0 0 0 0 0 0 0 0 1 0 0 2 0 0 0 5 28 20 10 14 0 0 0 0 0 0 0 0 0 0 0 0 
0 0 0 0 0 1 1 0 2 1 0 0 0 0 0 0 3 0 0 0 0 0 0 0 0 1 0 1 0 0 1 0 0 0 1 3 0 0 0 0 0 1 3 0 0 0 0 1 0 0 0 0 0 0 0 0 0 2 1 3 0 0 0 0 0 1 0 1 0 0 0 0 1 0 0 16 1 0 0 4 23 5 2 12 0 0 0 1 1 2 0 0 0 0 1 3 
0 0 0 0 0 0 0 0 3 0 1 2 0 1 0 0 2 2 1 1 0 0 0 1 0 1 1 2 0 1 0 1 1 1 1 2 0 1 0 1 0 1 1 2 0 0 1 1 3 2 0 3 0 0 0 0 2 1 1 4 2 0 1 0 2 0 0 1 0 0 0 0 0 1 0 3 1 0 0 3 23 4 0 4 1 1 1 0 0 1 0 2 0 0 0 0 
0 2 0 1 2 0 0 0 3 0 1 1 1 0 2 1 0 2 2 2 1 0 0 0 0 1 0 2 0 0 1 0 2 2 0 1 0 0 0 1 0 2 1 3 2 0 1 2 2 2 0 0 0 0 0 0 3 0 2 0 1 0 1 0 2 0 0 0 0 0 0 2 0 3 0 1 0 1 0 2 4 5 6 4 1 0 1 0 1 1 0 4 2 1 2 4 
2 0 0 2 0 0 0 1 2 0 1 0 0 0 0 0 1 0 2 1 0 0 0 1 1 0 1 0 0 0 0 0 1 0 2 3 0 0 0 1 0 1 1 1 0 0 1 2 0 0 0 3 0 0 0 0 1 1 1 2 0 0 2 0 1 0 1 1 0 0 1 0 3 3 0 19 1 0 0 0 3 4 11 5 1 0 0 1 1 3 0 1 0 1 0 1 
2 2 0 4 0 2 1 0 2 0 0 1 0 0 1 0 1 1 4 3 1 1 0 1 3 1 0 2 0 0 0 0 2 4 4 2 0 0 1 2 1 0 1 1 0 0 0 1 1 2 2 2 0 1 1 0 0 2 1 1 1 0 0 0 2 2 0 0 0 0 0 0 4 4 0 6 0 1 0 0 0 2 3 1 1 0 0 0 2 3 2 0 0 0 1 0 
4 0 0 1 0 0 1 0 1 1 9 0 2 0 0 0 0 0 0 0 1 0 0 0 3 1 0 3 0 0 0 0 3 2 8 2 1 0 2 1 1 1 0 0 0 0 0 0 2 1 0 3 0 0 0 2 2 1 8 1 0 1 2 1 2 0 0 1 0 0 0 0 1 1 1 0 1 1 0 1 1 2 7 3 0 1 0 0 0 1 1 1 1 0 0 1 
1 2 1 2 0 0 0 0 0 0 0 1 0 0 0 0 0 3 0 0 0 1 0 1 0 1 0 1 1 0 0 0 0 0 1 2 0 0 0 0 0 0 0 1 0 0 0 1 0 0 0 0 0 0 0 0 1 3 3 2 0 0 0 0 0 0 0 2 0 0 0 0 3 1 1 27 0 0 0 1 2 2 18 4 0 0 0 1 0 0 1 0 1 0 0 7 
0 0 0 1 0 0 0 0 0 0 1 0 0 0 0 0 0 0 0 1 0 1 0 2 0 1 0 1 0 0 0 0 0 0 1 1 0 0 0 0 0 0 1 0 0 0 1 2 0 0 0 3 0 0 0 0 0 1 3 1 0 0 0 0 2 2 0 3 0 1 0 0 6 0 0 22 0 0 0 0 0 1 26 2 0 1 0 0 0 1 0 1 0 2 0 8 
0 1 0 0 0 1 0 0 4 1 6 2 1 1 0 1 2 0 2 0 0 1 0 0 2 2 1 5 0 0 0 0 1 0 5 1 1 0 1 0 0 2 3 0 0 0 0 0 2 0 0 1 0 0 0 0 1 6 10 4 0 0 0 0 0 0 1 0 0 0 0 0 0 0 0 0 1 0 0 5 8 3 1 7 0 0 0 0 0 0 1 1 0 0 0 1 
2 1 1 0 0 0 0 0 1 0 8 1 1 0 0 0 1 0 1 0 0 0 0 0 0 1 0 0 0 0 0 0 2 2 6 2 0 0 0 0 0 0 0 1 0 1 0 1 0 0 0 0 0 1 0 0 4 0 5 3 0 0 0 0 1 0 1 1 0 0 0 0 1 1 0 2 0 0 0 2 3 18 10 10 1 0 0 0 0 0 3 0 0 0 0 0 
0 0 0 0 0 0 0 0 6 5 16 0 0 0 0 4 5 1 1 1 0 0 0 0 1 1 0 0 0 0 0 0 1 0 6 0 0 1 0 0 0 1 0 0 0 0 0 0 3 0 0 0 0 0 0 0 1 6 18 2 0 0 1 0 0 0 0 0 0 0 0 0 1 1 0 1 1 0 0 1 3 1 3 2 0 0 0 0 0 0 1 1 1 0 1 1 
1 2 0 3 0 0 0 0 1 1 1 0 0 0 0 0 1 0 0 1 0 0 0 1 0 0 0 3 0 1 0 0 1 1 2 0 0 0 0 1 0 1 0 0 1 1 0 2 1 1 0 3 0 0 0 0 0 1 3 0 1 0 1 1 0 0 0 1 0 0 1 0 5 0 0 22 0 1 0 0 4 3 18 3 0 0 0 1 0 0 1 1 0 1 0 0 
1 1 0 0 0 0 0 0 2 1 2 1 0 1 0 1 1 0 2 0 0 0 2 1 2 1 0 2 0 0 0 0 0 0 3 1 0 1 0 0 0 1 0 1 1 0 0 0 0 3 0 2 0 0 0 2 0 4 1 3 0 0 0 0 0 0 1 3 0 0 1 0 2 1 1 15 0 2 0 2 1 5 9 2 0 1 0 0 1 2 0 1 0 2 0 4 
1 0 1 0 0 0 0 1 2 0 1 0 0 1 0 1 0 0 0 0 0 0 0 0 0 0 0 1 0 0 0 1 0 0 3 4 0 0 1 0 0 0 0 0 0 0 0 1 0 0 0 0 0 0 0 0 3 1 0 1 0 0 0 0 0 0 0 0 0 1 0 1 4 2 0 4 2 0 0 9 21 4 4 19 1 1 1 0 0 1 0 0 0 0 0 1 
0 0 0 0 0 0 0 0 1 1 1 1 1 0 0 0 1 1 0 0 0 0 0 0 1 0 0 1 0 0 0 0 3 1 1 1 0 0 0 1 0 0 1 2 0 0 0 0 0 0 0 0 0 0 0 0 0 1 2 1 0 0 0 0 1 0 0 0 0 0 1 0 1 1 0 1 4 1 0 7 33 6 7 13 0 0 0 1 0 0 0 0 0 0 0 0 
2 1 1 1 0 0 0 1 2 1 11 3 1 0 0 0 3 0 3 0 1 1 0 0 0 1 2 0 0 0 1 0 3 2 5 0 0 0 2 1 0 0 2 3 0 0 0 1 1 0 1 0 0 1 0 0 1 2 9 3 0 0 1 0 0 1 0 1 0 0 0 0 0 3 0 1 1 0 0 0 0 4 6 2 0 1 0 0 3 0 3 0 0 0 0 0 
4 2 1 0 0 2 1 0 0 0 2 2 0 1 1 0 0 1 1 0 0 1 0 0 1 3 0 0 2 2 0 2 1 0 1 1 1 2 0 0 1 0 0 1 0 2 2 0 3 0 0 0 1 0 0 2 1 0 1 1 0 0 1 2 0 1 0 0 0 0 0 0 1 4 0 0 2 1 0 5 16 2 0 4 1 0 0 2 0 1 0 2 1 2 0 2 
1 0 0 0 1 1 0 1 1 4 0 1 2 1 3 0 4 0 4 1 0 0 1 0 2 1 0 0 1 0 0 1 1 2 2 2 1 0 2 3 0 2 1 1 1 0 1 2 0 1 0 3 2 0 0 1 6 0 2 3 0 1 0 0 1 0 1 0 0 1 1 0 1 1 0 2 0 3 0 2 2 1 0 2 2 1 2 2 1 0 0 1 0 0 0 2 
1 0 0 2 0 0 0 1 0 1 7 1 0 1 0 0 0 0 0 3 1 0 0 1 0 2 0 7 0 0 0 0 0 1 8 2 0 2 1 0 1 0 1 1 0 0 0 0 0 1 0 0 0 0 0 0 3 3 9 5 0 0 0 0 2 1 1 1 0 0 0 1 2 0 0 6 1 0 0 0 3 1 8 1 0 0 0 0 1 1 1 1 0 1 0 1 
2 1 0 2 1 0 0 2 2 0 0 2 1 0 0 1 2 0 2 5 0 1 1 1 1 2 0 6 1 1 0 4 3 0 0 2 3 1 2 1 1 3 0 0 0 0 0 0 1 0 0 0 0 1 0 3 1 0 2 1 2 0 0 1 0 2 1 2 1 0 0 1 2 0 0 2 2 4 0 2 2 1 0 0 0 0 1 0 2 1 0 1 1 0 2 1 
0 0 0 0 0 0 0 0 0 1 0 0 0 1 0 0 0 0 0 2 0 0 0 1 0 0 0 0 0 0 0 0 9 9 0 5 0 0 0 0 0 0 0 0 0 0 0 0 0 1 0 0 0 1 0 0 0 0 0 1 0 0 1 0 0 0 2 0 0 0 0 0 0 0 0 0 0 0 0 0 11 31 7 9 1 0 0 2 0 0 1 1 2 0 0 1 
1 0 0 0 0 2 0 0 2 4 4 2 2 0 0 3 2 0 1 7 0 1 2 0 1 0 0 0 1 1 1 0 2 0 1 1 1 1 1 1 1 2 1 2 0 0 0 1 0 0 0 1 1 1 0 1 1 2 2 1 1 0 0 0 1 1 3 1 0 0 2 0 0 3 1 4 0 0 0 0 2 2 2 2 1 1 1 1 1 0 3 2 0 1 0 2 
0 1 0 1 1 0 0 0 0 0 0 1 0 0 2 0 1 0 2 1 0 0 0 2 0 0 0 2 0 0 0 1 0 1 0 0 0 0 1 0 0 1 2 1 0 0 0 0 0 1 0 1 0 0 0 1 1 1 1 0 0 0 0 0 3 2 0 0 0 0 0 0 3 1 0 31 0 0 0 0 2 2 19 4 0 0 1 1 0 1 0 0 0 0 0 3 
5 1 0 2 2 0 0 0 1 0 1 1 2 0 2 0 2 1 1 2 2 0 0 4 3 2 0 2 0 0 0 0 0 0 1 1 1 1 0 0 3 1 1 0 0 0 0 1 3 0 0 1 0 1 0 1 0 0 1 0 1 0 1 2 0 0 3 2 0 0 1 0 2 0 0 5 0 1 0 0 0 1 2 3 2 0 1 1 2 3 0 3 4 0 1 6 
0 1 1 0 0 0 0 0 0 1 2 0 0 0 0 0 0 1 0 0 0 0 1 2 1 0 0 1 0 0 0 0 0 0 3 0 0 0 0 1 0 0 0 0 0 0 1 2 0 0 0 0 0 0 0 0 0 1 3 5 0 0 0 0 1 0 0 0 0 0 1 0 4 1 1 30 0 0 0 0 0 0 20 2 0 0 0 1 0 1 0 1 0 0 0 10 
5 0 0 0 0 0 0 1 0 3 2 1 0 1 0 1 1 0 0 3 0 0 0 0 1 0 0 2 0 0 0 0 1 3 4 0 1 1 0 0 0 0 0 0 0 0 0 0 2 0 1 2 0 1 0 1 0 2 1 4 1 1 0 1 1 0 1 2 1 0 1 0 3 1 0 7 0 0 0 1 7 6 7 7 2 0 0 1 0 1 0 2 0 0 0 1 
1 1 0 0 0 0 0 0 1 0 2 0 0 0 0 1 1 2 2 2 0 0 1 2 0 0 0 0 0 1 0 0 2 0 1 0 1 1 0 0 0 0 1 1 0 1 0 3 0 0 0 1 0 0 0 1 1 2 2 2 0 1 0 0 0 0 1 2 0 0 0 0 0 2 0 3 2 0 0 5 18 8 6 9 0 0 0 0 0 0 1 0 1 0 0 4 
1 1 0 1 1 0 0 0 6 1 8 0 0 1 0 0 0 0 0 2 0 1 0 0 2 1 1 0 0 1 0 0 1 4 6 3 1 0 0 0 2 0 0 2 0 0 0 1 3 0 0 1 0 0 0 1 3 0 5 0 1 0 0 1 1 0 0 1 0 0 0 0 1 1 0 1 1 1 0 1 9 2 5 4 2 0 0 0 0 1 2 1 1 0 1 1 
2 3 2 4 1 1 2 0 0 0 0 0 0 0 3 0 0 0 0 0 0 0 0 0 3 9 2 1 0 0 0 1 3 0 0 2 1 2 3 0 1 0 2 0 0 0 0 1 6 1 2 2 1 0 1 0 0 0 4 0 0 1 1 0 0 0 0 1 0 0 0 0 4 3 0 8 0 1 0 0 0 1 6 2 0 1 0 1 0 1 0 1 0 0 1 1 
2 4 1 1 0 1 0 1 2 1 2 0 0 0 2 0 3 0 1 1 0 0 2 1 3 1 1 1 2 0 0 0 0 1 2 4 0 1 2 0 2 1 1 3 0 0 0 0 2 2 1 4 1 2 2 0 2 1 0 1 0 0 0 0 1 0 1 1 0 1 0 1 4 1 0 1 2 1 0 1 7 1 0 2 3 0 0 1 0 1 1 1 0 0 0 0 
0 0 0 2 0 0 0 0 0 0 2 0 1 0 0 0 0 1 0 2 0 1 0 0 0 0 0 2 0 0 0 0 0 0 4 0 0 0 0 0 0 0 0 0 0 0 0 2 0 1 0 1 0 0 0 1 0 1 2 0 0 1 0 0 0 1 0 5 0 0 0 0 6 2 1 27 0 0 0 0 0 3 18 6 0 0 0 0 0 0 0 0 0 1 0 6 
0 2 0 0 0 0 0 0 0 4 1 1 0 0 1 0 0 0 1 1 1 0 1 0 0 0 0 1 0 1 0 0 4 5 5 5 0 0 3 1 1 1 0 2 0 0 0 1 0 0 0 0 0 0 0 0 1 2 1 5 1 0 0 0 1 1 0 2 0 0 0 0 0 0 0 10 0 1 0 1 6 14 2 5 0 0 0 0 0 0 0 1 3 0 0 0 
3 2 2 1 1 0 0 1 2 0 1 0 0 0 0 0 0 1 0 0 0 0 0 0 2 7 2 3 1 0 0 1 5 4 1 2 1 0 4 1 0 1 1 1 0 0 0 0 3 4 3 1 0 0 2 1 1 1 0 1 0 0 2 2 1 0 1 0 0 0 0 0 5 6 1 6 1 2 0 1 0 1 0 0 0 1 1 1 0 0 0 0 0 0 0 0 
1 0 0 1 1 0 0 0 2 1 5 0 1 1 3 1 5 0 2 0 0 0 1 2 0 0 0 0 0 0 0 1 2 2 4 4 0 0 0 0 0 1 1 2 0 0 1 2 2 0 0 0 2 0 0 0 1 2 4 0 1 0 0 0 1 1 3 1 0 0 0 0 2 2 1 7 0 1 0 0 2 3 4 2 2 0 1 0 3 1 1 2 1 0 0 0 
4 3 1 2 1 1 0 2 2 0 0 1 1 0 4 3 2 0 0 2 0 0 1 0 4 0 0 4 0 1 0 1 0 0 1 4 1 2 3 4 2 0 1 1 0 0 2 1 4 1 0 2 0 0 0 0 0 0 0 0 0 0 2 0 0 1 0 0 0 0 0 0 5 1 0 6 1 1 0 3 1 1 1 1 2 1 0 2 1 0 0 1 0 0 0 0 
2 1 0 0 3 1 0 2 3 1 4 0 0 1 2 1 2 1 2 2 0 0 0 0 0 2 0 0 0 2 0 0 2 1 1 8 1 0 2 0 2 0 3 2 0 0 1 0 1 0 1 0 1 2 0 1 5 1 1 2 1 1 1 1 1 0 0 3 0 0 1 1 0 0 0 4 1 0 0 0 1 3 1 1 1 1 0 0 1 3 0 2 1 0 0 0 
1 1 1 1 1 0 1 0 3 1 2 2 2 0 1 0 1 0 3 2 1 0 0 0 0 0 2 2 2 1 0 0 0 0 1 2 0 0 2 3 0 1 3 0 0 1 3 1 3 1 0 0 0 0 0 1 3 0 2 1 1 1 0 1 0 1 3 3 1 0 1 0 3 1 0 4 1 0 0 0 1 1 3 3 3 0 0 0 2 2 1 1 1 0 0 2 
0 0 0 1 0 0 0 0 2 2 1 2 0 0 1 1 2 1 3 3 2 0 1 1 2 0 0 0 0 0 0 1 1 6 2 1 1 0 0 0 2 1 2 1 0 0 0 1 1 0 0 0 0 0 0 0 2 1 0 0 1 0 1 0 0 0 0 0 0 0 0 0 1 2 0 1 0 0 0 0 18 5 6 3 2 1 1 2 2 1 1 0 1 0 1 2 
1 1 0 0 1 0 0 1 3 0 2 1 1 0 2 1 1 1 2 1 3 1 0 1 2 0 0 3 2 0 2 1 1 0 2 1 0 0 1 1 0 2 1 1 0 1 1 1 3 1 0 2 0 0 0 1 0 0 2 3 1 0 0 0 2 0 0 4 0 0 0 1 4 1 0 1 0 0 0 0 1 1 2 4 1 1 4 2 0 3 0 2 2 1 0 3 
1 1 0 0 0 1 0 1 3 2 15 1 0 1 0 0 1 1 1 3 0 0 0 0 1 0 0 0 0 0 1 0 2 2 6 4 1 0 0 1 0 1 4 0 0 0 0 0 3 1 0 1 0 0 1 0 2 4 6 4 0 0 0 0 1 0 0 2 0 0 0 0 1 2 0 3 0 0 0 1 1 1 4 0 2 0 0 0 1 0 2 1 0 0 0 1 
0 1 0 2 0 1 2 0 3 0 0 1 0 0 0 0 4 1 3 3 0 0 1 0 2 1 0 0 1 3 1 1 2 2 2 0 0 3 1 0 3 0 0 0 0 0 0 1 2 0 0 1 0 1 0 0 5 0 1 1 0 0 0 2 1 0 0 0 0 1 0 0 5 0 0 2 0 0 0 4 8 2 1 8 1 0 0 1 1 1 3 1 1 0 1 0 
0 3 0 1 1 0 0 0 1 2 13 3 1 1 0 0 1 1 1 3 1 0 1 0 0 1 0 5 0 0 0 0 2 0 13 0 2 1 1 0 0 0 1 1 0 0 0 0 0 0 0 0 0 0 0 0 2 6 10 3 0 0 0 0 0 0 3 2 0 0 0 0 0 0 0 1 0 0 0 0 0 0 5 0 2 1 0 1 0 0 1 2 0 0 0 0 
0 0 0 1 0 0 0 1 1 1 1 1 1 0 0 0 1 1 0 0 0 1 0 0 0 1 0 1 0 0 0 0 1 0 2 1 0 0 0 0 0 0 0 0 0 0 0 0 0 0 0 1 0 0 0 0 3 2 3 0 0 0 0 0 0 1 1 3 0 0 0 0 0 1 0 11 1 0 0 4 16 4 16 11 0 0 0 0 0 2 1 0 0 0 0 3 
0 0 1 0 0 0 0 1 2 2 3 2 0 1 0 0 1 0 1 2 0 0 0 1 2 2 0 5 0 0 0 1 0 0 8 1 1 0 0 1 0 0 3 0 0 1 0 1 0 0 0 2 0 1 0 0 5 5 10 2 0 0 0 2 0 1 1 0 0 0 0 0 0 2 0 6 0 0 1 0 5 1 4 2 0 0 0 0 1 1 0 0 0 1 2 2 
1 4 0 0 1 0 0 0 1 0 14 1 2 0 1 0 0 1 1 0 0 1 1 0 1 2 0 1 0 1 0 0 1 2 10 3 0 0 0 3 0 1 4 1 0 0 0 1 0 0 0 1 0 0 0 1 0 2 3 2 1 0 1 0 0 0 0 0 0 0 0 0 1 0 0 4 0 1 0 1 3 5 5 2 1 0 0 1 3 1 0 0 0 0 0 1 
3 3 1 7 3 2 0 0 2 1 1 2 0 0 1 0 1 0 2 0 0 0 0 0 4 3 0 2 0 0 0 1 2 0 0 0 0 2 2 0 0 0 3 1 0 0 0 0 2 2 1 2 0 0 0 0 1 1 2 0 1 0 1 0 0 0 1 0 0 0 0 0 1 8 0 3 1 1 1 2 8 1 2 5 0 0 2 1 0 0 1 0 0 0 0 0 
1 3 2 3 0 0 0 1 1 0 0 2 0 0 2 0 2 0 0 0 0 0 0 0 3 6 0 5 2 1 0 2 1 3 2 2 1 0 4 0 2 0 1 0 0 0 0 1 1 2 2 1 2 2 0 0 0 4 4 0 2 1 2 1 0 1 1 1 0 0 0 0 2 4 1 2 0 2 0 0 1 0 0 1 0 1 0 0 0 0 1 4 1 0 0 0 
1 3 0 1 0 0 1 2 2 0 3 6 0 2 0 3 2 2 2 1 0 0 0 1 1 4 0 0 1 0 1 0 1 1 0 1 2 0 4 2 1 0 0 0 0 0 0 1 1 1 0 3 1 0 0 0 1 0 2 0 1 1 1 0 0 1 0 1 0 2 0 1 4 1 1 6 1 2 0 2 4 1 1 1 1 1 0 1 0 0 0 1 0 1 1 1 
3 2 0 1 0 0 0 0 3 0 3 0 0 1 0 0 2 0 0 1 0 1 0 0 4 5 0 3 0 0 0 1 0 2 4 3 0 0 2 0 0 0 1 0 0 0 0 0 1 1 1 4 0 0 0 0 1 5 2 2 0 0 1 0 0 0 1 0 0 0 0 1 0 5 0 7 2 1 0 3 3 1 8 7 0 0 0 0 0 0 1 0 0 0 0 0 
2 2 0 1 0 0 0 0 2 2 3 0 0 0 1 3 0 1 4 3 1 0 1 1 1 2 0 0 0 2 0 1 1 0 0 1 0 0 0 0 1 1 2 2 1 1 1 3 1 2 0 0 1 1 0 0 0 0 3 1 1 1 0 0 2 2 1 1 1 0 1 0 1 1 0 1 1 2 0 0 2 3 1 0 1 1 1 3 2 1 3 2 5 1 1 1 
0 3 0 0 0 0 0 0 1 1 0 0 0 0 0 0 0 0 0 0 0 0 0 0 1 1 1 1 0 0 0 0 0 1 0 5 0 0 0 0 0 0 2 0 0 0 0 0 1 0 0 0 0 0 0 0 1 0 0 2 0 0 0 0 0 0 0 1 0 0 0 0 1 1 0 4 1 0 0 2 29 11 2 24 0 1 1 1 0 0 0 0 0 0 0 0 
2 4 0 0 2 1 0 2 2 0 2 1 0 0 0 0 1 0 0 2 0 1 0 0 3 4 1 3 1 1 0 4 1 3 1 2 0 0 5 1 0 0 1 1 1 0 2 1 0 1 0 1 1 2 0 0 1 3 2 1 0 0 0 0 1 0 1 1 0 0 0 3 2 1 0 2 2 3 0 2 0 1 0 3 2 1 1 0 2 1 1 0 0 0 0 2 
2 2 0 1 0 0 0 1 2 1 3 2 2 0 2 3 4 1 0 2 3 0 0 2 3 2 0 1 0 0 0 0 1 0 1 0 2 5 1 1 3 0 1 2 2 0 1 1 3 2 0 2 1 1 0 1 0 0 0 1 1 1 0 2 0 1 1 0 0 0 0 2 2 0 1 2 0 0 0 1 0 2 1 1 5 1 0 0 2 0 0 1 1 0 0 1 
1 0 0 1 0 1 0 0 1 3 0 2 2 1 0 1 3 0 2 1 0 0 0 0 1 1 0 3 0 0 1 0 1 1 0 2 0 1 0 0 1 1 2 0 1 0 1 1 0 1 0 0 0 0 0 0 0 1 4 3 0 0 0 1 1 0 1 1 0 0 0 0 2 0 1 17 0 1 0 0 0 2 8 1 1 0 1 1 3 2 1 1 3 1 0 4 
2 2 0 1 1 1 0 0 2 0 0 2 0 0 0 1 1 2 2 1 0 0 0 0 2 2 0 3 0 1 0 0 2 2 1 2 1 0 3 1 1 1 0 0 2 0 0 2 1 1 0 0 0 2 0 0 1 0 1 1 1 1 1 0 0 1 1 0 0 0 0 0 1 0 0 3 1 1 1 5 14 3 0 7 0 1 0 2 1 0 2 1 0 0 1 0 
0 1 3 0 1 4 1 2 3 1 5 2 1 2 0 2 3 1 3 2 0 0 0 1 1 1 0 0 0 1 0 0 1 1 2 1 0 0 1 0 1 2 1 2 1 0 0 2 1 2 0 3 0 0 1 0 1 1 3 3 0 0 0 1 3 0 1 1 0 0 0 0 1 0 0 2 0 2 0 0 1 2 2 2 0 0 0 0 3 0 1 3 1 0 1 2 
2 2 0 1 0 0 0 0 0 2 9 1 0 1 0 0 1 0 3 0 0 0 0 1 2 2 0 3 0 0 0 0 1 1 5 0 0 1 0 0 0 0 5 0 0 0 1 1 0 2 0 1 0 0 0 1 6 5 11 4 0 2 0 0 3 2 1 1 0 0 0 1 0 0 0 1 1 0 0 0 3 3 3 0 0 0 0 0 0 1 2 0 0 1 0 0 
0 0 0 1 0 0 0 3 1 1 2 4 2 1 2 1 3 1 2 0 0 0 0 0 1 1 0 1 0 0 0 1 5 5 0 7 1 0 0 1 0 2 1 0 1 1 0 0 2 0 1 0 0 1 0 0 2 4 0 2 0 0 1 0 2 0 0 0 0 1 0 0 1 0 1 1 0 0 0 1 5 16 2 4 0 0 0 1 0 0 0 0 0 0 0 0 
0 0 0 1 0 0 0 1 0 0 0 1 0 0 1 1 1 0 0 0 0 0 2 0 0 1 0 0 0 0 0 0 4 7 2 1 0 1 0 1 0 1 0 0 0 0 0 2 0 0 0 1 0 0 0 0 0 5 2 3 0 0 0 0 1 0 0 1 1 0 0 0 0 1 0 8 0 0 0 4 9 12 13 8 0 0 0 0 0 1 0 0 0 0 0 2 
4 1 0 1 1 0 0 0 2 0 5 2 4 0 2 1 2 2 1 1 0 0 1 1 0 1 0 2 0 1 0 1 0 0 3 1 0 0 1 1 2 1 3 1 0 0 0 1 3 0 0 1 0 0 0 0 1 1 0 1 1 0 0 0 3 0 3 3 1 0 0 1 3 2 0 2 0 1 0 1 2 3 1 4 2 1 1 0 0 1 0 0 3 0 2 2 
2 0 0 0 0 0 0 0 1 1 0 0 0 0 0 1 1 0 2 2 0 0 2 0 2 0 0 1 1 0 0 0 4 6 0 3 0 0 0 1 0 0 1 1 0 1 1 0 1 0 0 1 0 1 0 0 0 1 1 1 0 0 0 0 2 0 1 0 0 0 0 0 0 1 0 10 1 0 0 0 7 13 15 4 1 0 0 0 1 2 0 0 0 0 0 2 
4 4 2 4 0 2 0 1 2 3 0 0 1 0 0 1 0 0 0 0 0 0 0 0 5 3 3 2 1 1 0 1 1 0 2 4 2 1 4 4 0 0 0 1 0 0 0 0 2 2 0 1 2 1 0 0 1 0 1 0 2 0 3 0 2 0 1 0 0 0 1 0 4 5 1 3 0 3 2 0 2 1 0 0 0 0 0 0 0 1 0 0 0 0 0 0 
1 0 0 0 0 0 0 0 1 1 2 1 3 1 2 2 4 2 2 1 3 1 1 4 0 1 0 0 1 0 0 0 2 1 2 0 0 0 0 1 2 0 1 3 0 0 0 6 1 1 0 1 0 0 0 0 0 2 0 2 1 0 0 0 0 1 0 0 0 0 0 2 2 0 0 3 0 1 0 0 0 2 0 1 2 0 1 1 1 1 1 8 6 1 2 4 
1 1 0 1 0 0 0 0 1 1 0 0 0 0 0 0 1 0 1 4 2 1 0 0 0 1 0 0 0 0 0 0 3 10 1 4 0 0 0 0 1 0 2 2 2 1 0 4 1 1 0 0 0 0 0 1 0 1 2 2 0 0 0 0 0 0 0 2 0 0 1 1 1 0 0 2 1 0 0 0 9 12 3 2 0 0 0 1 6 1 0 1 2 1 0 1 
0 1 0 0 1 0 1 0 2 3 1 2 0 0 0 1 0 0 0 2 0 0 0 0 1 0 0 2 0 0 0 0 6 6 4 4 0 0 0 0 0 0 0 1 0 0 2 0 0 0 0 0 0 0 1 1 2 2 5 4 0 0 0 0 0 0 2 0 0 0 0 1 0 0 0 2 0 0 0 1 4 12 11 7 0 0 0 0 1 0 0 1 0 0 2 1 
7 5 0 3 0 0 1 1 2 0 0 0 0 0 1 2 0 0 2 2 0 0 0 2 4 4 0 2 0 1 0 1 1 0 1 1 1 1 0 2 0 1 0 0 0 1 1 0 2 2 0 0 0 0 0 1 0 0 1 0 0 0 0 2 0 1 0 1 0 0 2 0 2 4 0 11 1 0 1 1 0 0 4 1 1 1 1 2 0 2 1 3 0 0 0 2 
1 2 1 1 0 0 0 1 3 0 4 0 0 1 0 0 0 1 1 3 0 1 0 1 0 1 0 3 3 1 0 0 1 0 5 1 0 0 2 1 0 2 2 3 1 0 1 2 2 2 1 1 0 1 0 2 4 1 7 1 0 0 0 0 1 2 1 1 1 1 0 2 0 1 0 2 1 2 0 1 1 1 0 0 1 0 0 0 2 0 1 0 4 0 0 2 
1 1 0 1 0 0 0 0 2 0 2 0 1 0 2 1 1 1 1 3 3 0 0 0 1 3 0 0 0 1 0 0 2 1 0 0 1 0 0 1 0 1 1 3 2 0 1 1 2 1 0 1 0 0 0 1 0 3 2 3 0 1 0 1 0 0 1 3 0 0 0 1 2 1 1 7 0 0 0 2 2 3 2 0 2 1 1 3 1 1 0 1 2 3 0 6 
0 1 0 0 0 0 0 1 0 2 1 0 0 0 0 0 0 1 0 0 0 0 0 0 0 0 0 0 0 0 0 0 12 10 0 4 0 0 0 0 0 0 0 0 0 0 0 0 0 0 0 0 0 0 0 0 0 5 1 1 0 0 0 0 0 1 0 0 0 0 0 0 0 1 0 0 0 2 0 0 9 28 11 7 0 0 0 0 0 1 0 0 0 0 1 0 
2 0 0 1 0 0 1 1 0 2 1 0 0 0 0 1 0 0 0 1 0 0 0 0 3 2 0 3 1 1 2 1 6 4 3 4 0 1 3 0 0 0 1 0 0 0 1 0 4 2 0 2 1 0 1 0 0 1 1 1 0 0 1 0 0 0 0 0 0 0 0 0 3 4 0 3 0 0 0 1 9 8 2 7 0 0 0 0 0 0 0 1 0 0 0 2 
0 0 0 0 0 0 0 0 0 2 2 2 0 0 0 0 2 0 1 0 0 1 0 0 0 1 0 0 0 0 0 0 2 3 4 4 0 0 0 0 0 1 0 0 0 0 0 0 0 0 0 1 0 0 0 0 0 2 0 4 0 0 0 0 0 1 0 1 0 0 0 0 4 3 0 10 0 0 0 1 12 14 9 7 0 0 0 0 0 0 2 0 0 1 1 2 
0 0 0 3 1 0 1 1 3 0 12 3 1 0 2 0 0 1 2 0 0 0 0 2 1 2 0 7 0 0 0 0 1 0 9 0 1 0 0 0 2 1 2 0 0 0 0 1 1 0 0 2 0 0 0 0 8 6 8 7 0 0 1 0 0 0 0 0 0 1 0 1 1 0 0 0 0 1 0 0 0 0 2 0 0 0 0 2 0 0 0 0 0 0 0 0 
0 1 0 2 0 0 0 0 2 2 10 1 0 0 0 1 1 1 0 4 0 0 1 1 0 0 0 2 0 0 0 0 2 1 5 5 0 1 0 0 0 0 1 0 0 0 1 2 1 2 0 0 0 1 0 2 2 1 6 1 0 0 0 0 0 0 0 1 0 0 1 0 1 1 1 2 0 1 0 0 3 6 4 4 1 1 0 1 2 0 2 3 0 0 0 2 
0 0 0 0 0 0 0 0 0 1 1 0 0 0 1 0 1 0 1 2 0 0 0 0 0 1 0 1 0 0 0 0 8 7 2 7 0 0 0 0 2 0 1 2 1 0 0 0 0 0 0 0 0 0 0 0 0 2 0 3 0 0 0 0 0 0 0 1 0 0 0 1 1 1 0 8 0 0 0 0 2 18 13 6 0 0 0 0 0 1 0 1 0 0 0 3 
1 2 0 0 1 0 0 0 1 1 1 2 0 0 3 0 0 0 1 1 0 0 0 0 5 2 0 0 0 0 1 0 3 2 1 0 0 1 0 0 0 0 1 0 0 0 0 0 1 0 0 3 0 0 1 0 1 1 0 1 1 1 2 0 0 0 0 0 0 0 0 0 3 2 0 6 3 0 0 3 21 1 4 14 0 1 0 0 0 0 0 0 0 0 0 0 
4 4 1 3 1 0 1 1 1 1 2 0 0 0 0 0 0 0 2 0 0 0 0 0 3 4 2 4 0 2 0 0 0 0 1 1 1 0 1 0 2 1 3 0 0 0 2 0 6 4 2 2 0 0 0 1 1 2 3 2 0 0 3 1 0 2 0 0 0 0 0 0 3 0 1 0 0 1 0 4 3 1 0 1 2 1 0 1 1 1 0 0 1 0 2 0 
1 0 0 0 2 0 0 0 0 1 1 2 0 2 1 1 3 3 3 1 0 0 0 0 0 1 0 3 0 1 0 0 3 3 4 3 0 1 0 0 1 2 2 2 0 0 1 2 1 2 0 0 0 0 0 0 3 0 1 2 1 0 0 0 2 1 3 2 0 0 0 1 3 0 0 0 0 2 0 2 1 12 3 1 1 0 0 1 0 2 0 1 0 1 1 0 
2 1 0 0 0 0 0 0 7 1 3 1 0 0 0 0 2 1 2 0 0 0 0 1 2 1 0 6 0 0 0 0 1 1 7 2 0 1 0 1 0 2 4 1 0 0 0 1 1 1 1 0 0 0 0 1 5 2 9 4 0 0 0 0 0 2 1 1 0 0 0 0 0 0 0 2 1 0 0 0 0 1 7 0 1 0 0 0 3 1 3 1 0 0 0 1 
0 0 0 0 0 0 0 0 1 2 2 0 0 0 0 0 0 0 0 0 0 0 0 0 0 0 0 0 0 0 0 0 8 8 2 6 0 0 0 0 1 0 0 0 0 0 0 0 0 0 0 0 0 0 0 0 0 3 2 2 0 0 0 0 0 0 0 1 0 0 0 0 1 0 0 1 0 0 0 0 8 38 6 6 1 1 0 0 0 0 0 0 0 0 0 0 
1 7 4 1 0 2 0 1 0 2 0 0 1 0 1 0 1 0 1 0 0 0 0 0 4 3 0 3 0 2 0 2 1 1 0 0 1 1 5 2 0 0 0 0 0 1 1 0 3 1 1 5 3 0 1 1 2 0 2 1 2 1 1 0 2 0 1 1 0 0 0 0 4 9 0 5 0 2 0 0 1 0 0 0 1 0 1 0 0 0 0 0 0 0 0 0 
0 0 0 0 0 0 0 0 1 1 1 0 0 0 0 0 0 0 0 0 0 0 0 0 1 1 0 0 0 0 0 0 3 3 2 1 0 0 0 0 0 1 1 2 0 0 0 0 0 1 1 0 0 1 0 0 1 2 0 0 0 0 0 0 0 0 0 0 0 0 0 0 0 0 0 4 4 0 0 5 22 11 5 23 1 0 0 0 0 0 0 1 0 0 0 0 
0 0 0 0 0 0 0 0 2 1 6 0 0 0 0 0 0 0 0 0 0 0 0 1 0 0 0 0 0 1 0 0 5 5 3 1 0 0 0 0 0 0 3 0 0 0 1 0 1 0 0 0 0 1 0 0 2 2 4 0 0 0 0 0 0 1 0 1 0 0 0 0 1 0 0 2 1 0 0 7 17 13 7 7 0 0 0 0 3 0 0 0 0 1 0 0 
0 0 0 0 0 0 0 0 0 1 0 1 0 0 0 0 0 0 0 1 0 0 0 0 1 0 0 0 0 0 0 0 10 6 0 8 0 0 1 0 0 0 0 0 0 0 0 0 0 0 0 0 0 0 0 0 0 2 1 3 0 0 0 0 0 0 0 0 0 0 0 0 0 0 0 0 1 0 0 0 16 27 9 8 0 1 0 1 1 0 0 0 1 0 0 0 
1 2 4 4 1 1 0 0 1 1 0 1 0 0 0 0 1 1 1 0 0 0 0 0 3 6 1 4 1 0 0 4 1 0 1 2 2 3 1 0 2 0 2 2 0 0 0 0 4 4 1 1 2 1 1 1 1 2 0 0 3 1 2 0 0 1 0 0 0 0 0 1 2 4 1 1 1 0 0 0 0 1 1 1 2 0 0 0 0 1 1 2 1 1 0 0 
0 1 0 2 1 1 0 0 1 0 1 0 1 0 1 1 3 1 0 2 0 0 0 1 0 1 0 4 0 1 0 0 0 0 2 0 0 1 1 1 1 1 2 2 1 0 2 3 1 1 0 1 1 2 0 1 0 2 1 2 1 0 0 1 0 1 1 3 0 0 1 0 4 2 0 9 0 0 0 0 2 3 5 1 1 1 1 2 0 2 2 2 2 0 0 1 
3 4 0 2 1 0 0 2 3 0 1 3 1 0 0 3 0 1 2 2 0 0 1 0 3 3 0 4 0 0 0 1 1 1 2 2 1 2 1 1 0 0 2 1 0 0 1 1 1 1 0 2 0 0 0 0 1 0 1 0 0 1 1 1 0 0 0 0 0 0 0 1 0 2 0 6 1 1 0 1 1 7 2 3 0 2 0 3 2 0 0 1 0 0 1 1 
2 1 0 1 0 0 0 0 0 0 2 0 2 1 0 1 2 0 1 3 2 1 0 2 1 1 0 3 1 0 0 3 1 2 3 0 0 1 1 0 0 2 1 2 2 1 1 1 1 2 1 3 1 0 1 0 3 2 0 1 1 0 2 0 1 1 3 0 0 0 0 1 4 2 0 0 0 1 0 1 3 0 0 1 2 1 0 1 0 1 1 3 2 0 0 5 
5 0 0 1 1 0 0 0 1 0 1 0 1 0 1 1 0 0 0 1 0 0 1 1 2 3 2 4 0 1 0 1 0 2 0 6 1 1 5 2 1 1 2 1 1 1 0 0 1 2 0 2 0 1 0 0 0 1 3 1 0 1 0 0 1 0 1 0 0 0 1 0 0 2 1 4 0 0 2 1 3 4 7 2 1 0 0 0 2 0 0 1 0 1 0 2 
3 2 2 1 0 0 0 0 0 0 3 2 2 0 0 1 2 1 1 0 1 0 0 0 1 3 1 5 1 0 1 0 4 0 2 4 0 0 4 1 0 0 2 0 0 0 1 1 0 2 2 1 0 0 1 1 4 7 3 1 0 0 1 0 0 3 0 0 0 0 0 0 3 2 1 3 0 0 0 0 1 0 6 2 1 0 1 1 1 0 0 0 0 0 0 0 
0 0 0 0 0 0 0 0 0 3 1 1 0 0 0 1 0 0 1 0 0 0 0 0 0 1 0 0 0 0 0 0 5 3 2 4 0 0 0 0 0 0 0 1 0 0 0 0 0 0 0 0 0 0 0 0 1 3 0 4 0 0 0 0 0 0 0 1 0 0 0 0 1 0 0 1 1 0 0 2 17 22 11 13 0 0 0 0 0 0 0 0 0 0 0 0 
0 0 0 2 1 0 0 0 1 0 0 0 1 0 0 0 1 1 0 3 0 1 1 0 2 0 0 0 0 0 0 0 0 0 1 1 0 0 0 0 0 0 0 0 0 0 0 1 0 0 0 1 0 0 0 1 0 2 2 1 0 0 1 0 0 1 1 2 0 0 1 0 4 1 0 26 0 1 0 1 4 5 12 5 0 0 0 0 0 1 0 1 1 0 0 8 
0 2 1 1 0 0 0 0 2 2 1 0 0 0 0 0 1 1 1 1 0 0 1 3 0 0 1 3 0 0 0 1 0 1 1 1 0 1 1 0 0 1 0 1 0 0 1 2 1 2 1 2 0 0 0 1 0 5 4 3 0 0 0 1 1 1 1 0 0 0 1 0 2 1 0 11 0 0 0 0 0 4 12 4 1 0 0 0 0 2 0 2 1 2 0 2 
0 0 1 1 2 0 0 0 0 0 1 0 0 0 0 0 1 0 0 1 0 0 0 0 1 1 0 3 0 0 0 0 3 3 1 4 0 0 0 0 0 1 0 0 0 0 0 0 0 0 0 0 0 1 0 0 0 0 0 2 0 0 0 0 0 2 0 1 0 0 0 0 2 1 1 17 1 0 0 2 17 6 11 9 0 0 0 0 0 1 1 0 0 0 0 1 
0 0 0 0 0 0 0 0 0 5 0 1 0 0 0 0 0 0 0 0 0 0 0 0 0 1 0 0 0 0 0 0 4 6 0 9 0 0 1 1 1 0 0 0 0 0 0 0 0 0 0 0 1 0 0 0 0 1 0 2 0 0 1 0 0 0 0 0 0 0 0 0 0 1 0 7 0 0 0 1 8 25 8 14 0 0 0 0 0 1 0 0 0 0 0 1 
1 0 0 0 1 0 0 3 2 2 6 2 0 0 2 0 0 1 2 0 0 0 0 2 0 2 2 2 1 0 0 1 1 1 8 0 0 0 0 1 0 0 4 1 0 0 0 0 1 1 0 0 0 0 0 0 4 3 5 4 0 1 2 0 2 2 0 1 0 0 1 1 2 0 0 3 0 1 0 0 1 3 5 0 0 0 0 0 3 2 1 1 1 0 0 1 
1 0 0 0 1 0 0 0 0 1 10 2 0 1 0 0 2 1 0 1 0 0 0 1 1 0 0 0 0 0 0 0 1 2 5 2 0 0 0 0 0 1 1 0 0 0 1 2 1 0 0 0 0 0 0 0 1 1 5 4 0 0 0 1 2 2 0 2 0 0 0 1 2 1 0 12 0 0 0 0 1 6 10 4 0 0 0 0 0 2 1 0 1 0 0 3 
1 1 0 2 2 1 0 1 1 1 1 1 0 0 0 0 3 1 1 0 1 0 0 1 2 1 0 1 0 0 0 1 4 3 0 2 1 0 1 1 1 3 2 1 0 0 1 0 0 1 0 1 0 0 0 2 0 3 0 1 1 0 0 0 2 2 3 0 0 1 1 2 0 4 0 3 0 2 0 1 3 4 4 1 0 3 1 0 3 1 1 0 0 0 1 4 
3 2 1 2 1 0 0 0 2 2 2 0 0 1 1 1 0 1 0 1 0 0 0 0 4 5 0 4 1 1 0 0 1 1 3 4 0 1 4 0 0 1 5 1 0 0 0 1 4 2 2 0 1 0 1 1 1 2 2 1 0 1 1 0 0 0 0 0 0 0 0 0 2 2 0 4 1 0 0 0 3 2 3 1 0 0 1 1 1 0 0 0 0 0 1 2 
2 4 1 2 0 0 0 0 5 0 2 2 0 1 3 3 1 0 1 1 0 0 0 3 1 5 0 2 1 0 0 1 1 2 2 1 1 0 4 2 1 1 0 0 0 0 1 0 4 2 2 2 1 1 0 0 1 1 3 0 0 0 0 0 0 1 2 1 1 0 0 0 1 2 0 2 0 2 0 0 1 2 1 3 1 0 2 2 0 0 1 1 0 0 0 0 
0 0 0 1 0 1 0 0 1 0 3 4 0 0 0 0 0 1 1 0 0 0 0 1 1 2 0 1 0 0 0 0 0 1 3 1 0 0 0 0 0 0 1 0 0 1 1 0 0 2 0 0 0 0 0 0 6 5 11 4 0 0 0 0 0 1 1 3 0 0 0 0 0 1 0 17 0 1 0 0 1 1 12 1 0 0 0 1 0 1 1 0 0 0 1 4 
2 0 0 2 1 0 0 1 6 1 4 2 2 0 0 0 5 1 1 1 0 0 0 0 2 0 0 1 2 0 0 0 5 1 0 2 0 0 0 0 3 3 4 3 0 0 1 1 0 0 0 0 0 1 0 0 2 1 1 0 0 0 0 0 3 0 1 4 0 0 1 0 0 1 0 2 1 3 0 1 3 4 0 1 0 1 2 1 0 3 1 1 1 1 1 1 
0 0 0 0 0 0 0 0 0 0 0 2 0 0 0 1 0 0 0 0 0 0 0 0 0 0 0 0 0 0 0 0 8 8 2 7 0 0 0 0 0 0 0 0 0 0 0 0 0 0 0 0 0 0 0 0 0 3 0 4 0 0 0 0 0 0 0 2 0 0 0 0 0 0 0 0 0 0 0 0 19 30 8 3 0 1 0 1 1 0 0 0 0 0 0 0 
0 0 0 0 0 0 0 0 0 2 1 1 0 1 0 1 0 0 0 3 1 0 0 1 0 0 0 0 0 0 0 0 5 5 0 5 0 0 0 1 1 1 2 3 0 0 1 0 1 0 0 1 1 0 0 0 0 0 1 1 0 0 0 0 0 0 0 0 0 0 0 0 1 1 0 1 1 0 0 0 10 20 8 12 0 0 0 2 1 1 0 0 1 1 0 0 
4 3 0 2 0 1 0 1 1 1 1 1 1 2 2 3 4 1 0 1 0 1 2 0 1 0 0 2 0 0 0 0 0 2 1 1 0 0 5 2 3 1 3 1 0 0 0 2 1 2 0 2 0 0 0 0 0 0 3 1 1 0 0 2 1 0 3 1 0 0 0 0 1 4 0 2 0 1 0 2 1 2 0 1 0 0 1 4 1 1 0 1 0 1 2 2 
1 0 0 0 1 0 1 2 4 2 2 3 1 1 2 2 1 2 4 3 0 2 0 0 1 1 0 0 0 0 0 1 3 1 0 2 0 1 0 1 3 1 3 2 0 1 1 3 3 0 0 0 2 1 0 0 0 1 0 1 0 0 0 0 1 3 1 1 0 0 0 0 0 0 1 1 1 0 0 2 2 1 1 1 2 1 1 0 1 3 0 4 0 1 1 3 
3 1 0 3 0 1 1 0 1 0 0 0 1 0 0 0 0 0 0 0 0 0 0 0 1 1 0 3 0 0 1 1 0 1 1 0 0 0 1 0 1 1 1 0 0 0 1 3 0 0 2 1 0 0 0 1 2 1 4 2 0 0 0 0 0 3 1 1 0 0 0 1 2 1 0 20 1 0 0 0 0 0 17 4 1 1 0 0 0 0 1 2 0 1 0 2 
1 0 0 0 0 0 0 0 0 1 8 1 0 1 0 0 1 0 1 1 0 0 0 0 0 0 0 1 0 0 0 2 2 1 1 4 0 1 3 0 1 1 0 0 0 0 1 0 2 0 0 1 0 0 0 2 2 1 4 0 0 1 0 0 0 0 0 0 0 1 1 0 0 3 0 2 0 1 0 6 15 4 4 9 0 0 1 2 1 1 0 1 1 0 0 1 
0 2 1 0 0 0 0 0 1 0 4 1 2 1 0 0 2 0 0 2 0 1 0 0 3 2 0 3 0 0 0 0 2 3 6 0 1 0 1 0 1 2 0 2 0 0 0 2 1 1 0 0 0 0 0 0 3 1 4 5 0 0 0 0 0 0 0 2 0 0 0 0 1 4 1 2 1 0 0 2 12 3 1 4 0 0 1 1 0 0 3 1 1 0 0 0 
0 0 0 0 0 0 0 0 0 0 0 0 1 0 0 1 4 0 1 0 1 0 0 2 0 1 0 0 0 0 0 0 5 6 2 2 0 2 0 0 2 1 0 0 2 0 1 2 1 1 0 0 0 0 0 0 0 2 1 1 0 0 0 0 0 1 0 0 0 0 1 2 0 0 0 2 2 0 0 3 13 7 4 7 0 0 2 2 0 1 1 2 3 0 2 3 
6 3 2 1 1 0 0 0 1 0 0 1 0 1 2 1 2 0 2 1 1 0 0 1 5 2 1 2 1 2 0 0 1 2 0 2 0 1 3 1 0 1 3 1 1 0 2 0 3 0 0 3 0 0 0 2 0 1 2 0 0 2 0 0 2 1 1 0 0 0 0 1 4 3 0 6 0 1 0 0 0 0 3 1 1 1 0 0 0 0 0 3 1 1 0 0 
0 0 3 2 1 0 1 0 2 0 0 1 0 0 0 0 1 0 1 1 0 0 0 0 3 5 2 3 2 2 0 0 0 1 0 3 0 1 5 3 0 0 0 1 0 0 1 0 3 4 1 3 1 0 1 0 1 1 0 0 0 0 1 0 0 1 0 0 0 0 1 0 6 2 1 3 2 1 0 1 11 3 0 5 0 0 0 1 1 0 0 0 0 0 0 0 
2 0 0 4 0 0 0 0 0 0 2 0 1 0 0 1 3 1 1 3 1 0 0 1 0 1 0 2 0 0 0 0 4 0 0 1 0 0 0 1 1 4 1 2 1 0 2 1 0 0 0 1 0 0 0 0 1 1 2 3 0 0 0 0 1 2 0 0 1 0 1 2 2 0 0 12 0 0 0 1 0 2 9 2 2 1 0 4 0 1 0 1 2 1 1 3 
1 2 0 2 0 0 0 0 3 0 4 3 0 1 1 1 2 2 1 0 2 1 1 1 1 0 0 0 1 0 1 1 2 0 2 2 0 1 0 1 2 3 2 1 1 0 3 2 0 1 0 4 0 1 0 0 1 0 0 1 0 1 0 0 1 2 1 1 0 0 1 1 4 1 0 4 1 0 0 1 1 1 0 1 0 0 2 2 2 0 1 1 4 0 0 4 
0 0 0 0 0 0 0 0 1 0 2 2 0 0 0 0 0 1 0 1 0 0 0 0 0 0 0 0 0 0 0 1 1 0 1 0 0 0 0 0 0 0 0 0 0 0 1 0 0 0 0 0 0 0 0 0 0 0 0 1 0 0 0 0 0 0 0 0 0 0 0 0 2 0 0 1 3 0 0 10 39 2 3 26 0 0 0 0 0 0 2 0 0 0 0 0 
5 3 0 5 0 0 0 2 3 0 0 0 1 0 0 1 2 0 1 1 0 2 1 1 3 0 0 2 0 2 0 4 2 1 0 1 0 2 1 2 2 0 1 0 1 0 1 0 2 1 0 1 0 1 0 0 1 0 0 0 1 0 0 2 3 1 1 1 0 0 2 1 0 2 0 2 0 0 0 5 0 1 0 1 3 3 2 2 2 1 0 1 0 1 2 1 
2 0 1 0 0 1 1 1 0 1 1 0 0 0 0 1 2 2 2 1 1 0 0 1 1 0 0 2 2 0 0 2 2 1 1 2 1 1 1 1 0 0 2 3 0 2 0 4 0 3 0 1 2 2 0 0 0 0 2 2 0 0 0 0 2 1 0 0 0 0 0 1 1 0 0 6 0 2 0 2 0 1 3 4 0 0 2 2 2 0 0 1 5 0 1 6 
0 1 0 0 0 0 0 0 0 0 0 0 1 1 0 2 2 0 2 0 2 0 1 0 2 0 0 0 0 0 0 0 1 1 1 2 2 0 0 0 1 2 2 7 1 1 0 7 0 0 0 1 0 1 0 2 1 1 0 1 0 0 0 0 1 0 0 1 0 0 0 3 2 0 0 5 1 1 0 0 4 5 3 3 1 0 0 3 2 1 0 4 6 1 0 4 
0 1 0 2 1 0 0 1 0 2 0 2 0 0 0 1 2 0 2 2 0 0 0 0 2 0 0 0 0 0 0 1 0 0 0 2 0 0 0 2 0 0 0 1 1 0 1 2 1 0 0 0 0 0 0 0 0 1 0 0 0 0 0 1 1 1 0 0 0 1 1 0 2 1 0 10 1 0 0 0 20 4 7 13 0 0 0 0 0 2 1 0 1 0 0 3 
1 2 0 0 0 0 0 0 0 0 3 1 1 0 0 2 1 1 1 1 1 0 0 3 1 0 0 1 0 0 0 0 0 0 2 0 0 0 0 0 3 0 3 1 1 0 0 7 1 3 0 1 0 0 0 0 0 4 2 1 0 0 0 1 1 1 0 2 0 0 0 0 1 1 0 13 2 0 0 1 1 2 12 3 0 0 1 0 0 0 0 2 2 0 0 5 
4 5 1 6 1 0 0 0 1 1 0 1 2 0 0 0 0 1 0 0 0 0 0 0 4 11 1 2 1 0 1 1 4 0 0 1 0 1 5 0 0 1 0 1 0 0 1 0 2 3 2 5 0 0 0 0 0 1 1 1 1 0 0 0 0 1 0 0 0 0 0 0 3 3 2 3 0 1 1 0 3 0 1 4 1 0 1 1 0 1 0 0 0 0 0 0 
1 0 0 1 1 0 0 1 4 2 2 2 3 1 2 0 1 1 3 2 1 0 4 0 1 4 0 1 1 1 0 0 1 2 1 0 1 2 2 3 0 1 1 1 0 0 0 0 1 0 0 2 1 1 0 1 2 3 1 2 0 0 0 0 1 2 3 3 0 0 0 1 3 2 0 3 0 0 0 0 0 0 0 0 2 0 1 2 3 1 0 1 0 1 1 1 
0 1 0 1 0 0 0 0 2 0 2 2 1 0 1 2 2 2 3 2 2 1 0 1 1 1 0 0 1 0 0 0 0 0 4 4 1 0 0 0 2 1 2 4 2 0 2 3 2 1 0 2 0 0 0 0 0 0 2 1 0 0 0 0 1 1 5 0 1 0 1 1 3 0 0 3 0 0 0 0 1 0 3 1 0 2 1 0 3 0 0 4 1 2 0 5 
0 0 0 1 0 0 0 1 2 1 7 1 0 0 0 0 0 1 2 1 0 0 0 1 1 5 0 4 0 0 0 0 0 2 8 1 0 0 2 0 0 1 1 1 0 0 0 0 0 1 0 1 0 2 0 0 4 6 10 5 0 2 1 0 1 0 1 1 0 1 1 0 1 0 0 1 0 0 0 0 6 1 3 5 0 0 0 0 0 0 0 0 0 0 0 2 
2 0 0 1 0 0 0 1 2 1 4 5 2 0 1 0 6 0 1 3 0 0 0 0 1 1 2 4 0 0 1 1 1 0 3 3 0 2 1 3 0 1 1 1 1 0 0 0 0 0 1 1 0 0 0 0 4 6 2 2 0 1 1 0 0 1 2 1 0 0 0 1 1 0 0 1 0 0 0 3 2 1 1 2 1 1 1 0 1 2 0 1 0 0 1 2 
1 4 0 2 1 1 0 2 0 0 2 1 1 0 1 2 4 1 0 3 1 0 1 2 0 5 0 2 0 1 0 0 2 1 0 0 0 4 3 1 2 2 0 0 2 0 0 4 3 1 2 2 0 0 0 0 0 0 0 0 0 0 0 1 0 0 0 3 0 0 0 1 6 0 0 1 0 1 0 0 1 0 2 2 0 3 0 4 0 1 1 1 0 0 0 5 
1 3 1 4 0 2 0 0 1 1 1 1 3 1 2 0 0 0 0 0 0 0 0 0 5 5 0 3 0 1 2 1 1 2 1 3 0 2 3 3 1 0 4 0 0 1 1 0 1 2 2 1 3 0 1 1 1 1 2 3 1 0 5 1 0 0 1 0 0 0 0 0 5 0 0 3 0 0 0 0 0 1 0 3 0 0 1 0 0 0 1 0 0 0 0 0 
3 5 0 4 1 0 0 2 2 0 1 1 4 0 0 4 0 0 2 1 0 1 1 0 2 0 0 1 0 1 0 1 0 0 0 6 4 2 1 1 1 0 0 2 2 0 0 0 0 1 0 2 0 0 0 0 0 0 2 4 1 0 0 0 1 0 0 3 0 0 1 3 4 1 0 6 0 1 0 1 0 0 0 3 0 1 0 3 0 2 1 1 1 0 0 1 
1 0 0 1 1 0 0 0 3 0 3 1 2 0 0 0 4 0 0 1 3 1 1 3 0 1 1 1 0 0 0 0 1 0 2 0 0 0 0 3 1 0 2 1 2 0 1 6 1 1 0 0 0 0 0 1 1 0 1 2 1 0 1 0 2 1 2 2 2 0 0 2 5 0 0 5 2 0 0 1 2 0 0 1 0 1 1 0 1 1 1 2 4 1 1 4 
0 0 0 0 0 1 0 1 1 3 8 2 0 0 0 0 2 0 0 3 1 0 1 1 0 1 0 1 0 0 0 0 0 4 7 3 0 0 0 0 0 0 1 0 0 0 0 0 0 0 0 0 0 0 0 0 2 2 1 2 0 0 0 0 0 1 1 2 0 0 1 1 1 0 1 11 0 0 0 0 3 6 13 4 0 0 1 1 1 0 1 1 0 0 0 2 
0 0 0 2 0 0 0 0 0 0 5 0 0 0 0 1 0 0 0 0 0 1 0 1 0 0 0 1 0 0 0 0 0 1 2 0 0 0 0 0 0 0 0 0 0 0 1 2 0 1 0 0 0 0 0 0 0 1 1 2 0 0 0 0 0 1 1 1 0 1 0 0 4 1 0 31 0 0 0 0 0 1 14 6 0 0 0 0 0 2 1 0 0 3 0 11 
0 0 0 0 0 0 0 0 1 0 2 2 0 0 0 1 3 0 1 1 1 1 0 3 1 0 0 2 0 0 0 0 0 0 0 0 0 0 1 0 0 1 0 0 0 0 0 3 1 0 0 1 0 0 0 0 1 1 2 2 0 0 0 0 0 0 1 1 0 0 0 1 3 2 0 24 0 0 0 1 0 3 15 0 2 0 0 0 2 1 0 4 1 0 0 7 
1 0 0 1 3 1 0 0 2 0 1 3 0 1 0 3 2 2 1 1 3 2 0 2 2 1 0 1 0 0 0 1 2 1 1 0 1 1 2 0 1 3 1 2 1 1 1 1 2 3 0 3 0 1 0 1 0 0 0 1 0 0 0 0 1 1 1 0 0 1 0 3 3 1 0 6 0 0 1 1 1 2 0 0 1 0 1 2 1 1 0 2 2 0 1 3 
2 0 0 1 1 0 0 0 0 0 0 1 0 0 0 1 3 0 3 0 0 0 0 0 3 0 1 1 2 1 0 0 4 1 4 4 1 0 2 0 0 1 2 0 0 0 0 1 2 0 0 1 1 0 0 0 2 0 0 1 0 0 0 0 0 0 2 1 0 0 1 0 5 3 0 10 1 1 1 0 5 9 7 2 0 0 0 0 0 1 2 0 0 0 0 2 
1 0 0 1 0 0 0 1 1 0 5 1 0 2 0 0 1 2 1 0 0 0 0 0 0 2 0 3 0 0 0 0 5 2 6 1 0 1 1 0 1 0 2 0 0 2 1 1 0 0 0 0 0 1 0 0 5 5 8 6 0 0 0 0 0 0 2 1 0 0 0 0 0 2 1 1 0 0 0 0 1 8 10 0 0 0 0 1 1 0 1 1 0 0 0 1 
1 0 0 0 0 0 0 0 1 2 0 0 1 1 0 1 1 0 0 0 1 2 0 2 0 0 0 0 1 0 0 0 2 0 1 0 0 0 0 0 0 0 0 0 1 1 0 0 0 0 0 1 0 0 0 0 0 1 2 2 0 0 0 2 1 4 0 2 0 0 0 1 5 1 1 13 0 0 0 2 8 2 7 4 2 1 0 0 2 2 1 0 2 1 1 10 
2 3 0 0 1 0 0 0 2 1 2 0 1 0 2 0 1 1 1 2 1 0 0 0 1 1 0 2 1 1 0 2 1 0 0 0 0 1 1 0 1 1 1 0 1 0 1 2 1 1 1 0 0 0 0 1 1 3 3 2 0 0 0 0 1 1 1 0 0 0 0 1 1 0 0 2 0 1 0 2 17 4 3 2 2 2 1 0 1 0 1 1 2 0 0 3 
1 0 0 1 0 0 0 0 1 0 1 3 0 0 0 1 0 1 0 2 0 1 0 0 0 0 0 2 0 0 0 0 1 2 2 0 0 0 0 0 0 2 0 0 0 0 0 3 0 1 0 0 0 0 0 0 0 3 0 1 0 1 0 0 3 1 1 1 0 0 0 0 2 1 0 29 0 0 0 0 0 1 13 5 0 1 0 0 1 2 1 1 2 0 2 3 
0 2 0 1 1 0 0 0 1 2 1 1 3 0 0 1 3 1 0 2 3 0 0 1 1 0 0 2 0 1 0 0 3 2 0 0 1 0 1 1 2 0 2 2 1 0 2 4 2 1 0 0 0 0 0 0 0 1 2 1 0 1 0 1 1 1 0 2 0 0 0 0 2 0 0 5 0 0 0 1 4 0 2 2 1 0 1 3 1 3 1 3 1 1 0 8 
2 0 1 1 1 1 1 0 2 0 0 0 0 0 2 0 0 0 1 0 0 0 0 0 5 5 0 2 1 1 0 0 1 1 2 1 3 1 1 1 0 0 1 0 0 0 1 0 3 4 4 1 4 0 2 2 1 2 1 0 0 1 3 0 2 0 3 0 0 0 0 0 8 7 1 1 0 0 0 1 4 1 0 2 0 0 1 1 0 1 0 0 0 0 0 0 
5 1 1 4 0 0 0 0 2 1 3 3 0 0 1 0 3 0 0 0 0 0 0 0 6 5 1 6 0 1 0 1 1 0 7 2 0 0 0 1 1 0 3 0 0 0 0 0 1 3 1 1 0 0 0 1 2 5 5 4 0 0 1 0 1 0 0 1 1 0 0 0 3 2 0 0 0 1 0 0 1 0 1 1 0 1 1 0 2 0 0 0 0 0 0 1 
1 1 0 0 2 1 0 0 2 0 0 2 1 0 0 1 1 2 0 3 0 0 1 1 2 0 0 1 2 2 0 2 2 1 1 2 0 0 2 6 1 2 2 1 1 1 0 0 2 0 0 4 1 0 0 4 2 1 0 1 0 2 0 1 0 1 0 1 1 1 1 0 0 4 0 3 1 3 1 3 0 1 1 1 0 0 1 0 2 1 0 0 1 2 2 0 
2 0 0 1 1 1 0 1 3 0 3 1 2 1 0 1 1 1 1 0 0 0 0 0 1 3 0 0 0 3 0 3 5 4 1 4 1 2 0 0 0 2 0 0 0 1 0 2 0 1 0 1 0 0 0 0 2 4 1 1 1 1 1 1 2 0 1 2 0 0 0 0 2 0 0 0 2 1 0 2 2 8 3 2 1 0 0 0 1 0 1 1 0 0 3 0 
0 0 0 0 0 0 0 0 0 0 1 0 1 0 1 1 0 0 0 0 0 0 0 0 0 0 0 0 0 0 0 0 7 9 4 6 0 0 1 0 0 1 0 1 0 0 0 0 0 0 0 1 0 0 0 0 0 1 0 0 0 0 0 0 0 0 0 0 0 0 1 0 0 1 0 0 0 0 0 0 8 29 16 7 0 0 0 0 0 3 0 0 0 0 0 0 
0 0 0 0 0 0 0 0 0 1 0 1 0 0 0 0 1 0 0 1 0 1 0 0 1 0 0 1 0 0 0 0 5 5 1 7 0 0 0 0 0 0 0 0 0 0 0 0 0 0 0 0 0 0 0 0 0 3 0 0 0 0 0 0 0 1 0 1 0 0 0 0 1 0 0 3 0 0 0 0 12 28 13 10 0 0 0 1 1 0 0 1 0 0 0 0 
1 0 0 5 0 0 0 0 0 0 1 0 0 0 0 0 0 0 0 0 0 1 0 0 2 0 0 3 0 0 0 0 0 0 1 0 0 0 0 0 0 0 0 0 1 0 0 2 0 1 1 0 0 0 0 1 0 1 5 1 0 0 0 0 0 1 0 1 0 0 0 0 3 2 1 29 0 0 0 0 0 3 17 3 0 1 0 1 0 0 1 1 0 0 0 9 
3 1 1 0 2 0 0 0 1 0 0 0 0 1 0 0 0 1 1 0 0 0 0 0 5 5 0 1 1 1 0 0 3 0 1 4 1 1 2 1 1 1 2 0 1 0 0 1 1 5 2 2 1 0 1 0 1 0 0 1 1 0 2 1 1 0 1 0 0 0 1 0 3 8 0 7 1 0 0 0 1 1 8 1 0 0 0 0 1 1 3 0 0 0 0 1 
1 0 0 1 0 0 0 0 3 1 6 2 1 1 1 0 0 0 4 1 0 0 0 0 2 1 0 3 0 0 1 0 3 0 5 1 0 1 0 0 1 0 3 1 0 1 0 1 1 0 0 0 0 0 0 0 8 5 10 5 0 2 0 1 5 0 1 0 0 0 0 0 0 0 1 2 0 0 0 1 2 1 2 0 0 0 0 0 1 1 2 2 0 0 0 1 
2 2 0 0 2 0 0 2 1 0 0 1 2 0 0 0 1 0 0 3 0 0 0 0 0 1 0 0 2 0 0 0 8 6 1 3 1 0 0 3 0 0 0 0 2 1 0 0 0 1 0 1 1 0 0 0 0 2 0 2 0 1 0 0 1 0 1 0 0 0 0 0 0 1 0 2 2 0 0 0 11 17 5 6 0 0 1 0 1 0 0 0 0 0 0 0 
4 0 1 1 2 0 0 0 0 2 0 0 0 0 2 0 2 0 0 0 0 0 0 0 4 5 0 3 1 2 0 2 2 1 2 2 1 1 3 3 0 0 1 0 0 0 0 0 6 3 2 4 0 1 0 3 1 2 1 0 0 0 0 0 3 0 2 0 0 0 0 0 4 7 1 4 0 0 0 1 0 3 2 0 0 0 2 0 1 0 0 0 0 0 0 0 
4 1 0 1 4 0 0 6 6 2 2 3 1 1 0 1 1 4 0 4 0 0 0 2 3 1 0 3 1 1 0 2 2 0 0 1 0 0 1 1 0 1 2 0 1 1 2 2 2 0 0 2 2 0 0 2 0 0 0 0 0 1 0 0 1 0 1 1 0 0 0 1 3 1 0 0 3 0 0 4 0 1 0 1 0 1 0 1 1 0 1 0 0 0 2 0 
0 3 0 3 1 1 0 0 2 0 1 3 0 2 3 0 2 0 3 1 0 1 1 1 1 2 1 0 0 1 0 1 2 0 7 1 0 3 2 0 0 1 6 0 0 0 1 1 0 1 0 1 0 0 0 1 2 3 5 3 0 1 0 1 0 0 2 0 0 0 0 0 1 0 1 3 0 0 0 0 0 0 2 2 0 2 0 1 0 1 2 1 1 0 1 4 
1 0 0 2 1 2 0 1 0 0 0 3 2 1 0 0 0 1 2 0 0 0 0 0 0 0 0 1 2 1 0 0 2 2 0 4 2 1 1 0 0 0 1 1 0 0 1 0 1 0 0 0 0 1 0 1 0 1 1 0 0 1 0 0 1 1 0 0 0 0 1 0 2 0 0 3 0 0 0 7 16 13 1 6 0 1 0 1 3 0 0 2 0 0 0 1 
1 0 1 0 0 0 0 0 3 1 3 1 3 0 0 4 2 1 2 1 1 0 0 2 0 1 0 2 0 0 0 0 0 1 0 1 0 0 0 4 0 0 6 1 2 1 3 2 1 1 0 1 0 0 0 1 1 0 1 0 1 0 0 1 1 1 2 2 0 0 0 3 2 2 1 6 0 0 0 1 0 0 0 0 0 0 5 4 0 1 0 2 1 2 2 4 
1 1 0 2 0 1 0 1 3 5 8 1 0 0 0 0 1 0 1 1 0 0 0 0 0 2 1 5 0 0 0 0 0 2 2 3 0 0 5 0 0 0 0 0 0 0 1 0 1 0 1 1 0 2 0 0 4 1 9 3 0 0 0 1 0 0 0 1 0 0 0 0 1 2 0 1 1 1 0 0 2 2 5 3 1 0 2 2 0 0 0 1 0 1 1 3 
1 2 2 1 0 1 1 1 0 1 0 1 0 0 1 0 0 0 1 0 0 0 0 0 2 6 2 5 1 0 0 1 6 3 1 2 1 2 4 1 1 0 3 0 0 0 0 0 5 7 3 4 0 0 1 0 0 1 0 1 2 1 0 0 0 0 0 0 0 0 0 0 1 8 1 2 0 0 1 1 0 0 1 3 1 0 1 0 0 0 0 0 0 0 1 0 
0 0 0 0 0 0 0 1 4 2 9 0 0 0 0 1 0 1 1 0 0 0 0 0 2 4 1 3 0 0 0 0 0 0 11 0 0 0 1 0 0 0 3 1 0 0 0 0 0 0 0 0 0 0 0 1 7 7 9 6 0 0 0 1 2 0 1 1 0 0 0 0 0 1 0 3 0 0 0 0 2 1 10 0 0 0 0 0 0 0 0 1 0 0 0 2 
5 1 0 0 1 0 0 2 1 3 1 1 0 0 0 0 1 0 1 0 0 0 0 0 2 1 0 0 1 1 1 0 2 4 4 0 1 0 1 0 0 0 3 2 0 1 2 0 0 2 1 3 2 0 0 1 1 1 1 6 0 0 1 1 0 0 0 2 0 0 0 0 2 1 0 8 0 0 0 1 1 1 6 4 1 0 0 2 2 0 2 2 0 1 0 1 
0 0 0 2 2 1 1 0 1 0 2 1 0 0 0 0 1 0 1 0 0 0 0 1 2 4 0 1 0 0 0 0 1 0 1 2 1 0 0 2 0 0 1 0 0 0 0 0 0 2 0 0 0 0 0 1 0 1 0 0 0 0 0 0 0 0 0 0 0 0 0 0 5 3 0 12 1 0 0 4 16 7 7 9 0 0 0 0 1 1 0 0 0 0 0 2 
6 3 0 2 1 0 0 0 0 0 1 1 1 1 4 2 1 1 3 2 1 0 1 1 2 4 1 4 0 1 1 0 0 1 0 2 0 1 0 2 0 0 2 2 0 0 1 1 2 3 2 3 1 0 0 0 1 2 2 3 2 0 0 0 0 0 2 2 0 0 0 0 2 1 0 3 0 1 0 0 1 0 1 0 2 2 1 0 0 1 0 0 1 0 1 1 
1 0 0 1 0 0 0 0 0 1 0 0 0 0 0 1 0 0 0 0 0 0 0 0 0 0 0 1 0 0 0 0 8 7 2 11 0 0 0 1 0 0 0 0 0 0 0 0 0 1 0 0 0 0 0 0 0 2 0 1 0 0 0 0 0 0 1 2 0 0 0 0 0 0 0 0 0 0 0 0 13 20 13 11 1 0 0 0 0 0 0 0 0 0 0 1 
1 1 0 1 0 0 0 1 2 0 3 1 0 0 1 2 4 2 3 0 0 0 2 1 2 4 1 2 1 1 0 2 2 3 5 3 0 0 0 0 0 0 2 0 0 0 0 1 0 1 0 0 0 0 0 1 6 2 11 4 0 1 0 0 1 1 1 0 0 0 1 0 0 0 0 0 0 0 0 1 2 3 1 1 1 0 0 1 2 3 0 0 1 0 0 0 
1 0 0 0 0 1 0 0 1 1 2 1 1 0 0 0 0 1 0 1 0 0 0 0 1 0 0 0 0 0 0 0 6 5 1 5 0 0 0 0 0 0 0 0 0 0 0 1 0 0 0 0 0 0 0 0 2 2 1 5 0 0 0 1 0 0 0 0 0 0 0 0 0 0 0 1 0 0 0 0 12 24 14 5 1 0 0 1 2 0 0 0 0 0 0 0 
2 0 0 0 0 3 0 1 2 1 4 2 0 0 0 1 1 2 1 1 2 0 1 0 0 1 0 1 0 0 0 0 2 3 4 1 1 0 0 0 0 0 2 1 0 0 0 7 0 2 0 0 0 0 0 0 1 3 1 2 0 0 0 0 0 1 0 3 2 0 1 0 0 1 0 2 0 0 0 3 4 7 1 4 2 1 1 1 1 4 0 0 2 0 2 1 
5 0 0 0 0 1 1 1 2 1 3 1 0 1 1 1 5 1 3 2 1 0 1 1 1 3 0 0 3 2 0 1 3 2 0 3 0 1 2 2 1 1 0 2 0 0 0 0 1 1 0 1 0 1 0 0 1 3 0 0 0 0 0 0 1 1 3 2 0 0 0 0 0 1 1 5 0 0 1 0 1 4 3 2 0 0 0 1 0 2 1 1 1 0 0 2 
0 2 0 2 1 1 0 0 1 0 0 1 0 0 1 1 3 0 1 1 1 0 1 0 2 3 0 2 0 1 0 0 3 3 2 3 0 1 0 0 1 0 1 1 0 0 0 0 1 0 0 1 1 0 0 0 2 0 0 0 1 1 1 0 3 2 0 3 0 0 0 0 5 1 0 8 0 1 0 1 1 1 6 1 0 2 2 0 3 1 1 5 1 0 0 4 
0 1 0 2 3 0 0 1 3 2 2 2 0 0 3 0 2 1 3 1 0 1 2 0 1 1 1 1 2 2 0 2 2 0 2 3 0 0 0 0 1 3 0 0 0 1 2 1 0 3 0 3 1 2 0 1 5 2 1 1 1 0 1 1 0 0 0 1 0 0 2 0 2 1 0 2 0 3 0 2 0 0 2 1 1 1 0 0 1 1 0 1 2 1 0 0 
1 0 0 0 0 1 0 0 1 1 2 0 0 0 0 1 1 0 0 0 0 0 0 0 0 0 0 0 0 0 0 0 12 10 2 5 1 0 0 0 0 0 1 0 0 0 0 0 0 0 0 0 0 0 0 0 0 2 0 4 0 0 0 0 0 0 0 1 1 0 1 0 0 0 0 0 0 0 0 0 12 20 12 6 0 0 0 1 1 0 0 0 0 0 0 0 
2 2 0 2 1 2 0 2 0 2 2 2 2 0 2 2 0 0 0 0 0 0 0 0 2 2 0 2 1 0 0 0 6 1 0 0 0 4 0 0 1 0 1 1 0 1 2 1 0 2 0 2 0 0 0 2 0 2 0 1 0 0 1 1 0 0 0 0 0 0 0 1 1 3 0 12 0 0 0 1 0 2 6 1 2 0 0 4 0 0 0 3 0 0 2 3 
0 0 0 0 0 0 0 0 0 0 1 1 0 0 0 0 0 0 0 0 0 0 0 0 0 1 0 0 0 0 0 0 0 0 1 2 0 0 0 0 0 0 0 0 0 0 0 0 1 1 0 0 0 0 0 0 1 0 1 1 0 0 0 0 0 0 0 1 0 0 0 0 0 2 0 0 5 0 1 7 30 11 13 19 0 0 0 0 0 0 0 0 0 0 0 0 
3 1 0 1 0 0 0 0 0 0 0 0 0 1 0 1 1 0 2 1 0 1 0 2 1 2 0 0 0 1 0 2 0 0 3 0 0 0 1 1 0 1 0 0 0 0 0 2 1 0 0 2 0 0 0 0 0 2 3 3 0 1 0 2 0 0 1 0 0 0 0 0 6 1 0 24 0 0 0 0 0 1 12 0 0 0 0 0 0 2 0 1 0 1 0 9 
1 0 1 1 1 0 0 0 1 0 2 0 2 1 0 3 3 1 3 1 2 0 0 1 1 0 0 2 0 1 0 1 2 1 1 1 3 0 0 1 4 2 3 2 2 0 0 6 1 1 0 0 0 0 0 0 0 0 0 2 0 0 0 0 0 2 1 0 1 0 0 2 1 0 0 1 0 0 0 0 0 1 1 3 4 1 1 1 1 2 2 2 9 0 0 3 
0 0 0 0 0 0 0 0 0 4 0 0 0 0 0 1 0 0 0 0 0 0 0 0 2 0 0 0 0 0 0 0 11 5 2 6 0 0 0 0 1 0 0 0 0 0 0 0 0 0 0 0 0 0 0 0 0 0 0 0 0 0 0 0 0 0 0 1 0 0 0 1 0 0 0 0 0 0 0 1 14 33 9 9 0 0 0 0 0 0 0 0 0 0 0 0 
0 0 0 0 0 0 0 0 0 0 7 2 0 1 0 1 1 0 2 0 0 0 0 0 1 4 2 5 0 0 0 0 0 1 7 2 0 0 0 0 0 0 1 0 0 0 0 1 0 0 0 0 0 0 0 0 1 4 7 3 0 0 0 0 0 0 0 1 0 1 0 0 0 1 1 2 3 0 0 4 17 2 3 10 0 0 0 0 0 0 1 0 0 0 1 0 
1 0 0 1 0 0 0 0 4 0 0 2 0 0 0 0 0 0 0 0 0 0 0 0 0 1 0 1 0 1 0 0 2 0 0 1 1 0 0 0 0 1 0 0 0 0 0 0 2 0 0 0 0 0 0 0 0 1 0 1 0 0 0 0 0 0 1 1 0 0 1 0 2 0 2 1 2 1 0 5 36 6 5 16 0 0 0 1 0 0 0 0 0 0 0 0 
0 0 1 0 0 0 0 0 0 1 2 0 0 0 2 0 1 0 0 0 0 0 0 0 0 0 0 1 0 0 0 1 2 2 0 1 0 0 0 0 0 0 0 0 0 0 0 0 0 0 0 0 0 0 0 1 0 0 2 4 0 0 0 1 0 0 0 1 0 0 0 0 1 0 0 6 3 0 0 4 32 5 8 17 0 0 0 0 0 0 0 1 0 0 0 0 
3 1 1 1 0 0 0 0 1 0 0 0 0 0 1 1 5 1 0 2 0 1 1 0 1 1 0 2 2 0 0 0 4 2 0 3 0 2 1 0 1 0 3 1 0 0 1 1 2 1 1 1 0 0 0 0 3 2 0 0 0 1 2 0 1 3 3 1 0 0 0 0 2 2 1 5 0 0 1 1 2 2 6 3 0 0 3 0 4 0 0 0 0 2 0 1 
3 4 3 2 0 0 0 0 2 0 0 1 0 0 0 0 0 0 1 0 0 0 0 0 5 9 1 6 3 0 2 3 2 1 1 8 0 0 0 2 0 0 0 1 0 0 0 0 1 3 0 1 1 2 0 2 0 1 0 0 0 0 0 0 0 0 1 0 0 0 0 0 3 5 0 1 0 0 0 0 2 5 0 5 2 2 0 0 2 0 0 0 0 0 1 0 
4 0 0 1 0 1 0 0 0 2 6 1 1 0 1 1 1 0 0 2 0 0 0 0 4 3 2 3 0 0 0 1 3 3 6 0 1 1 1 0 0 1 1 0 0 0 0 1 0 1 0 1 0 0 0 0 4 5 6 5 0 0 2 1 1 1 2 0 0 0 2 0 3 0 0 3 1 0 0 0 0 0 2 0 0 1 0 4 1 0 0 1 0 0 1 0 
2 1 0 0 0 0 0 0 1 3 17 2 1 0 0 1 1 1 0 0 0 0 0 0 0 1 0 0 0 1 0 0 3 2 8 0 0 0 0 0 1 0 0 1 0 0 0 2 2 0 0 1 0 0 0 0 1 3 11 4 0 0 0 0 0 0 0 2 0 1 0 1 0 3 0 0 1 0 0 2 3 2 11 2 0 0 0 0 0 0 0 1 0 0 0 0 
1 1 0 0 1 0 0 0 3 1 1 1 2 1 0 0 2 0 1 4 0 0 0 1 2 0 0 0 0 0 0 1 1 2 0 2 0 0 1 1 0 1 1 3 6 2 2 7 2 0 0 2 0 1 0 1 0 0 0 2 0 2 0 1 0 0 0 1 0 0 0 2 1 0 0 3 0 0 0 1 1 1 0 2 2 0 1 4 5 2 3 2 2 1 2 1 
0 2 0 0 0 1 0 0 1 3 2 1 1 0 0 2 3 0 2 2 3 1 0 1 2 0 0 0 0 1 0 1 0 2 3 0 2 0 1 0 1 2 1 0 3 0 0 8 1 0 0 1 0 1 1 0 2 1 2 0 1 1 0 1 1 1 1 0 0 0 0 3 0 0 0 2 1 0 0 0 0 1 0 1 1 0 1 1 3 2 0 5 3 2 2 5 
0 0 0 0 0 1 0 0 0 1 7 0 0 0 0 0 2 1 1 0 0 0 0 1 1 0 0 5 0 0 0 0 0 3 4 1 0 0 0 0 1 0 1 0 0 0 0 3 0 0 0 0 0 0 0 0 4 5 11 7 0 0 0 0 2 1 1 0 0 0 1 0 2 0 0 16 0 0 0 0 1 2 9 0 0 0 0 0 0 1 1 0 0 2 0 1 
3 1 0 1 0 1 0 0 1 1 2 0 0 0 2 3 6 1 4 2 4 2 0 3 1 0 0 2 0 0 0 2 1 2 1 2 0 0 0 2 1 1 1 3 2 0 0 0 1 0 0 0 0 0 0 1 4 2 3 0 0 0 0 0 1 3 2 0 1 0 0 1 2 0 0 1 0 0 1 1 2 2 0 0 0 0 0 2 0 2 1 4 1 2 1 1 
1 2 1 1 0 0 0 1 1 1 3 0 0 0 0 0 0 0 1 1 0 0 0 0 1 7 0 4 1 3 0 2 1 0 4 1 0 1 5 2 0 0 1 3 0 0 0 0 2 4 1 3 0 0 0 1 2 1 3 2 0 0 0 1 0 1 0 0 0 0 0 0 2 2 3 4 0 1 1 1 4 2 1 2 0 3 0 1 0 0 0 2 0 0 1 0 
0 0 0 0 0 0 0 0 0 1 2 1 0 0 0 0 1 0 0 1 0 1 0 0 2 1 0 0 0 0 0 3 5 7 2 6 0 0 2 0 2 1 1 2 0 1 1 2 0 0 0 0 0 0 0 0 1 1 0 0 0 2 0 0 0 1 0 0 0 0 2 0 2 0 0 0 1 1 0 1 9 15 6 7 1 0 1 0 0 0 0 0 1 0 1 2 
0 0 1 0 0 0 0 0 1 0 2 3 0 0 0 0 0 0 4 0 0 0 0 0 0 0 0 3 0 0 0 0 1 0 3 0 0 1 1 0 1 0 0 0 0 0 0 0 0 0 0 0 0 0 0 0 2 4 5 2 0 0 0 0 1 1 0 1 0 0 0 1 0 0 0 1 1 0 0 3 32 1 5 16 1 0 0 0 0 0 1 0 0 0 0 1 
1 1 0 0 0 0 0 1 3 0 16 2 1 1 0 1 0 1 1 1 0 1 0 0 3 1 0 0 0 0 0 0 1 4 8 4 0 0 0 0 1 0 1 1 0 1 0 0 0 0 0 1 0 0 0 0 1 2 11 3 0 0 0 0 3 0 0 2 0 0 0 0 1 1 0 1 1 0 0 0 0 2 7 2 1 1 0 0 1 0 1 2 0 0 0 0 
1 0 0 2 0 0 0 1 2 0 1 1 1 2 2 0 5 0 4 2 1 2 1 0 1 0 0 1 2 2 0 2 1 2 1 3 0 0 2 1 1 0 2 0 0 0 1 1 2 1 0 2 0 1 0 0 1 3 0 0 0 0 0 0 0 0 1 1 0 0 1 0 4 3 0 4 0 0 0 1 0 5 6 2 2 1 3 0 0 1 2 0 2 0 0 0 
0 0 0 2 0 0 0 1 1 2 2 1 0 0 2 0 1 4 1 0 1 0 0 4 0 0 0 2 1 1 0 0 1 2 1 0 0 0 2 0 0 1 0 1 0 0 1 4 1 1 0 1 1 0 0 0 1 0 3 1 1 0 0 1 1 1 1 1 0 0 1 0 3 0 0 7 0 0 0 1 3 4 15 4 0 1 1 1 1 1 1 1 0 0 0 1 
3 3 0 1 1 0 0 0 0 0 1 1 1 0 1 2 1 1 4 2 2 1 0 2 1 1 0 1 0 0 0 0 1 0 1 1 0 0 0 1 0 1 0 3 2 0 1 4 4 0 0 2 0 0 0 1 2 0 2 1 1 1 0 2 0 0 1 0 3 0 1 0 2 4 0 1 0 0 0 1 0 0 3 3 4 0 4 0 1 0 0 3 5 0 1 2 
0 0 0 0 0 0 0 0 0 0 0 0 1 0 0 0 0 0 1 0 0 0 0 0 0 0 0 1 0 0 0 0 3 1 0 0 0 0 1 0 0 0 0 1 1 0 0 0 0 0 0 0 0 0 0 0 1 0 0 0 0 0 0 0 0 0 0 0 0 0 0 0 1 0 0 4 2 0 0 7 34 6 6 28 0 0 0 1 0 0 0 0 0 0 0 0 
2 3 1 0 0 1 0 1 1 2 0 2 1 1 0 1 0 0 2 1 0 1 1 2 2 3 2 3 5 3 0 4 2 0 1 2 0 1 3 1 0 1 1 1 0 0 0 1 3 3 0 2 1 1 0 0 1 0 0 1 0 0 1 3 0 0 1 2 0 1 1 0 1 1 0 1 0 1 0 0 2 0 0 2 0 1 2 1 2 3 0 0 0 1 2 0 
2 2 5 1 1 1 1 2 1 1 0 0 0 1 1 0 0 0 0 0 0 0 0 1 7 7 2 3 0 0 1 1 2 2 1 1 0 1 3 1 0 1 1 1 0 0 3 0 6 5 2 0 0 0 0 2 1 2 0 0 0 2 0 1 0 1 0 0 0 0 0 0 4 1 0 5 0 1 0 0 1 2 1 2 1 1 0 0 0 0 0 1 0 0 0 0 
0 2 2 0 0 0 1 0 2 3 1 0 0 0 1 1 2 0 0 0 0 0 0 0 1 2 0 0 0 0 0 1 8 10 0 7 2 0 1 1 0 0 0 0 0 0 0 0 1 1 3 1 0 0 0 2 1 0 0 0 1 1 1 1 0 0 0 2 0 0 0 0 3 1 0 1 0 1 0 1 11 8 7 2 0 0 0 0 0 0 1 0 0 0 0 1 
2 3 0 1 3 1 0 2 0 3 1 4 1 0 0 0 1 2 2 2 0 0 0 0 1 2 0 2 0 1 1 2 0 1 0 4 2 2 1 1 1 2 1 2 2 1 1 0 1 2 0 1 0 0 0 1 1 1 1 1 0 1 2 0 0 0 4 0 0 1 0 0 1 1 0 4 4 1 0 1 2 1 1 0 1 1 0 1 0 0 1 1 0 0 3 1 
0 0 0 0 0 0 0 0 0 2 0 2 0 0 0 0 0 0 0 0 0 0 0 0 0 0 0 0 0 0 0 0 11 5 1 5 0 1 0 0 0 0 1 1 0 0 0 0 1 0 0 0 0 0 0 0 0 4 0 1 0 0 0 0 0 0 0 0 0 0 1 0 0 0 0 0 0 1 0 0 17 27 8 9 1 0 0 0 0 1 0 0 0 0 0 0 
3 2 0 0 0 1 0 1 0 1 0 0 1 0 0 1 1 1 2 3 0 2 1 2 3 0 1 1 0 1 0 0 1 0 1 5 3 0 1 1 2 1 0 1 1 0 2 4 2 0 0 1 0 0 0 0 2 0 2 1 0 0 0 0 0 1 1 1 2 0 1 1 2 0 0 0 1 1 0 0 1 1 0 3 0 0 3 1 0 0 0 6 6 0 0 9 
0 0 0 0 0 0 0 0 0 0 0 0 0 0 0 1 1 1 0 1 0 0 0 1 0 1 0 0 0 0 0 0 0 0 2 0 0 0 0 1 0 2 0 0 0 0 1 1 0 0 0 0 0 0 0 0 0 1 3 0 0 0 0 0 0 0 0 0 0 0 1 0 5 2 0 20 4 0 0 2 16 2 14 11 1 0 0 0 0 2 0 0 0 1 0 2 
3 2 0 1 0 3 0 1 2 0 2 1 2 0 0 3 2 0 1 2 3 0 1 0 1 1 0 2 0 3 0 0 2 1 0 3 1 0 3 1 2 0 1 1 1 0 2 6 2 1 0 1 1 0 0 0 0 1 0 2 0 0 0 0 2 1 1 1 0 0 2 0 0 0 0 1 1 0 0 0 2 3 0 2 1 0 2 3 3 1 2 1 0 1 0 2 
0 0 0 0 1 0 0 0 0 0 3 0 1 1 0 0 1 1 0 0 1 0 1 1 0 0 0 0 0 0 0 0 3 0 1 1 0 0 0 0 0 1 2 1 1 0 1 2 0 0 0 0 0 1 0 0 2 2 2 2 0 1 0 0 1 0 1 0 0 0 0 0 2 0 0 2 0 0 0 4 24 10 4 9 0 0 0 0 0 1 0 2 2 0 0 4 
0 0 0 0 0 0 0 0 0 1 0 0 0 0 0 0 0 0 0 0 0 0 0 0 1 0 0 0 0 1 0 0 3 8 3 9 0 1 0 0 0 0 1 0 0 0 0 1 0 0 0 1 0 0 0 0 0 2 0 1 0 0 0 0 0 0 0 2 0 0 0 0 0 0 0 0 1 0 0 0 14 30 8 11 0 0 0 0 0 0 0 0 0 0 1 0 
0 0 0 1 1 0 0 0 0 3 1 0 0 0 0 0 3 0 1 1 0 0 1 0 0 0 0 0 0 0 0 1 2 1 0 2 0 1 0 0 1 0 0 2 0 0 0 0 1 0 0 0 1 0 0 0 3 1 1 1 1 1 0 0 1 1 0 2 0 0 0 1 0 1 0 1 1 0 0 3 23 11 4 13 0 0 0 0 0 2 0 1 1 0 0 2 
2 0 0 0 0 0 1 1 2 0 2 1 1 0 2 3 2 0 0 0 0 0 0 0 2 0 0 1 0 1 0 0 2 1 0 2 0 1 0 1 0 3 1 0 0 0 0 0 1 3 0 2 0 0 0 0 0 0 0 2 0 1 0 1 0 1 0 0 0 0 0 2 2 1 0 1 2 0 0 2 22 2 4 13 2 1 0 2 0 0 0 0 0 0 0 1 
0 0 0 1 0 0 0 0 2 0 4 5 0 0 0 1 0 0 0 0 0 0 0 0 2 1 0 0 0 0 0 0 6 10 2 5 0 0 0 0 0 0 0 0 0 1 0 0 0 0 0 0 0 0 0 1 2 1 5 2 0 1 0 0 1 1 0 2 0 0 0 0 0 0 0 0 0 0 0 1 9 14 9 8 1 0 1 0 0 1 0 0 0 0 0 0 
0 0 0 1 0 0 0 0 1 5 5 1 0 1 0 1 0 1 0 0 0 0 0 0 1 3 0 1 0 0 0 0 2 3 5 2 0 0 0 0 1 1 0 0 0 1 0 1 2 0 1 1 0 0 0 0 4 5 10 4 0 0 0 0 0 2 1 1 0 0 0 0 0 0 0 2 0 0 0 0 3 14 6 2 0 0 0 1 0 0 2 0 1 0 0 1 
3 4 0 0 1 1 0 4 2 0 0 0 0 0 0 3 1 0 1 1 0 0 0 0 0 3 0 1 1 0 1 0 1 1 2 1 0 0 1 0 0 1 0 3 0 0 2 0 2 2 0 0 1 1 2 1 3 3 0 0 0 0 0 0 0 0 1 0 2 0 1 3 0 4 0 2 2 3 0 1 11 2 1 6 0 0 0 1 1 1 0 3 0 0 1 0 
1 1 1 1 0 1 0 0 1 2 0 1 0 1 1 0 0 0 2 1 0 0 0 0 1 1 0 2 0 3 0 0 2 2 1 2 0 0 0 1 0 1 0 0 0 0 0 0 1 1 0 2 0 0 1 1 3 0 0 3 0 0 0 0 0 0 0 0 0 0 1 0 0 0 0 1 2 1 1 6 21 10 2 11 1 0 0 0 0 1 0 0 0 0 0 0 
0 1 0 0 0 0 0 0 4 2 8 1 0 0 0 0 0 0 2 0 1 0 0 0 1 1 0 6 0 0 0 0 1 0 11 2 0 0 1 0 2 0 3 1 0 0 0 1 0 1 1 1 0 0 0 0 6 3 12 5 0 0 0 0 0 1 1 1 0 0 0 1 0 0 0 0 0 0 0 0 0 4 7 0 1 0 0 0 2 0 0 3 0 0 0 1 
2 0 3 1 1 0 0 0 2 3 1 1 1 1 0 0 1 0 0 0 0 0 0 0 4 3 0 0 0 0 0 0 0 3 3 5 2 2 3 2 0 1 3 1 0 0 0 0 0 2 2 1 0 0 0 0 1 6 2 3 0 2 0 1 3 0 2 0 0 0 0 0 1 2 0 0 0 1 0 0 3 9 5 3 0 1 1 0 0 0 0 0 0 0 0 0 
0 0 1 0 0 0 0 0 3 1 9 0 0 0 0 1 2 1 1 1 2 1 0 0 0 0 0 1 0 1 0 0 3 1 5 3 0 0 2 1 2 0 1 1 0 1 1 3 1 0 0 0 0 0 0 1 0 1 6 5 0 0 0 1 2 0 0 1 0 0 1 1 2 1 0 0 0 0 0 0 0 8 6 1 1 2 0 0 2 1 0 2 4 0 0 1 
0 0 0 1 3 1 0 0 4 0 2 2 0 1 1 0 1 2 1 3 0 0 0 1 1 4 0 5 0 2 0 2 0 0 3 2 0 1 0 0 0 2 2 0 0 1 0 1 0 0 0 3 0 0 1 1 5 7 7 0 0 1 2 1 2 1 0 0 0 0 2 2 1 3 0 0 1 0 0 3 1 1 0 1 1 0 0 0 2 0 1 0 0 0 1 0 
1 0 0 0 0 0 0 0 3 0 6 0 0 1 0 0 2 1 1 1 0 1 0 0 1 2 1 3 0 0 0 1 1 1 6 0 0 1 1 0 1 0 0 1 0 0 0 0 1 1 0 0 0 1 0 1 2 4 6 2 0 1 1 1 0 0 2 0 0 0 0 0 1 2 0 3 1 0 0 1 10 4 4 5 0 0 1 1 1 2 1 1 0 0 0 2 
0 1 1 0 0 0 0 0 2 2 15 1 1 0 0 0 0 0 2 1 0 0 0 0 0 0 0 2 0 0 1 0 2 2 9 1 0 0 0 0 1 0 0 1 0 0 0 0 1 0 0 0 0 0 0 0 2 3 13 2 0 1 0 0 0 2 1 1 0 0 0 0 0 1 0 1 1 0 0 3 4 0 11 3 0 1 1 0 0 0 3 0 0 0 0 0 
0 0 0 1 0 0 0 1 0 0 1 0 3 0 0 1 5 6 3 2 1 1 0 1 0 0 0 1 0 0 0 0 1 0 1 1 1 1 0 1 0 0 4 3 3 0 0 2 3 1 0 0 0 0 0 1 1 1 0 1 0 0 0 0 4 1 2 1 1 0 0 2 5 0 0 1 1 0 0 0 0 2 0 1 1 0 0 0 2 1 5 3 7 1 1 5 
0 2 0 1 3 0 0 1 4 2 0 3 0 0 0 0 0 0 2 2 0 0 1 0 4 3 0 0 0 1 0 3 1 2 1 2 0 3 2 2 1 1 0 0 0 0 1 0 0 1 0 0 1 1 0 4 3 2 0 1 0 0 1 0 1 0 0 1 0 0 0 0 3 4 0 3 2 1 0 3 1 1 1 2 0 3 0 0 0 2 1 2 1 2 3 1 
0 0 0 0 0 0 0 0 2 1 9 4 0 1 2 2 3 0 3 1 0 0 0 1 3 1 0 5 0 0 0 0 0 2 8 1 0 0 1 0 1 0 4 0 0 1 0 1 0 0 1 0 0 1 0 1 3 5 10 8 0 1 0 1 3 0 1 0 0 1 0 1 1 1 0 0 0 0 0 0 0 0 1 1 1 0 0 0 0 0 0 0 0 1 0 0 
0 0 0 1 0 0 0 0 0 2 2 0 0 0 0 0 0 1 0 0 0 0 0 1 0 0 0 2 0 0 0 0 0 1 2 1 0 1 0 0 0 0 1 0 1 0 0 2 0 0 0 0 0 0 0 0 0 4 3 0 0 0 0 0 1 3 0 1 0 0 0 0 5 1 0 21 0 0 0 0 3 5 21 5 0 0 0 0 0 3 0 0 0 0 1 5 
0 0 0 0 0 0 0 0 0 1 3 1 0 0 0 0 0 0 0 0 0 0 0 2 0 0 0 2 0 0 0 0 0 0 1 0 0 0 1 0 0 1 0 0 0 1 0 3 0 0 0 0 0 0 0 0 0 0 2 3 0 0 0 0 0 0 0 1 0 0 0 1 1 1 0 28 1 0 0 0 10 2 17 9 0 0 0 0 0 2 0 0 0 2 0 4 
3 0 0 1 1 0 0 0 3 1 2 0 0 0 0 0 2 3 1 0 3 0 0 3 0 1 0 2 1 1 1 2 0 2 0 1 0 0 0 0 0 3 3 3 2 0 0 7 3 1 1 3 0 0 0 2 2 1 0 0 0 0 0 2 0 0 2 0 0 0 0 2 3 3 0 3 0 0 0 1 2 0 0 1 2 0 2 2 1 1 0 2 4 0 1 1 
6 1 1 4 1 1 0 7 2 1 1 1 0 1 0 2 1 0 2 1 0 0 0 0 1 1 0 0 0 1 0 0 2 0 0 2 1 2 3 2 1 4 0 2 0 0 1 1 0 2 0 2 0 0 0 2 0 1 0 2 0 0 1 0 1 1 1 1 0 0 0 1 2 0 0 1 1 1 0 2 2 3 3 2 3 0 1 1 0 1 0 2 0 1 1 1 
1 0 0 0 0 1 0 0 1 2 2 0 0 2 0 1 2 2 1 0 0 0 0 1 1 0 0 0 0 2 0 0 4 7 1 2 0 1 1 0 0 0 0 2 0 0 0 3 1 0 0 0 1 0 0 1 0 3 1 2 1 0 0 0 2 0 0 1 0 0 1 0 1 1 0 1 0 0 0 2 10 16 7 4 2 0 0 0 1 0 0 1 0 0 0 0 
2 0 0 0 0 0 0 0 4 1 9 0 0 1 0 0 2 1 1 0 0 0 1 0 0 3 1 6 0 0 0 0 1 1 10 2 0 1 0 0 0 0 0 0 0 1 1 0 0 0 0 0 0 1 0 0 5 8 14 6 0 0 0 1 1 0 0 1 0 0 0 1 0 1 0 1 0 0 0 0 2 2 3 0 0 0 0 0 0 0 2 0 1 1 0 0 
3 2 3 3 0 0 1 0 0 1 1 2 0 1 1 0 0 2 3 1 0 0 0 0 7 7 1 2 0 0 1 3 2 4 0 2 0 1 4 2 0 0 1 0 0 0 0 0 2 1 0 3 1 2 2 0 1 1 0 0 0 1 0 0 1 0 0 1 0 0 0 0 4 5 0 1 0 0 0 0 0 6 1 2 1 0 0 1 0 1 1 0 0 0 0 0 
0 0 0 0 0 0 0 0 1 0 2 0 0 0 0 0 2 0 0 1 0 0 0 0 1 0 0 0 0 0 0 0 2 0 1 1 0 0 0 0 0 0 0 0 1 0 0 0 0 0 0 0 0 0 0 0 0 1 0 1 0 0 0 0 0 0 0 0 0 0 0 0 0 2 1 2 2 0 0 3 38 8 3 27 0 0 0 0 0 0 0 0 0 0 0 0 
1 1 0 1 1 1 1 3 2 1 4 0 3 0 1 1 1 1 2 1 0 0 0 0 1 0 0 2 2 0 0 0 7 4 2 3 1 0 0 1 0 2 0 1 0 0 0 0 1 0 0 0 0 0 0 0 2 2 6 1 0 0 0 0 0 0 0 1 0 2 1 0 1 1 0 3 0 3 0 1 2 5 7 0 1 0 2 1 0 1 0 0 1 0 1 2 
1 2 0 2 0 0 0 0 2 0 4 2 0 1 0 2 1 0 0 0 0 0 0 1 2 1 0 4 0 1 0 0 1 1 6 2 1 1 1 0 0 1 0 1 0 1 1 1 0 2 1 2 1 1 0 0 0 0 4 4 0 1 0 1 1 0 0 1 0 0 0 0 3 1 0 13 0 0 0 0 0 4 7 2 0 0 1 0 0 2 1 1 0 1 0 1 
1 0 0 0 1 0 0 0 1 0 4 0 1 0 1 1 0 0 0 0 1 0 0 1 1 1 1 0 0 0 0 0 3 0 2 1 0 0 0 0 3 0 0 3 0 0 0 0 1 0 0 0 0 0 0 0 3 3 0 1 0 0 0 0 2 1 0 0 0 0 0 0 4 0 0 1 3 0 0 0 21 3 7 15 1 0 0 0 0 1 0 0 1 1 0 4 
0 0 0 1 0 0 0 0 0 0 0 1 0 0 0 1 1 1 0 0 0 1 0 0 0 0 0 1 0 0 0 0 0 1 1 2 0 0 0 0 0 0 1 0 0 0 0 0 1 0 0 1 0 0 0 0 0 3 6 1 0 0 0 0 1 1 0 2 0 0 1 2 8 0 0 25 0 0 0 0 0 2 23 2 0 0 0 0 0 2 0 1 1 0 0 5 
1 1 0 2 0 0 0 0 0 0 3 2 0 0 1 0 0 1 0 3 0 0 0 1 1 0 0 0 0 0 0 0 3 4 1 6 0 0 0 1 1 0 1 4 1 0 1 1 0 0 0 1 0 1 0 0 1 3 2 2 1 0 0 0 1 0 1 0 0 0 0 1 1 0 0 3 0 0 0 1 6 14 5 6 0 1 1 1 1 0 0 1 1 0 1 3 
1 0 0 0 0 0 0 0 0 1 9 0 0 2 0 1 0 1 1 0 0 0 0 0 0 2 0 4 0 0 0 0 2 1 11 2 0 0 0 0 0 0 3 0 0 0 0 1 0 1 0 0 0 0 0 0 8 10 15 2 0 0 0 0 4 0 2 0 0 0 0 0 0 1 0 1 0 0 0 0 0 2 8 1 0 0 0 0 0 0 2 0 0 0 0 1 
1 2 1 0 1 0 0 1 1 1 3 3 0 1 2 2 2 0 2 0 1 1 1 0 1 2 0 2 1 1 0 1 0 1 7 1 1 1 0 0 0 1 1 1 0 0 0 2 0 0 2 0 0 0 0 0 7 3 5 3 0 0 0 1 1 1 3 2 0 0 1 1 0 1 0 0 0 1 0 1 5 1 3 6 0 0 0 1 0 1 0 0 0 0 0 0 
2 1 0 1 1 1 0 1 0 0 4 3 0 1 0 0 5 1 3 5 0 0 1 0 0 0 0 3 2 1 1 0 1 2 0 2 0 0 2 0 0 4 1 0 0 0 1 1 3 0 0 1 0 1 0 1 1 0 2 2 0 0 1 0 3 2 1 1 0 0 2 0 0 1 0 3 1 1 0 2 2 0 0 0 1 2 0 4 0 5 2 0 1 1 1 1 
2 1 1 0 0 0 0 0 0 2 0 1 0 0 0 1 0 0 0 0 0 0 0 1 0 1 0 0 0 1 0 2 3 9 2 3 0 0 2 0 0 0 0 2 0 0 1 0 0 0 0 0 1 0 0 0 0 2 0 1 1 1 1 0 1 1 0 1 0 0 0 1 0 1 0 0 1 2 0 1 12 20 4 7 0 0 0 2 1 0 0 2 0 0 1 0 
2 1 0 0 1 0 0 0 3 0 2 0 1 1 1 5 2 1 0 3 4 1 0 1 2 0 0 3 1 0 0 1 2 2 0 1 2 3 1 1 2 0 0 1 4 1 0 3 3 0 0 1 1 2 0 4 1 1 1 1 0 0 0 0 0 0 3 1 0 1 1 0 3 0 0 3 0 1 1 0 0 0 1 0 0 0 0 0 3 0 0 2 2 2 0 2 
1 0 0 1 0 0 0 0 3 1 14 2 0 1 0 1 0 0 3 0 0 0 0 0 0 1 0 11 0 0 0 0 2 0 10 0 0 0 0 0 0 0 2 0 0 1 1 0 0 1 0 1 0 1 0 0 8 8 9 4 0 1 0 0 0 0 2 1 0 0 0 1 0 0 0 1 0 0 0 0 0 0 2 0 0 0 0 0 3 0 0 1 0 0 1 0 
1 1 1 0 0 0 0 0 0 2 7 3 1 0 0 0 0 0 0 1 0 0 2 0 6 5 1 5 0 0 0 1 1 1 7 2 0 1 2 1 1 1 1 1 0 0 0 0 0 0 2 0 0 0 0 0 3 5 6 5 1 1 2 0 2 0 2 0 0 0 0 0 0 0 0 1 0 0 0 0 1 2 3 1 0 1 0 1 1 0 0 1 2 0 1 0 
3 0 0 1 0 1 1 0 0 2 2 1 1 1 0 1 4 0 5 0 1 0 0 0 1 1 0 0 2 0 0 0 1 0 1 1 2 0 1 2 1 1 2 2 1 0 0 3 1 0 0 3 0 0 0 0 3 3 1 0 0 1 1 0 0 1 1 1 0 0 1 0 1 2 1 2 0 1 0 1 0 0 2 4 2 1 1 3 2 3 1 2 2 2 1 3 
0 0 0 0 0 0 0 0 4 1 13 4 0 0 1 0 2 1 0 0 1 0 0 0 0 0 0 0 1 0 0 1 1 0 8 2 0 1 0 0 1 0 2 0 0 1 0 0 1 2 0 0 0 1 0 0 1 2 11 0 0 0 0 1 0 1 0 2 0 0 0 0 2 1 0 2 1 1 0 2 10 3 4 4 0 0 0 1 0 2 0 0 0 0 0 0 
1 0 0 1 1 1 0 0 2 2 0 2 1 1 0 0 2 1 0 2 0 0 0 0 1 3 1 1 3 0 3 2 3 1 1 2 1 2 1 2 0 3 2 2 0 0 0 1 0 3 1 1 0 4 1 3 2 0 2 3 0 1 2 0 0 0 0 0 0 1 2 1 2 1 1 1 1 4 0 2 0 0 1 1 0 2 0 0 0 1 0 1 0 2 0 1 
2 0 0 1 0 0 0 0 1 0 0 0 0 1 1 1 0 1 1 1 0 0 0 0 1 1 0 2 0 1 0 0 1 1 4 1 0 0 0 1 0 1 1 1 0 0 0 0 1 2 1 0 0 0 0 1 0 0 1 0 0 0 1 0 0 0 0 0 0 0 0 0 0 2 0 3 4 0 1 4 34 4 2 10 0 0 0 0 1 0 0 0 0 0 1 1 
1 4 0 2 1 0 0 1 0 0 4 1 0 0 1 0 3 1 0 1 0 0 0 0 2 4 1 2 3 1 1 1 3 2 0 2 1 1 4 0 0 0 2 0 0 0 1 0 6 2 2 0 1 1 0 0 0 1 1 0 2 0 1 0 1 0 0 0 0 0 0 0 7 4 2 8 1 2 0 0 1 0 3 0 1 0 0 0 0 0 1 0 0 0 1 0 
4 3 1 2 1 1 0 0 2 0 0 1 2 0 1 0 0 0 2 2 0 0 0 2 2 0 0 2 3 1 0 4 1 0 0 1 0 2 0 2 1 2 0 3 1 1 1 1 4 0 0 2 1 2 0 2 1 1 0 1 0 1 1 3 0 1 0 0 1 0 0 0 1 4 0 1 1 2 0 4 2 0 0 3 0 0 1 1 1 0 1 2 1 1 1 0 
1 1 0 0 0 0 0 0 2 4 0 2 0 1 1 2 2 0 1 2 2 0 1 0 0 1 0 0 0 1 0 0 3 2 1 3 0 1 0 2 1 0 5 5 0 1 2 0 1 1 0 0 0 1 0 0 1 3 1 5 0 1 0 1 2 0 1 2 0 0 0 0 2 0 0 2 1 0 0 4 2 3 3 3 3 0 2 0 0 1 0 1 1 0 1 1 
1 1 1 1 1 0 1 1 2 1 3 3 0 0 2 0 4 1 4 1 1 0 0 1 1 4 1 3 1 0 0 0 2 3 6 2 1 1 0 0 0 0 4 2 1 0 0 0 1 0 0 1 0 1 0 0 1 1 4 0 0 0 0 1 1 0 2 0 0 0 0 1 1 1 0 2 0 1 0 0 4 0 2 2 1 1 1 0 1 0 2 1 0 0 3 1 
2 3 0 0 0 1 0 0 0 1 0 2 0 1 0 3 2 2 1 1 0 1 1 1 2 1 0 0 1 1 1 1 2 3 0 3 0 0 0 2 0 1 3 0 0 0 0 0 0 2 0 3 3 1 1 0 2 2 1 2 0 2 1 2 0 0 2 2 0 0 1 1 1 3 1 4 0 1 0 3 0 2 1 2 1 1 2 1 2 0 1 0 0 2 0 1 
1 0 2 0 0 0 0 3 4 1 4 1 0 0 1 2 2 0 1 5 0 0 0 0 2 1 0 3 1 1 0 1 0 3 1 0 0 0 0 1 2 3 1 3 3 1 2 3 0 0 1 0 1 0 0 1 1 3 1 1 0 0 0 0 1 1 1 2 0 0 1 0 1 1 0 4 0 2 0 0 1 0 1 1 0 1 0 0 3 3 0 1 3 0 2 2 
2 0 0 0 0 0 0 0 1 1 0 0 0 0 1 1 1 0 2 1 2 2 0 2 0 0 0 2 0 0 0 0 1 1 1 1 0 0 1 0 0 1 1 2 1 0 1 4 2 0 0 1 0 0 0 0 0 1 2 3 0 0 1 1 0 3 1 1 0 1 1 0 1 1 1 18 1 0 0 0 0 4 7 2 0 0 2 0 0 1 0 3 0 0 0 8 
0 0 0 1 1 1 0 0 4 0 2 1 2 1 1 1 0 1 1 3 0 1 0 1 1 2 1 3 0 1 0 0 1 3 6 0 1 0 0 0 0 1 0 1 1 0 0 1 1 0 0 2 0 0 0 0 3 3 14 5 1 0 0 0 3 0 0 2 0 0 1 2 0 0 0 2 0 1 0 0 3 1 1 1 1 0 0 0 0 0 1 2 1 0 0 4 
3 5 1 2 0 0 1 2 0 0 0 0 1 0 1 0 1 0 1 0 0 0 0 0 4 5 1 5 1 1 1 2 2 1 1 2 0 0 7 2 0 0 2 1 0 0 0 0 0 4 2 5 1 0 0 1 0 1 1 2 1 1 2 0 0 0 0 1 0 0 0 0 2 5 0 4 0 0 2 0 0 1 2 1 0 1 2 0 1 0 1 0 0 0 0 0 
2 1 0 0 3 0 0 1 1 2 1 0 0 0 0 0 1 0 2 0 0 1 0 0 2 1 0 2 2 0 0 2 5 6 0 4 1 0 0 0 0 0 1 1 0 0 1 0 1 0 0 1 1 1 1 0 0 1 0 2 1 0 0 0 1 0 1 0 0 0 0 2 1 0 2 2 0 1 0 4 7 8 3 7 1 2 0 1 1 2 0 1 0 1 0 0 
4 2 1 3 2 0 0 0 3 1 1 1 1 2 2 2 1 1 3 5 0 0 0 1 2 3 0 3 0 0 0 0 1 0 0 2 0 1 2 5 2 2 0 1 0 0 0 0 1 1 0 1 1 0 0 2 0 0 0 0 0 2 1 1 0 1 1 1 0 0 0 1 6 6 0 3 2 0 0 1 1 0 0 0 1 0 1 2 2 0 0 1 0 0 0 0 
2 3 0 3 3 1 0 0 0 1 2 0 0 1 0 2 4 0 2 0 4 1 2 1 0 0 0 4 0 0 0 0 2 1 3 0 0 0 0 2 1 0 2 4 2 0 3 6 0 0 0 1 0 1 0 1 0 1 1 0 1 1 0 0 1 0 1 1 0 0 2 0 0 2 0 7 0 0 0 0 0 1 0 2 0 0 1 0 2 2 1 4 1 0 0 3 
0 0 0 0 0 0 0 0 2 0 0 1 0 0 0 0 0 0 1 3 0 0 0 0 0 0 0 0 0 0 0 0 2 0 0 0 0 0 0 0 0 1 0 1 0 0 0 1 0 0 0 0 0 0 0 0 0 0 0 2 0 0 0 0 0 0 0 0 0 0 0 0 0 1 0 1 3 0 0 8 37 7 1 25 1 0 0 0 0 0 0 1 1 0 0 0 
0 0 0 0 0 0 0 0 0 0 2 0 0 0 1 0 0 0 0 1 0 1 0 0 2 0 0 2 0 0 0 0 2 0 1 0 0 0 0 0 1 0 0 0 0 0 0 1 0 0 1 1 0 0 0 0 0 1 4 0 0 0 0 0 2 0 0 0 0 0 0 0 4 1 2 29 0 0 0 0 0 5 17 4 0 1 0 0 0 1 2 3 1 2 0 5 
1 0 0 0 0 0 0 0 2 1 3 3 1 0 0 1 3 0 2 4 1 1 0 0 0 0 0 4 0 0 0 0 0 2 3 3 0 0 0 1 1 1 2 1 0 0 1 4 1 2 0 2 0 1 0 0 1 1 3 2 0 0 1 0 0 1 1 1 0 0 1 1 4 1 0 5 0 0 0 0 0 0 7 3 0 0 0 0 0 2 1 1 3 0 1 7 
2 1 1 1 1 0 1 0 4 0 1 0 0 0 0 0 1 0 0 1 0 0 0 0 3 2 2 0 0 1 0 0 6 6 1 3 1 2 2 1 2 0 0 1 0 1 0 0 1 2 0 4 0 0 2 0 0 1 0 1 1 0 2 1 0 0 0 0 0 0 0 0 3 2 0 3 1 1 0 1 6 9 6 5 0 0 0 0 0 0 0 0 0 0 0 0 
1 0 0 1 0 0 0 0 1 0 2 0 0 0 0 1 0 0 1 0 1 0 0 0 0 1 1 1 0 0 0 0 1 1 2 0 0 0 0 2 1 0 1 0 0 0 2 0 0 0 0 5 0 0 0 0 1 2 0 3 0 0 0 0 0 1 0 0 0 0 0 0 1 1 0 1 1 1 0 7 30 4 7 13 0 0 0 0 0 1 0 0 0 0 0 0 
0 1 0 2 3 1 0 0 1 0 0 0 0 2 0 0 0 1 2 2 0 0 0 1 0 1 0 1 0 0 1 2 3 1 1 1 2 1 0 1 0 1 1 1 1 1 1 2 0 0 0 1 2 0 0 1 2 1 1 1 2 0 0 1 0 1 0 0 0 0 1 1 1 4 0 9 3 1 0 1 2 1 8 2 0 0 0 1 1 2 0 2 1 1 4 2 
0 1 0 0 0 0 0 0 0 1 0 2 0 0 0 0 0 0 0 0 0 0 0 0 0 0 0 0 0 0 0 0 2 7 3 4 0 0 0 0 0 0 0 0 0 0 0 0 0 0 0 0 0 0 0 0 0 0 0 2 0 0 0 1 0 0 0 1 0 0 0 0 2 0 0 1 2 0 0 3 22 12 9 23 0 0 0 1 0 0 0 0 0 0 1 0 
6 1 3 2 2 1 1 0 1 0 0 0 2 1 2 1 0 0 0 0 0 0 0 0 2 4 4 6 1 0 2 1 2 3 0 0 0 1 6 0 0 0 2 0 0 0 0 0 5 2 3 1 1 2 1 1 1 1 1 1 0 1 0 0 1 1 0 0 0 0 0 0 4 1 1 2 1 0 0 0 0 1 0 2 0 0 4 0 0 1 1 1 0 0 1 0 
2 1 0 1 2 0 0 0 0 2 2 1 1 1 0 1 1 2 2 5 4 0 0 2 0 0 0 1 0 0 0 0 0 0 1 2 0 1 1 0 3 1 0 2 1 0 1 1 0 0 0 0 0 0 0 2 1 0 0 1 1 3 0 1 1 4 1 1 1 1 3 1 1 1 0 3 0 1 0 2 0 1 1 0 3 0 1 1 0 1 1 3 4 2 3 4 
0 0 0 1 1 0 0 1 1 1 1 0 0 1 0 1 0 1 0 1 0 0 0 2 0 2 0 1 1 2 0 1 1 0 0 0 0 0 1 1 0 0 0 0 0 1 3 1 2 0 0 0 1 0 1 1 0 1 3 2 0 0 1 0 1 0 0 0 0 0 3 1 6 1 0 11 0 0 0 2 5 3 9 6 0 2 1 2 1 0 2 0 1 0 2 2 
6 0 0 1 2 1 0 1 1 1 3 3 2 1 0 2 2 1 2 1 1 0 0 0 0 1 0 5 1 0 0 1 2 1 1 0 0 0 4 2 3 3 3 0 0 0 1 0 0 1 0 0 0 0 0 2 0 1 1 0 2 1 0 0 0 0 1 1 0 0 1 1 2 0 0 2 0 2 0 1 2 3 1 2 2 3 1 3 0 0 0 1 2 0 1 1 
1 0 0 0 0 0 0 1 1 1 0 0 0 0 0 0 0 0 0 0 1 0 1 3 0 0 0 0 0 0 0 0 0 0 1 1 0 0 0 0 0 0 0 0 1 0 0 0 0 0 0 0 0 0 0 0 3 1 0 0 0 0 0 0 0 0 0 0 0 0 0 0 2 0 0 2 3 0 0 4 35 11 4 21 0 0 0 0 1 0 0 0 0 0 0 1 
5 5 1 2 0 1 0 0 4 0 0 0 0 0 1 0 2 1 2 2 0 0 0 0 5 8 0 4 0 0 0 1 2 2 0 0 1 3 2 1 1 0 1 1 0 0 2 0 5 3 4 2 2 1 2 0 1 1 0 1 1 1 0 0 1 0 0 1 0 0 0 0 1 3 0 3 0 0 0 1 1 0 0 0 0 0 0 0 0 0 0 2 0 0 2 1 
2 2 0 0 1 0 0 0 0 0 4 0 1 1 0 0 0 0 2 0 0 0 0 0 1 5 1 3 0 0 0 1 1 0 5 2 0 0 0 1 0 0 2 0 0 0 0 0 0 1 0 2 0 1 0 0 3 0 2 1 0 0 1 0 0 0 0 0 0 0 0 0 2 1 0 3 2 0 0 2 17 5 3 15 0 2 0 0 0 0 0 0 1 0 0 1 
2 4 0 5 0 1 0 0 2 0 4 1 0 0 0 0 0 0 1 0 0 0 0 0 0 0 0 3 0 0 0 0 1 0 1 2 0 0 0 3 1 3 0 0 0 0 1 0 0 2 1 0 0 0 0 1 1 1 8 0 0 0 0 0 0 0 0 2 0 0 1 0 1 4 0 2 0 0 1 1 13 2 5 11 0 1 0 2 1 1 1 0 0 1 1 0 
0 0 0 0 0 0 0 0 1 1 4 0 0 0 0 1 1 1 0 0 0 0 0 0 1 0 0 1 0 0 0 0 3 2 1 5 0 0 0 0 1 0 0 0 0 0 0 0 0 0 0 0 0 0 0 0 1 0 1 4 0 0 0 0 0 0 0 1 0 0 0 0 0 0 0 2 1 0 0 4 30 11 10 12 0 0 0 0 0 0 0 0 0 0 0 0 
0 1 0 0 0 0 0 0 0 0 2 0 0 0 0 0 1 0 0 0 0 0 0 2 0 0 1 1 0 0 0 0 1 1 1 0 0 0 0 0 0 1 1 0 0 0 0 0 0 0 0 0 0 0 0 0 0 0 4 2 0 0 0 0 1 0 1 2 0 0 0 1 3 0 0 20 0 0 0 0 7 3 26 7 0 0 0 0 1 1 0 2 0 1 0 5 
4 1 0 2 1 0 0 1 2 1 3 6 4 1 1 0 2 1 2 3 1 0 1 0 5 4 0 2 1 0 0 1 0 1 1 2 1 2 0 0 0 0 0 1 0 0 0 0 1 2 0 7 1 0 0 0 0 0 2 0 1 0 1 2 2 1 1 1 0 0 0 0 2 3 0 2 0 0 0 2 1 0 0 4 1 0 0 1 2 0 0 0 1 0 1 0 
3 2 0 0 2 1 0 1 1 1 0 1 0 1 3 0 2 0 1 1 0 0 0 0 2 5 0 6 2 0 0 1 4 2 1 2 2 0 4 1 0 0 1 0 0 0 0 0 3 4 1 2 0 1 1 1 1 2 1 1 0 0 0 0 1 0 0 0 0 0 0 0 4 4 1 6 0 1 1 0 1 1 2 4 0 0 0 1 0 1 0 1 0 0 0 0 
2 6 2 2 2 0 0 1 2 1 2 2 2 0 2 3 1 1 0 3 0 0 0 2 1 1 0 1 1 1 0 0 1 3 2 3 1 1 3 0 1 2 0 2 0 1 0 1 1 2 0 1 0 0 0 0 0 1 1 1 0 0 1 1 2 0 0 0 0 0 0 1 1 3 1 4 0 0 0 0 1 4 1 1 2 0 1 1 0 1 1 0 0 3 0 1 
0 1 0 1 0 1 0 0 3 1 9 2 0 0 0 1 1 0 0 0 0 0 0 1 0 0 0 1 0 0 0 0 3 2 8 1 0 0 0 0 1 0 1 0 0 0 0 0 0 0 0 2 0 0 0 0 1 4 5 2 0 0 0 0 3 0 0 0 0 0 0 0 3 1 0 10 0 0 0 1 3 3 12 2 1 0 0 2 0 0 0 1 0 1 2 3 
1 0 0 0 0 3 0 1 1 1 0 1 1 0 0 1 1 2 3 2 0 0 0 2 1 0 0 2 1 1 1 0 1 0 1 0 2 0 1 0 0 1 0 0 0 1 0 0 0 0 0 0 0 0 0 1 5 1 0 1 0 0 0 0 0 0 0 1 0 0 1 0 2 0 0 11 4 1 1 6 16 1 6 7 0 0 0 1 0 0 0 0 0 0 1 0 
3 1 0 1 1 0 0 0 0 1 1 3 1 0 0 2 3 2 2 1 0 2 0 2 3 1 0 3 2 1 0 2 1 0 1 0 1 0 0 0 0 2 2 3 2 1 2 4 0 1 0 1 0 1 0 0 0 0 1 0 0 0 0 0 0 2 2 1 1 0 0 1 1 1 0 3 0 0 0 0 3 0 1 1 2 2 2 1 1 1 1 3 3 0 2 4 
0 2 0 2 0 1 0 1 3 1 0 1 0 0 0 3 3 0 2 1 0 0 0 0 2 5 0 1 0 3 0 0 0 1 1 6 0 3 1 2 0 2 0 1 0 0 2 0 2 2 0 2 0 1 0 0 0 0 1 0 1 0 0 2 3 0 0 0 0 0 2 1 5 4 0 4 0 0 0 0 2 5 1 4 2 1 1 1 0 1 0 0 0 0 2 0 
0 1 0 1 0 0 0 0 1 0 5 0 0 0 0 1 0 0 0 0 0 0 0 0 1 1 0 1 0 0 0 0 0 1 3 0 0 0 0 0 0 0 0 1 0 0 0 3 1 0 1 1 0 0 0 0 1 0 7 1 1 0 0 0 0 2 0 2 0 2 0 0 1 0 1 25 0 0 0 0 0 4 18 2 0 1 0 0 0 0 1 0 1 0 0 7 
2 0 0 2 0 2 0 0 2 3 9 1 0 0 1 0 1 1 1 0 0 1 0 0 0 4 0 4 0 0 0 0 1 1 6 1 0 0 0 0 2 0 2 1 0 0 0 0 0 0 2 1 0 0 0 1 6 6 7 5 0 0 0 0 2 2 1 1 0 0 0 1 1 2 0 1 0 0 0 0 2 2 3 2 1 0 0 0 1 0 2 0 0 0 0 0 
0 1 2 2 1 1 0 5 0 2 1 1 1 1 2 3 1 0 2 1 0 2 0 0 0 3 0 3 0 0 0 0 3 0 0 1 2 1 1 0 1 1 1 2 1 0 0 0 2 1 0 2 1 0 0 0 2 0 0 0 1 1 0 0 1 0 0 2 0 0 2 1 1 1 1 4 0 1 0 0 3 7 4 2 1 0 0 1 0 0 1 2 1 1 1 3 
0 0 0 0 0 0 0 0 0 3 1 4 1 0 0 0 0 0 0 1 0 0 0 0 0 0 0 0 0 0 0 0 4 8 0 5 0 0 0 0 0 0 0 1 0 0 1 1 0 0 0 0 0 0 0 0 0 1 0 1 0 0 0 1 0 0 0 3 0 0 0 0 0 1 0 0 1 0 0 2 12 24 11 10 0 0 1 1 0 0 0 0 0 0 1 0 
0 1 1 0 0 0 0 1 0 0 2 0 0 1 1 4 2 1 4 7 2 0 0 2 2 2 0 3 0 1 0 1 3 2 1 1 1 3 0 2 1 1 0 2 0 1 0 2 2 0 0 1 1 0 0 0 1 1 2 1 1 0 0 3 2 1 1 0 1 0 0 1 2 1 0 5 0 1 0 0 1 0 1 1 0 0 1 0 0 4 0 2 1 0 0 3 
0 0 0 0 0 0 0 0 0 1 0 1 0 0 0 1 1 0 0 0 1 0 0 1 1 0 0 0 0 0 0 1 7 4 2 7 2 0 0 0 0 0 0 1 0 0 0 2 0 0 0 0 0 0 0 1 1 1 1 1 0 0 0 0 0 0 0 0 0 0 0 0 0 0 0 3 0 0 0 0 12 22 11 7 1 0 0 1 0 0 1 0 1 0 0 3 
3 5 0 0 0 0 0 0 1 0 1 1 1 0 0 2 1 1 0 2 0 0 0 1 2 0 0 2 0 0 0 0 0 0 1 2 0 0 1 1 0 0 0 0 0 0 1 1 1 0 0 2 0 1 0 0 0 0 2 4 0 0 0 0 2 2 1 1 0 0 0 1 2 1 0 19 0 0 0 2 0 0 14 5 2 0 0 2 0 1 2 0 1 1 0 1 
0 0 0 0 0 0 0 0 0 1 0 1 0 0 0 0 0 0 0 1 0 0 0 0 0 0 0 0 0 0 0 1 5 0 2 1 0 1 0 0 0 0 1 0 0 0 0 0 0 0 0 0 0 0 0 0 1 2 3 0 1 0 0 0 0 0 0 0 0 0 0 0 0 0 0 2 4 0 0 6 37 6 2 21 0 0 0 0 0 0 0 0 0 0 0 1 
0 0 0 1 0 0 0 0 3 1 2 0 0 0 0 1 0 1 2 0 0 0 0 0 0 2 0 2 1 1 0 0 4 2 4 3 0 0 1 1 1 0 2 0 0 0 1 1 1 1 0 1 1 1 0 0 0 2 6 0 0 0 0 1 1 0 0 0 0 0 0 0 2 2 0 0 1 0 0 3 17 14 0 6 0 1 0 0 0 2 0 0 0 0 0 0 
1 1 0 0 0 0 0 1 3 1 10 0 0 0 1 1 2 0 1 0 0 1 0 0 1 0 1 0 0 0 0 0 0 0 4 2 0 0 0 0 1 0 0 1 0 1 0 0 0 0 0 0 0 0 0 0 2 1 5 0 0 0 0 0 1 0 1 0 0 0 0 0 2 0 0 7 0 0 0 0 16 6 11 9 1 0 0 0 1 0 0 0 0 0 0 3 
1 0 0 2 0 1 0 0 1 0 2 1 0 2 1 2 4 1 1 3 0 0 0 2 6 0 0 2 0 0 0 0 0 1 2 1 0 3 1 0 0 1 2 2 2 0 0 6 3 0 0 1 1 0 0 2 1 1 2 0 1 0 0 1 0 1 0 2 1 0 1 0 1 2 0 4 0 0 0 0 1 2 0 2 2 0 1 2 0 1 0 3 3 0 1 4 
2 0 0 1 1 0 0 0 1 2 2 1 1 0 0 1 2 1 5 0 0 0 1 0 2 2 1 3 1 1 1 0 1 2 9 3 0 0 1 0 0 0 3 1 0 3 1 0 0 0 0 0 0 0 0 0 5 4 7 5 0 0 0 0 3 2 0 0 0 0 0 0 1 1 0 1 0 0 0 1 3 0 5 2 0 0 0 1 0 0 0 0 1 1 0 1 
1 0 0 0 0 0 0 1 2 2 13 2 0 0 1 0 1 1 2 0 0 0 0 0 0 0 0 1 0 0 0 0 3 2 6 3 0 0 0 1 1 1 0 2 0 0 0 0 1 0 0 0 0 0 0 1 0 1 7 2 0 0 0 0 1 1 1 1 0 1 0 0 5 1 0 2 0 0 0 0 3 7 12 1 1 0 0 1 0 1 1 1 0 0 0 1 
1 1 0 0 2 0 0 1 0 2 0 1 0 0 0 0 3 2 3 0 0 0 0 1 2 0 0 1 0 0 0 0 4 9 0 3 0 0 0 0 1 0 0 0 1 1 0 0 0 0 0 1 0 1 0 0 1 0 3 2 0 0 0 0 0 0 0 2 0 0 0 0 1 2 1 1 0 2 0 0 5 15 12 4 0 1 0 0 0 1 2 2 0 1 1 0 
5 0 0 3 1 0 0 2 2 0 0 0 0 1 0 2 1 1 0 3 1 0 2 0 4 2 0 2 1 1 0 0 1 0 1 2 1 1 0 2 1 2 2 1 0 0 1 1 1 3 2 1 0 0 0 1 0 0 1 4 0 0 0 0 1 0 2 1 0 0 2 1 2 3 0 4 0 2 0 3 0 2 2 0 1 3 1 1 3 0 0 0 0 0 0 3 
0 0 0 0 0 0 0 0 0 0 0 1 0 0 0 0 0 0 0 0 0 0 0 0 0 0 0 0 0 0 0 0 8 15 1 6 0 0 0 0 1 0 0 0 0 0 0 0 0 1 0 0 0 0 0 0 0 3 0 1 0 0 1 0 0 0 0 0 0 0 0 0 1 0 0 0 0 1 0 0 11 29 9 9 0 0 0 0 0 0 0 0 0 0 2 0 
1 2 0 1 0 0 0 0 4 0 2 1 1 0 0 1 2 2 1 1 6 0 1 2 1 1 0 1 0 0 0 2 5 1 2 0 0 1 0 2 2 2 2 3 1 0 0 3 2 1 0 2 1 0 1 0 0 0 1 2 0 0 1 1 0 1 1 0 2 1 1 0 2 1 0 3 0 0 0 0 1 0 0 1 0 2 1 0 0 0 0 4 2 1 3 4 
2 5 0 4 2 1 1 0 0 0 0 1 1 2 0 1 0 2 1 3 0 0 0 0 3 2 0 4 1 0 0 1 0 1 0 5 3 1 6 2 1 2 0 1 0 0 0 1 0 0 0 5 1 3 0 0 0 0 1 1 1 2 0 1 0 0 1 0 0 0 0 2 3 2 0 2 0 0 0 0 0 1 2 1 1 1 1 3 1 1 0 2 0 0 0 1 
4 1 0 2 0 1 0 0 2 1 2 4 1 0 1 1 2 1 3 4 0 0 1 1 1 4 0 0 2 1 0 2 2 0 0 2 1 1 1 1 1 0 3 2 0 0 1 2 0 2 0 2 0 1 0 0 2 0 1 3 0 3 1 1 1 1 3 1 0 0 1 0 1 0 1 2 2 1 0 0 0 0 2 1 0 0 0 0 0 3 1 1 2 0 0 1 
0 2 0 0 0 0 0 0 2 1 8 1 0 1 0 1 0 0 1 0 0 0 0 0 1 5 1 5 0 0 0 0 4 5 4 0 0 0 0 0 0 1 2 1 0 0 0 1 1 0 0 0 0 0 0 0 4 7 10 10 0 1 0 1 0 0 0 0 0 0 0 0 0 0 0 0 0 0 0 0 3 2 6 1 1 0 0 0 1 2 2 1 0 0 0 0 
3 3 0 3 0 0 0 1 1 0 2 3 1 2 0 0 0 0 1 4 0 0 0 1 1 3 1 3 0 1 0 1 2 0 1 1 0 0 5 3 1 0 0 1 0 0 1 0 4 4 0 2 0 0 0 0 1 1 0 1 1 1 1 1 1 0 1 0 0 0 1 1 3 3 0 9 1 1 0 1 2 1 0 1 2 0 2 0 0 1 1 0 0 0 1 0 
0 0 0 1 0 0 0 0 0 0 1 3 0 0 0 1 0 0 0 0 0 0 0 0 0 0 0 0 0 0 0 0 8 13 1 4 0 0 0 0 0 0 0 0 0 0 0 0 0 0 0 0 0 0 0 0 0 0 0 1 0 0 0 0 0 0 0 0 0 0 0 0 1 0 0 1 0 0 0 1 14 29 11 9 0 0 0 0 0 0 0 1 0 0 0 0 
2 1 0 1 0 0 0 1 4 1 1 1 0 1 0 2 3 3 1 3 1 1 0 0 1 0 0 1 1 1 1 0 3 1 3 1 0 0 1 0 1 1 2 2 0 1 1 2 3 1 0 2 1 1 0 1 1 2 0 1 1 0 0 1 2 0 0 1 1 0 1 0 1 2 0 3 1 1 0 0 1 3 0 1 2 1 0 2 1 3 2 0 1 0 4 0 
0 0 0 2 0 0 0 0 0 0 1 1 0 0 0 1 1 0 2 0 1 0 0 0 0 0 0 4 0 0 0 0 3 3 2 5 0 0 0 0 1 0 0 0 0 0 0 0 0 0 0 2 0 0 0 0 0 1 0 1 0 0 0 0 0 1 0 2 0 0 0 0 1 1 0 11 0 0 0 0 7 16 14 5 1 0 1 2 0 0 0 0 1 0 0 6 
1 1 0 0 0 0 0 0 1 2 0 2 0 0 0 0 0 0 1 0 0 0 0 1 0 0 0 1 0 0 0 1 10 9 2 3 0 1 0 1 0 1 1 0 0 0 0 0 1 0 0 0 0 0 0 0 0 1 1 3 0 0 0 1 0 0 1 0 0 0 0 0 0 0 0 0 0 0 0 0 13 22 5 9 0 0 0 1 1 0 0 0 0 0 1 1 
2 1 0 0 0 2 0 3 0 1 1 1 0 2 1 0 3 1 3 0 0 0 0 0 0 0 1 3 0 0 0 2 6 4 1 4 0 0 0 0 1 1 1 1 0 0 1 2 0 0 0 0 1 0 0 2 4 6 5 4 0 0 1 0 2 0 0 2 0 0 0 0 1 3 0 0 0 0 1 0 1 3 2 1 2 1 0 1 0 1 2 2 0 1 1 1 
0 0 0 0 0 0 0 0 0 1 2 2 0 0 0 0 0 0 0 0 0 2 0 1 0 0 0 2 0 1 0 0 1 2 1 1 0 0 0 0 1 0 1 0 0 0 1 2 0 0 0 3 1 1 0 0 0 3 1 1 0 0 0 0 0 0 0 3 0 0 0 1 1 0 0 24 1 0 0 0 1 3 18 2 0 1 0 0 0 1 0 1 1 0 1 10 
2 1 0 0 0 0 0 1 1 3 8 1 0 0 0 1 2 0 2 2 0 0 0 0 1 3 5 6 0 0 0 0 2 0 7 0 0 0 1 0 0 2 3 2 0 0 1 1 1 1 0 0 1 1 0 0 8 4 7 2 0 0 0 1 1 1 1 0 0 0 1 1 0 1 0 0 0 0 0 2 0 0 3 0 0 0 1 0 0 0 3 1 0 0 0 0 
1 1 1 1 1 1 0 2 2 0 1 2 1 3 0 0 1 0 1 2 0 0 2 0 2 4 0 1 1 2 2 2 0 0 4 0 2 1 1 2 1 1 0 2 0 0 3 1 2 1 0 2 1 1 0 0 0 0 1 1 0 0 0 1 1 0 1 0 0 1 2 0 1 1 0 5 0 2 0 4 4 2 1 2 0 3 0 0 2 1 0 2 0 0 0 0 
1 0 0 1 0 1 0 1 0 1 1 2 0 0 0 1 1 0 1 0 0 0 0 1 0 0 0 3 0 0 0 0 0 0 1 0 0 0 0 0 0 0 0 3 1 0 0 1 0 0 0 0 0 0 0 0 0 0 1 2 0 0 0 0 0 1 1 1 0 0 0 1 5 1 0 21 0 0 0 0 0 2 25 2 0 1 1 2 1 2 0 1 2 0 1 5 
0 3 1 0 0 0 0 0 4 0 7 0 0 0 1 0 1 1 5 1 0 0 0 0 0 1 0 6 1 1 0 0 1 0 4 2 0 0 1 0 1 0 1 1 0 0 1 2 0 0 0 1 0 0 0 1 6 7 13 3 0 0 1 0 4 3 1 0 0 1 0 0 1 0 0 2 0 1 0 0 1 2 1 0 0 0 1 0 1 1 0 0 0 0 0 1 
1 4 0 2 1 2 0 0 2 1 1 1 2 1 3 2 4 0 1 0 1 0 0 1 5 3 0 3 1 1 0 1 0 0 1 2 2 0 0 7 1 2 0 0 0 1 0 1 2 1 0 4 0 1 0 0 1 1 2 0 0 0 0 0 1 0 1 1 0 0 1 2 3 0 0 2 0 1 0 0 0 0 1 1 3 2 2 2 0 0 1 1 0 1 0 1 
0 0 0 0 0 0 0 0 0 1 1 1 0 0 0 0 0 0 0 0 0 0 1 1 0 1 0 2 0 0 0 0 0 0 0 0 0 0 0 0 0 0 0 0 0 0 0 2 0 0 0 0 0 0 0 0 0 1 1 0 0 0 0 0 1 1 3 1 0 0 0 1 3 2 1 38 0 0 0 0 0 4 24 1 0 0 0 0 1 1 1 0 1 0 0 4 
0 0 0 2 1 0 0 0 0 0 2 1 0 0 0 2 0 0 0 1 0 0 0 0 0 0 0 2 0 0 0 0 2 3 1 2 0 1 0 0 0 0 0 0 0 0 1 0 0 0 0 0 0 0 0 0 0 0 2 1 0 0 0 0 0 0 0 1 0 1 0 0 4 1 0 26 0 0 0 0 4 4 16 7 0 0 0 0 2 0 2 1 0 1 1 5 
2 3 0 2 3 1 0 1 2 1 2 0 1 0 2 4 4 1 3 2 0 0 1 0 3 3 0 0 1 2 0 0 1 2 1 2 1 0 1 2 3 2 3 2 0 0 1 0 0 1 0 1 0 1 0 2 1 1 0 0 0 1 0 1 0 0 1 2 1 0 2 1 1 3 1 1 0 2 0 3 0 2 0 1 2 0 0 1 0 0 1 0 0 0 0 1 
0 0 0 0 0 0 0 0 3 1 9 3 0 0 0 0 0 2 2 0 0 1 1 0 1 2 3 4 0 0 0 0 1 0 8 0 1 0 0 1 1 1 1 0 0 0 1 1 2 1 0 0 0 0 0 0 6 7 10 5 0 0 0 0 2 2 2 0 0 0 0 0 1 0 0 1 0 0 0 1 1 0 6 1 0 0 0 0 0 0 2 1 0 0 0 1 
6 3 1 3 1 0 0 0 0 1 1 2 1 2 1 1 1 0 1 1 0 1 0 1 6 2 0 2 2 1 0 0 0 1 1 2 3 2 3 3 0 1 1 0 0 0 0 0 2 2 4 4 1 0 0 1 0 0 2 1 0 0 0 0 1 0 0 1 0 0 1 0 0 3 1 2 1 1 0 1 1 1 1 2 3 0 2 2 0 1 0 0 0 0 0 0 
0 2 0 2 1 0 1 2 0 2 0 0 1 0 1 0 4 2 6 1 0 0 0 1 0 0 1 0 0 0 0 0 3 1 1 1 0 0 1 0 2 0 0 1 0 0 1 0 0 0 0 0 0 0 0 0 0 2 1 1 0 0 0 0 1 0 0 1 0 0 1 2 1 1 0 17 0 0 0 0 2 4 15 0 0 1 1 1 0 0 0 4 0 1 0 5 
0 0 0 0 1 0 0 2 1 0 0 0 0 0 0 0 0 0 0 1 0 0 0 0 0 1 0 0 0 0 0 0 5 1 1 1 0 0 3 0 0 0 0 0 0 0 0 0 0 0 0 0 0 0 0 0 2 0 1 0 0 0 0 0 0 0 0 0 0 0 0 0 0 2 0 1 6 0 0 4 37 10 3 17 0 0 0 0 0 0 0 0 0 0 0 0 
2 1 0 1 0 0 0 0 3 2 9 3 2 0 0 1 1 2 3 2 1 0 1 1 2 0 0 0 0 0 0 0 0 2 2 1 0 1 0 0 0 2 0 2 0 1 1 3 1 0 0 0 0 0 0 0 0 2 4 1 0 0 0 2 1 0 1 2 1 0 0 0 1 0 0 8 1 0 0 0 0 3 5 2 2 0 1 1 4 0 1 1 2 0 1 0 
1 0 0 0 0 0 0 0 0 5 0 1 1 1 0 0 0 0 0 1 0 0 0 0 0 0 0 1 0 0 0 0 4 14 2 2 0 0 0 0 0 0 0 1 0 0 0 0 0 0 0 1 0 0 0 0 0 0 0 3 0 0 0 0 0 0 0 1 0 0 0 0 0 0 0 1 0 0 0 1 11 21 12 13 0 0 0 1 0 0 0 0 0 0 0 1 
0 1 0 1 2 0 0 0 1 0 4 1 0 1 0 2 3 2 2 0 0 1 0 0 3 2 1 1 1 0 0 1 2 1 3 0 0 0 1 0 1 0 2 1 0 0 0 0 1 1 0 3 0 0 0 0 3 5 8 3 1 0 0 0 0 1 0 1 0 0 0 0 0 2 0 7 0 1 0 0 0 1 10 2 0 0 0 0 2 1 2 0 0 1 0 3 
1 0 1 0 1 0 0 0 1 1 6 3 0 0 1 0 1 1 0 2 0 1 0 1 0 0 1 3 0 0 0 0 3 2 4 0 0 0 0 0 1 0 4 2 1 0 1 3 0 1 0 2 1 0 0 0 5 3 8 2 0 0 0 0 2 1 1 2 0 0 0 0 0 1 0 6 0 0 0 0 1 0 9 3 0 0 1 0 0 1 2 1 0 1 0 0 
0 0 0 0 0 0 0 0 0 0 0 2 0 0 0 1 2 2 1 0 0 0 0 1 0 0 0 1 0 1 0 0 0 1 1 0 0 0 0 0 0 0 0 1 0 0 0 5 0 0 0 1 0 0 0 0 0 0 3 0 0 1 0 0 1 1 0 0 1 0 0 0 7 0 0 17 0 0 0 1 0 3 18 3 0 1 1 0 2 2 3 1 1 1 0 12 
0 0 0 0 0 0 0 0 1 2 0 2 0 0 0 3 0 0 0 1 0 0 0 0 0 0 0 0 1 1 0 0 3 7 2 3 0 0 0 1 1 0 0 4 0 0 1 0 0 0 1 2 0 0 0 0 0 1 1 3 0 0 0 1 0 1 0 1 1 0 0 2 0 0 0 0 0 1 0 0 7 17 6 10 3 1 0 2 0 0 1 4 0 0 0 1 
0 0 0 1 0 0 0 0 0 0 4 1 0 0 0 0 0 1 1 0 0 0 0 1 0 0 0 2 0 0 0 0 0 1 5 0 0 0 0 0 0 2 0 0 0 0 0 2 0 0 0 3 0 0 0 0 0 2 2 3 0 0 0 0 2 0 0 1 0 0 0 1 5 0 0 25 0 0 0 0 0 4 18 2 0 0 0 0 2 1 0 0 1 0 2 5 
3 4 0 3 0 1 0 0 2 0 1 2 1 1 0 3 2 0 1 2 0 0 0 0 9 2 1 2 0 0 0 1 2 2 1 1 1 0 1 1 0 1 0 0 1 0 2 1 3 1 0 1 0 1 0 1 0 0 0 2 0 1 2 1 0 1 0 0 0 0 0 1 2 4 0 5 0 0 0 1 0 0 4 2 1 3 1 2 0 1 0 0 2 0 1 1 
1 1 0 0 0 0 0 0 0 0 3 0 0 0 0 1 2 1 1 1 0 0 0 2 0 0 0 1 0 0 0 0 3 6 2 5 0 0 0 0 1 0 0 2 1 1 0 2 1 1 0 0 0 0 0 0 1 2 2 2 0 0 0 0 0 1 1 0 0 0 0 0 1 2 0 1 1 0 0 0 15 6 8 10 2 1 0 2 0 0 0 0 1 0 0 2 
3 2 0 1 0 1 0 1 1 1 1 2 0 0 1 0 3 0 1 4 0 0 0 2 1 0 0 1 1 2 0 0 4 2 2 2 0 0 1 0 3 1 0 3 0 0 0 0 2 0 0 0 0 0 0 1 2 1 2 2 0 1 0 1 0 2 0 1 0 0 0 0 0 3 0 11 1 1 0 0 0 4 6 3 1 0 1 1 1 0 1 2 0 1 1 0 
0 0 1 0 0 0 0 0 3 3 5 1 0 0 0 0 2 1 1 0 0 0 0 0 0 5 1 6 0 0 0 0 0 0 12 1 0 0 1 0 1 0 7 1 0 0 0 0 1 0 0 2 0 0 0 0 7 8 15 4 0 0 0 0 0 0 0 1 0 0 0 1 0 1 0 0 0 0 0 0 1 3 2 0 0 1 0 0 0 0 0 0 0 0 0 1 
0 1 0 0 1 0 0 0 1 2 5 1 0 0 0 0 1 0 0 2 0 0 1 1 2 3 0 4 0 1 0 1 4 4 2 4 0 0 0 1 0 5 3 2 0 0 0 0 0 1 0 1 2 0 0 0 3 1 4 3 1 2 1 1 1 0 0 0 0 0 0 0 1 1 0 1 0 1 0 1 6 5 3 2 1 0 0 0 1 0 1 1 0 1 0 1 
2 1 0 3 1 1 0 1 0 0 0 2 1 1 2 2 2 1 3 1 0 0 3 2 0 2 0 2 1 0 0 5 3 0 0 0 1 1 3 0 1 0 3 0 0 2 1 1 1 2 0 3 3 0 1 2 0 1 1 0 0 0 0 0 1 0 1 1 0 0 0 1 2 0 0 1 1 2 0 3 1 3 0 1 1 1 0 1 3 0 1 2 1 0 1 2 
1 1 0 0 2 0 0 2 1 1 3 2 0 0 2 2 5 3 3 0 0 0 1 1 0 1 0 0 0 0 0 0 1 1 2 1 0 1 1 1 1 0 1 3 0 1 3 3 1 0 0 0 1 1 0 0 0 4 1 3 1 0 1 0 1 1 2 2 0 0 0 0 1 0 1 5 0 1 0 3 0 5 5 0 1 0 0 1 0 0 1 0 0 1 1 4 
1 0 0 1 1 0 0 1 2 0 5 0 2 0 2 3 1 0 5 0 1 2 0 0 0 1 0 0 1 0 1 0 2 0 2 3 0 0 0 0 0 1 4 1 0 0 0 5 1 1 0 1 0 0 0 0 0 2 2 1 0 0 0 0 0 2 1 0 0 0 2 1 1 1 0 3 0 2 0 1 1 3 2 1 1 0 2 3 0 3 2 2 4 0 1 5 
1 0 0 0 0 0 0 1 1 2 0 0 1 0 0 0 0 0 0 0 0 0 0 0 0 0 0 0 0 1 0 0 0 1 0 1 0 0 0 0 0 0 0 1 0 0 0 0 0 0 0 1 1 0 0 1 2 0 0 0 0 0 0 0 0 1 0 0 0 0 0 0 2 1 0 2 4 1 0 2 38 3 10 18 0 0 0 2 0 0 0 0 0 1 0 0 
2 0 0 0 0 0 0 0 2 0 2 0 1 0 1 0 2 1 1 0 0 1 0 1 0 0 0 1 1 0 0 0 1 0 2 1 0 0 2 0 0 1 1 1 0 0 0 1 1 2 0 2 0 0 0 0 0 1 0 1 0 0 0 0 0 0 0 1 0 0 0 1 0 0 1 21 0 0 0 0 1 0 28 3 0 0 0 2 0 2 1 1 0 0 0 5 
5 0 0 0 0 0 0 1 1 0 0 0 0 1 1 1 1 2 0 2 0 0 0 0 0 0 0 1 0 0 0 1 7 4 1 3 2 0 0 1 0 1 1 3 0 0 0 1 1 0 0 0 1 1 0 0 2 3 0 0 1 0 2 1 0 0 0 2 0 0 1 0 0 2 0 1 1 1 0 2 9 16 5 5 0 0 0 0 0 0 0 1 0 1 0 0 
0 1 0 0 0 1 0 0 2 1 6 1 1 0 0 1 2 1 0 2 0 0 0 0 0 0 0 2 0 0 0 0 4 7 2 4 0 0 1 0 0 1 1 2 0 0 0 0 0 1 0 0 0 1 0 0 2 4 3 2 1 0 0 0 2 0 0 0 0 0 0 1 3 0 0 1 0 2 0 1 7 6 4 6 1 0 0 1 2 0 1 3 0 0 0 2 
2 0 0 1 0 0 0 1 1 1 13 0 1 0 2 0 0 1 0 1 0 0 0 1 0 0 0 1 0 0 1 0 2 1 8 0 0 1 0 0 0 0 0 0 0 0 0 1 0 0 0 2 0 1 0 0 3 2 9 3 0 0 0 0 0 1 0 0 0 0 0 0 1 1 0 17 0 0 0 0 2 3 8 3 0 0 0 0 0 0 0 1 0 0 0 3 
1 1 0 2 0 0 0 0 0 0 1 0 0 0 0 0 0 0 0 0 0 0 0 2 0 0 0 0 0 0 0 0 3 0 0 0 0 0 0 0 0 0 0 0 0 0 0 0 0 1 0 0 0 0 0 0 2 2 0 1 0 0 0 0 0 0 0 0 0 0 0 0 2 0 0 2 3 0 0 8 30 10 6 22 0 0 0 0 0 1 0 0 0 0 0 0 
4 1 3 0 1 0 0 0 1 1 1 1 0 1 0 0 0 1 1 1 0 0 0 0 2 5 0 3 2 1 0 0 3 0 3 0 0 0 2 0 0 1 0 0 0 0 0 0 1 0 2 2 0 0 1 0 2 2 1 2 0 0 1 0 0 1 0 1 0 0 0 0 2 0 0 19 0 0 0 0 2 2 10 5 0 0 0 0 0 1 0 2 0 1 0 1 
1 1 1 2 1 0 0 1 0 0 3 1 0 1 0 0 0 0 0 0 0 0 0 0 0 3 0 1 0 0 1 0 1 1 1 1 1 0 4 1 0 0 1 0 0 1 2 0 0 3 0 0 0 0 1 1 1 1 3 3 1 0 0 0 1 0 0 0 0 0 1 0 7 3 1 15 1 1 0 0 0 1 13 1 0 0 1 0 0 2 1 2 0 2 0 2 
0 2 0 0 1 0 0 0 1 0 3 0 1 0 1 3 1 0 1 2 2 0 2 2 1 0 0 0 0 0 0 1 0 2 2 0 0 0 0 2 0 0 0 3 2 0 1 4 1 0 0 2 0 0 0 1 2 1 0 0 0 0 0 0 1 0 1 0 0 0 0 1 4 1 0 10 0 0 0 1 5 0 5 5 1 0 2 1 0 0 1 1 6 1 1 5 
3 0 0 0 1 0 0 0 2 0 0 0 0 0 0 0 0 0 0 0 0 0 0 1 2 3 0 3 1 0 0 0 3 2 1 3 0 2 0 0 1 0 1 2 0 0 0 2 0 0 1 1 0 0 0 1 0 2 4 0 0 0 0 0 0 1 0 0 0 0 0 0 1 8 0 18 0 0 0 1 3 7 11 4 0 0 0 0 1 1 0 0 0 1 0 1 
1 0 2 2 2 0 0 1 2 1 11 2 0 0 1 1 1 0 3 1 0 1 0 0 1 1 0 0 0 0 0 1 0 0 2 0 0 0 0 0 1 0 2 0 0 0 1 1 2 3 0 0 1 1 0 1 2 6 7 1 1 0 0 3 3 1 1 0 0 1 1 0 0 0 0 3 0 2 0 1 2 2 4 5 0 0 1 0 1 0 0 0 0 0 2 0 
0 0 0 2 0 0 0 0 1 0 5 0 0 0 0 0 2 2 0 0 0 0 0 0 2 0 0 3 0 0 0 0 0 1 8 1 0 0 0 0 0 0 1 1 0 0 0 0 1 0 0 3 0 0 0 0 2 2 8 2 0 0 0 0 1 0 1 0 0 0 0 0 2 0 0 22 0 0 0 0 1 1 15 3 0 0 0 0 0 0 1 0 1 0 1 4 
0 0 0 0 1 0 0 1 1 2 6 2 2 1 0 4 2 2 2 1 3 0 1 3 1 0 0 1 0 0 0 0 2 0 2 1 1 0 0 0 0 2 1 3 2 0 0 6 0 3 0 0 0 0 1 0 0 0 1 2 0 0 0 0 1 0 0 2 1 0 0 1 4 1 0 1 1 0 0 1 2 0 1 0 1 0 3 3 1 0 0 3 6 1 0 3 
6 1 2 4 1 0 0 0 1 1 1 0 0 0 3 1 1 1 0 1 0 0 0 0 5 5 0 3 0 1 1 0 4 0 0 4 1 2 2 1 0 0 1 1 0 0 2 0 3 4 2 2 0 3 0 2 0 0 1 2 0 0 0 0 1 0 0 0 0 0 1 0 3 3 2 1 0 0 0 2 2 1 0 1 0 2 0 1 1 2 0 1 0 0 0 0 
0 1 1 1 0 0 0 0 0 1 2 1 1 1 0 2 4 0 2 1 3 0 1 1 0 0 0 1 0 1 0 0 0 0 4 1 0 0 0 2 1 0 2 1 1 1 0 2 2 0 0 0 0 0 0 0 0 3 0 0 0 0 2 0 0 2 2 0 0 0 0 0 6 0 0 11 0 0 0 0 0 3 6 6 0 0 2 1 0 1 3 3 5 0 1 1 
1 0 0 2 1 0 1 0 2 2 3 0 1 0 0 2 2 1 1 1 0 0 2 0 0 0 0 0 1 0 0 0 2 0 0 1 0 0 0 0 1 0 0 0 0 0 0 1 1 1 0 0 0 1 0 0 1 2 0 2 0 0 1 0 2 5 0 1 0 0 0 0 1 0 1 0 2 1 0 3 23 3 1 15 0 0 0 1 0 0 1 1 0 0 1 1 
2 0 0 0 1 0 0 1 1 0 1 0 1 0 0 0 0 0 1 1 3 0 0 0 1 3 0 0 1 1 0 1 4 0 1 3 0 0 1 0 0 3 2 0 2 0 3 2 2 2 2 0 2 1 0 0 1 2 1 4 0 0 1 0 1 0 0 0 0 0 0 1 3 1 0 2 0 0 0 0 4 11 9 2 0 0 2 1 1 1 1 2 0 0 0 0 
0 0 0 0 0 0 0 1 1 2 2 0 1 0 0 1 1 1 0 0 0 0 0 0 0 3 0 0 0 0 0 0 6 6 5 7 1 0 1 1 0 0 0 1 0 0 0 0 2 0 0 3 0 0 0 0 0 1 3 0 0 0 1 0 0 1 0 0 0 0 0 0 0 1 0 1 0 0 0 0 9 21 10 2 0 1 0 0 0 0 3 0 0 0 0 0 
5 5 1 2 1 0 0 1 1 0 3 1 1 1 0 2 0 0 0 0 0 0 0 0 5 1 0 3 0 0 0 0 2 1 2 2 0 0 3 2 3 2 1 0 0 0 3 0 1 5 3 0 0 1 0 1 0 1 1 1 2 1 1 1 0 2 0 0 0 0 1 0 3 1 0 2 0 1 0 2 2 2 0 4 0 1 0 3 0 0 0 0 1 0 0 2 
3 2 1 3 1 0 0 0 0 2 0 0 0 1 4 2 0 0 0 0 0 0 1 1 1 5 0 1 1 1 0 2 4 4 3 1 1 0 3 1 0 0 0 2 0 0 0 0 3 4 1 4 1 0 0 1 0 1 1 2 1 0 2 2 1 0 0 0 0 0 0 0 2 4 0 3 0 2 0 0 1 5 0 4 2 0 1 0 0 0 0 0 0 0 0 1 
