-2002024.753452
0
0.000515 0.000407 0.000000 0.000999 0.000561 0.000000 0.000000 0.000075 0.003755 0.041932 0.001242 0.024181 0.000462 0.000000 0.001069 0.000840 0.000000 0.000465 0.000000 0.001070 0.000000 0.001063 0.000641 0.003386 0.000077 0.000000 0.000000 0.001076 0.000000 0.000375 0.000297 0.000000 0.045244 0.094543 0.013482 0.072350 0.000000 0.000775 0.000343 0.000535 0.000000 0.000000 0.000000 0.000293 0.000000 0.000055 0.000000 0.000993 0.000000 0.000000 0.000000 0.000000 0.000000 0.000000 0.000000 0.000000 0.000907 0.033636 0.000589 0.027879 0.000000 0.000000 0.000000 0.000000 0.000000 0.000000 0.000000 0.008139 0.000000 0.000050 0.001182 0.000000 0.010135 0.004986 0.000860 0.111459 0.000000 0.000000 0.000000 0.000000 0.064567 0.173567 0.122205 0.096908 0.000000 0.000000 0.000191 0.003503 0.000953 0.001292 0.001314 0.002490 0.000441 0.003045 0.000668 0.015930 
0.004796 0.004090 0.000000 0.004451 0.006681 0.002691 0.000000 0.005681 0.013015 0.001748 0.002857 0.007790 0.008114 0.007181 0.005857 0.011719 0.045175 0.021869 0.032869 0.033620 0.010976 0.005235 0.005835 0.017868 0.001705 0.002107 0.000000 0.000245 0.002488 0.002324 0.000000 0.004694 0.015716 0.001069 0.002157 0.013906 0.004678 0.011214 0.005298 0.018014 0.020812 0.034142 0.031267 0.054680 0.006980 0.012314 0.012544 0.087088 0.000000 0.003337 0.000000 0.000000 0.001981 0.001975 0.000000 0.004372 0.007163 0.001667 0.000000 0.004870 0.002748 0.003855 0.003873 0.005084 0.023214 0.016681 0.020967 0.021774 0.002533 0.005091 0.004681 0.024713 0.005261 0.001439 0.000721 0.002083 0.000000 0.001696 0.000000 0.001240 0.000000 0.000407 0.000281 0.004356 0.011404 0.009059 0.006624 0.011528 0.028053 0.023694 0.019167 0.031245 0.017247 0.008875 0.006861 0.042623 
0.048655 0.028780 0.008310 0.028318 0.010891 0.006578 0.003531 0.011317 0.011601 0.004450 0.001673 0.009624 0.006466 0.005027 0.009840 0.007169 0.008143 0.002169 0.005406 0.008681 0.000178 0.000529 0.005187 0.000000 0.061517 0.038314 0.009908 0.035079 0.009916 0.010511 0.005896 0.013825 0.011806 0.006163 0.006632 0.014372 0.007272 0.010867 0.021485 0.011042 0.002293 0.003077 0.002865 0.000578 0.000000 0.000979 0.005445 0.000000 0.066200 0.026732 0.011527 0.043082 0.007674 0.006592 0.002570 0.007984 0.004451 0.000691 0.000000 0.003233 0.006011 0.005158 0.008662 0.008638 0.002267 0.000714 0.003689 0.002266 0.000928 0.000000 0.009066 0.000000 0.048768 0.045906 0.010243 0.077397 0.000000 0.012459 0.002113 0.005173 0.000000 0.000000 0.000451 0.000434 0.007116 0.006493 0.006869 0.011651 0.000837 0.003339 0.002025 0.001433 0.000000 0.002482 0.004307 0.000000 
0.000400 0.000529 0.000000 0.000000 0.002557 0.000322 0.000619 0.002061 0.005192 0.000001 0.001598 0.000002 0.000000 0.000000 0.000000 0.000011 0.000476 0.000000 0.000000 0.000536 0.000000 0.000349 0.000000 0.000000 0.001313 0.000000 0.000000 0.000000 0.003027 0.000000 0.000000 0.002608 0.009327 0.000001 0.003123 0.000005 0.000000 0.000000 0.000000 0.000000 0.000164 0.000000 0.000356 0.000000 0.000000 0.000000 0.000000 0.000000 0.000000 0.000000 0.000000 0.000000 0.000735 0.000598 0.000000 0.002340 0.004680 0.000001 0.000000 0.000002 0.000000 0.000378 0.000447 0.000000 0.000000 0.000000 0.000000 0.000001 0.000000 0.000000 0.000000 0.000405 0.028658 0.011193 0.001823 0.003599 0.158244 0.031402 0.005175 0.209107 0.307217 0.042726 0.020500 0.135318 0.000000 0.000000 0.000000 0.000000 0.000459 0.000000 0.000000 0.000000 0.000000 0.000000 0.000411 0.000000 
0.000249 0.003666 0.000156 0.009948 0.000489 0.001272 0.000000 0.001638 0.033460 0.023859 0.098688 0.019273 0.000885 0.003743 0.000177 0.005771 0.008467 0.008275 0.019646 0.005647 0.000000 0.000844 0.000000 0.002369 0.007620 0.018746 0.004711 0.071909 0.000000 0.000000 0.000000 0.000000 0.007438 0.013292 0.065245 0.013504 0.000000 0.002694 0.000000 0.000468 0.005333 0.005754 0.022315 0.002832 0.000000 0.003622 0.004240 0.000000 0.000000 0.006820 0.000664 0.027744 0.000237 0.001318 0.000000 0.000000 0.064273 0.088066 0.124570 0.067314 0.000000 0.002297 0.000748 0.002067 0.013054 0.017690 0.014466 0.007581 0.000000 0.001606 0.001693 0.004751 0.000162 0.005905 0.000637 0.002143 0.000000 0.000000 0.000000 0.000000 0.000000 0.000000 0.019221 0.000828 0.000667 0.000962 0.000000 0.000368 0.004792 0.006830 0.009500 0.002487 0.000000 0.000000 0.000293 0.000000 
0.410215 0.073273 0.078770 0.013272 0.424470 
0.315236 0.040227 0.511966 0.047702 0.084869 
0.090797 0.083911 0.293367 0.037579 0.494346 
0.218989 0.385475 0.270585 0.008742 0.116209 
0.242855 0.191818 0.132818 0.046841 0.385669 
0.115603 0.133457 0.026142 0.000294 0.724504 
0.219063 0.262198 0.288973 0.032542 0.197224 
0.113661 0.066945 0.029394 0.776053 0.013947 
0.532449 0.040420 0.130383 0.235856 0.060892 
0.226240 0.371629 0.113444 0.164449 0.124237 
0.104027 0.044543 0.019277 0.169527 0.662626 
0.321424 0.435377 0.129938 0.087135 0.026126 
0.151785 0.291959 0.071774 0.288813 0.195670 
0.389985 0.182093 0.118007 0.002674 0.307241 
0.205416 0.037885 0.021365 0.559465 0.175868 
0.124110 0.609871 0.114989 0.087313 0.063717 
0.056712 0.529968 0.198412 0.062083 0.152825 
0.295096 0.243514 0.123058 0.112006 0.226327 
0.422749 0.053017 0.275460 0.232542 0.016233 
0.067612 0.155332 0.446402 0.017016 0.313638 
0.165459 0.056178 0.049192 0.005417 0.723754 
0.199261 0.054185 0.047299 0.245209 0.454047 
0.018048 0.182385 0.621538 0.149649 0.028380 
0.216658 0.056517 0.089423 0.007676 0.629725 
0.088756 0.248789 0.151843 0.005254 0.505358 
0.084635 0.107044 0.114244 0.096303 0.597775 
0.083826 0.027271 0.312108 0.008120 0.568675 
0.183949 0.502831 0.114527 0.067297 0.131396 
0.674681 0.120314 0.070314 0.019523 0.115168 
0.105424 0.201666 0.384143 0.041112 0.267655 
0.085429 0.274780 0.419420 0.153141 0.067231 
0.145482 0.405095 0.199409 0.035839 0.214176 
0.068038 0.040841 0.059493 0.013572 0.818056 
0.159200 0.080665 0.113282 0.229323 0.417529 
0.181114 0.344471 0.067117 0.339307 0.067991 
0.272872 0.312482 0.059525 0.283718 0.071403 
0.212866 0.466987 0.179633 0.026579 0.113936 
0.079017 0.475031 0.108780 0.082682 0.254491 
0.269499 0.457240 0.127901 0.003979 0.141382 
0.477522 0.139011 0.239660 0.014173 0.129634 
0.121360 0.053050 0.283335 0.002454 0.539800 
0.216002 0.460695 0.165176 0.049878 0.108250 
0.502912 0.063597 0.116479 0.037501 0.279511 
0.183448 0.285591 0.290900 0.052346 0.187716 
0.456135 0.002073 0.007566 0.329302 0.204923 
0.052608 0.402159 0.370482 0.025897 0.148853 
0.673118 0.124346 0.057596 0.107932 0.037007 
0.337770 0.099354 0.060304 0.012273 0.490298 
0.006402 0.241756 0.193365 0.348157 0.210320 
0.150079 0.544809 0.087421 0.012915 0.204776 
0.339565 0.244419 0.195440 0.149642 0.070934 
0.216907 0.380188 0.164187 0.141638 0.097079 
0.303497 0.147146 0.111609 0.015197 0.422551 
0.088216 0.147917 0.173512 0.014368 0.575988 
0.233521 0.391282 0.163477 0.062602 0.149117 
0.084699 0.047657 0.176792 0.637404 0.053447 
0.236646 0.080645 0.039044 0.020630 0.623034 
0.182097 0.669119 0.041044 0.033019 0.074721 
0.203871 0.102895 0.202582 0.321268 0.169384 
0.183881 0.434939 0.221181 0.062342 0.097657 
0.455482 0.029926 0.010915 0.000120 0.503556 
0.142938 0.128829 0.236516 0.022391 0.469326 
0.090826 0.558381 0.062064 0.033193 0.255537 
0.115678 0.239386 0.095588 0.221610 0.327739 
0.046347 0.085270 0.084137 0.409620 0.374625 
0.465341 0.167848 0.106904 0.004722 0.255185 
0.009781 0.033895 0.673656 0.201922 0.080745 
0.504320 0.237467 0.081246 0.015705 0.161262 
0.201427 0.128170 0.082410 0.017587 0.570407 
0.070443 0.158985 0.523116 0.010984 0.236472 
0.237711 0.234216 0.302435 0.147706 0.077932 
0.081453 0.148242 0.177748 0.111252 0.481305 
0.233167 0.234123 0.107783 0.208259 0.216669 
0.291754 0.059554 0.009876 0.622172 0.016645 
0.045884 0.596216 0.112438 0.039000 0.206463 
0.100566 0.394202 0.089146 0.020622 0.395464 
0.118537 0.149422 0.559318 0.106418 0.066305 
0.095397 0.071289 0.190132 0.044587 0.598595 
0.128973 0.320873 0.198652 0.012367 0.339134 
0.167599 0.064243 0.187808 0.027376 0.552974 
0.067996 0.072706 0.730819 0.043626 0.084854 
0.520757 0.304401 0.069728 0.000102 0.105012 
0.687094 0.039933 0.021448 0.004095 0.247430 
0.048172 0.175943 0.040812 0.007682 0.727390 
0.126114 0.094828 0.623918 0.037100 0.118039 
0.207048 0.140182 0.120535 0.015541 0.516694 
0.129599 0.425304 0.121352 0.013543 0.310201 
0.207088 0.111397 0.205224 0.148500 0.327791 
0.548301 0.023476 0.013438 0.013864 0.400922 
0.034528 0.034030 0.023631 0.498089 0.409723 
0.002127 0.066389 0.207369 0.632878 0.091237 
0.370342 0.383940 0.082345 0.014889 0.148483 
0.063037 0.422144 0.155216 0.038274 0.321328 
0.150575 0.490331 0.151705 0.050834 0.156555 
0.229373 0.038595 0.059493 0.243767 0.428772 
0.175263 0.051843 0.022342 0.651657 0.098894 
0.041141 0.680296 0.149102 0.026261 0.103199 
0.079825 0.560682 0.210004 0.031203 0.118285 
0.043831 0.260342 0.411655 0.076885 0.207287 
0.168062 0.414488 0.189608 0.010586 0.217256 
0.257207 0.170364 0.119897 0.031163 0.421369 
0.194585 0.337355 0.388440 0.043238 0.036382 
0.108649 0.546886 0.066770 0.067040 0.210655 
0.105299 0.146650 0.531435 0.118966 0.097650 
0.099318 0.652727 0.030524 0.033366 0.184065 
0.182612 0.229442 0.076498 0.337739 0.173709 
0.056791 0.636758 0.129121 0.041877 0.135454 
0.420407 0.248007 0.173859 0.014718 0.143009 
0.038532 0.403954 0.140687 0.294205 0.122622 
0.148965 0.049461 0.060114 0.024933 0.716528 
0.120852 0.377353 0.163192 0.038253 0.300351 
0.124921 0.053201 0.112438 0.016727 0.692712 
0.204770 0.045982 0.535729 0.018423 0.195096 
0.120560 0.509392 0.093442 0.094540 0.182067 
0.107266 0.113683 0.537636 0.042631 0.198784 
0.030747 0.223780 0.301760 0.040154 0.403559 
0.155645 0.113856 0.293183 0.010644 0.426672 
0.261155 0.033490 0.083429 0.012848 0.609077 
0.085092 0.479540 0.112885 0.013629 0.308854 
0.061135 0.035685 0.810615 0.008784 0.083781 
0.080558 0.375999 0.142935 0.035915 0.364593 
0.064868 0.466085 0.184298 0.022287 0.262462 
0.055839 0.164348 0.104404 0.048385 0.627025 
0.440283 0.107916 0.154123 0.009839 0.287840 
0.064738 0.445866 0.306359 0.020759 0.162278 
0.117653 0.251111 0.341345 0.161918 0.127974 
0.151881 0.162372 0.112104 0.017708 0.555934 
0.075502 0.618759 0.183808 0.044434 0.077497 
0.187158 0.054766 0.027244 0.278398 0.452435 
0.111213 0.222085 0.577412 0.015592 0.073699 
0.070869 0.255847 0.579239 0.018634 0.075411 
0.075076 0.316387 0.143638 0.347977 0.116923 
0.178080 0.032593 0.689377 0.018576 0.081374 
0.213566 0.189349 0.267980 0.301432 0.027673 
0.090579 0.602606 0.173368 0.077885 0.055562 
0.297358 0.021047 0.509832 0.017505 0.154258 
0.046023 0.289383 0.351663 0.060525 0.252407 
0.119025 0.291204 0.360695 0.053631 0.175445 
0.278392 0.410755 0.269289 0.011549 0.030015 
0.682992 0.054255 0.012235 0.192707 0.057811 
0.186541 0.689866 0.012819 0.030099 0.080675 
0.163311 0.055126 0.391361 0.205654 0.184548 
0.147021 0.011519 0.379345 0.364703 0.097413 
0.347685 0.064502 0.175390 0.019162 0.393261 
0.158064 0.393755 0.376848 0.025982 0.045350 
0.303659 0.005755 0.338070 0.273845 0.078670 
0.686642 0.061954 0.011815 0.021775 0.217814 
0.061007 0.466750 0.081531 0.019082 0.371629 
0.100119 0.210811 0.169788 0.043273 0.476009 
0.348297 0.346104 0.150913 0.002034 0.152651 
0.313570 0.120337 0.124398 0.220895 0.220800 
0.459506 0.062202 0.099680 0.027538 0.351074 
0.044107 0.030636 0.833402 0.014828 0.077026 
0.163788 0.506201 0.013105 0.016457 0.300450 
0.085785 0.390458 0.292676 0.089481 0.141600 
0.088782 0.482745 0.077085 0.030596 0.320792 
0.049278 0.364885 0.316828 0.008128 0.260881 
0.003318 0.034347 0.425255 0.481316 0.055764 
0.180247 0.339052 0.096494 0.021050 0.363157 
0.420768 0.026777 0.118946 0.004154 0.429355 
0.026245 0.379293 0.377190 0.090481 0.126791 
0.131796 0.174766 0.088843 0.014458 0.590137 
0.203290 0.113938 0.608119 0.002646 0.072006 
0.072113 0.049503 0.357257 0.233738 0.287389 
0.130323 0.051603 0.003672 0.764002 0.050399 
0.671837 0.090480 0.101168 0.076096 0.060419 
0.038913 0.473084 0.221598 0.147183 0.119222 
0.091068 0.375424 0.035280 0.039870 0.458358 
0.089980 0.279845 0.575369 0.015587 0.039219 
0.201111 0.264276 0.330040 0.044052 0.160521 
0.014532 0.269042 0.420687 0.101241 0.194498 
0.085959 0.274079 0.285984 0.053082 0.300895 
0.158768 0.178107 0.539311 0.011117 0.112698 
0.013328 0.111669 0.065066 0.526579 0.283357 
0.054861 0.468848 0.222640 0.005051 0.248601 
0.351273 0.078143 0.088704 0.205201 0.276678 
0.610102 0.173525 0.085420 0.000076 0.130877 
0.065412 0.578446 0.095383 0.050858 0.209901 
0.039734 0.251167 0.476549 0.147466 0.085084 
0.083900 0.423149 0.216293 0.021504 0.255154 
0.095021 0.188529 0.214517 0.373027 0.128905 
0.065686 0.194168 0.587511 0.096968 0.055667 
0.100972 0.536073 0.206738 0.090661 0.065556 
0.234736 0.194396 0.321346 0.002728 0.246795 
0.096131 0.162649 0.277947 0.065820 0.397453 
0.154561 0.096697 0.089788 0.208993 0.449961 
0.080777 0.093802 0.571633 0.019505 0.234282 
0.120232 0.353148 0.405919 0.045570 0.075132 
0.453895 0.122995 0.026425 0.318642 0.078043 
0.632114 0.139286 0.062361 0.019383 0.146857 
0.406101 0.133739 0.047415 0.358423 0.054323 
0.452128 0.094396 0.007830 0.037113 0.408533 
0.272212 0.414130 0.184467 0.003000 0.126190 
0.221624 0.417267 0.193934 0.027551 0.139623 
0.187182 0.115376 0.474152 0.007944 0.215346 
0.134935 0.442013 0.333932 0.006715 0.082405 
0.249464 0.276628 0.152626 0.223108 0.098175 
0.118356 0.043579 0.159804 0.274177 0.404083 
0.058941 0.322431 0.138049 0.312656 0.167923 
0.529027 0.157210 0.160012 0.017869 0.135882 
0.058822 0.556960 0.275761 0.064439 0.044018 
0.132852 0.074229 0.348277 0.010595 0.434046 
0.101883 0.146692 0.592729 0.014736 0.143960 
0.718774 0.092835 0.057046 0.009338 0.122007 
0.455175 0.152590 0.091676 0.002323 0.298237 
0.322906 0.166528 0.159987 0.034306 0.316273 
0.007387 0.080756 0.059220 0.348654 0.503984 
0.071151 0.691060 0.103805 0.014732 0.119252 
0.104130 0.088214 0.136197 0.015508 0.655951 
0.441123 0.113814 0.106284 0.026464 0.312315 
0.048611 0.588874 0.073084 0.024036 0.265395 
0.035047 0.398209 0.441517 0.043392 0.081835 
0.056565 0.711131 0.127487 0.008823 0.095994 
0.044748 0.248952 0.175083 0.393263 0.137953 
0.122049 0.080229 0.127094 0.046159 0.624469 
0.061488 0.039451 0.274274 0.148434 0.476353 
0.033594 0.221064 0.368506 0.075087 0.301749 
0.058525 0.301541 0.378246 0.060136 0.201552 
0.135630 0.223648 0.230659 0.032632 0.377431 
0.110742 0.566062 0.062567 0.008305 0.252324 
0.011296 0.319612 0.257552 0.320624 0.090917 
0.206440 0.191650 0.108392 0.002685 0.490833 
0.108179 0.382503 0.060042 0.035121 0.414156 
0.210378 0.147693 0.107471 0.012487 0.521970 
0.229913 0.408096 0.173610 0.047455 0.140926 
0.325987 0.168886 0.076678 0.000391 0.428059 
0.499962 0.165421 0.173389 0.100587 0.060641 
0.071196 0.395009 0.169777 0.068507 0.295511 
0.190527 0.057426 0.074164 0.062594 0.615289 
0.082334 0.300497 0.101758 0.274321 0.241089 
0.174511 0.064221 0.107391 0.518469 0.135409 
0.074716 0.432491 0.240550 0.014742 0.237501 
0.038034 0.252928 0.426502 0.026783 0.255753 
0.099495 0.058511 0.180245 0.197204 0.464545 
0.702725 0.009997 0.020859 0.033296 0.233123 
0.252823 0.223556 0.132719 0.037454 0.353448 
0.165613 0.300713 0.042322 0.342584 0.148768 
0.054742 0.508808 0.296019 0.080921 0.059509 
0.031846 0.108321 0.077850 0.018853 0.763129 
0.029658 0.554011 0.235703 0.141987 0.038642 
0.124105 0.072748 0.610822 0.105889 0.086436 
0.063574 0.064804 0.726764 0.004375 0.140483 
0.415532 0.277156 0.099743 0.145936 0.061632 
0.544207 0.144937 0.068128 0.003272 0.239456 
0.052670 0.421522 0.181349 0.039421 0.305039 
0.264159 0.572883 0.031400 0.012174 0.119385 
0.174223 0.118682 0.245605 0.040698 0.420793 
0.536804 0.042847 0.033053 0.147346 0.239950 
0.036748 0.046612 0.115173 0.432876 0.368590 
0.276208 0.150638 0.452322 0.059033 0.061799 
0.271339 0.219813 0.079946 0.226750 0.202152 
0.497703 0.005463 0.016252 0.294101 0.186481 
0.061579 0.219581 0.246865 0.037628 0.434348 
0.273947 0.249605 0.242321 0.040761 0.193366 
0.236634 0.168181 0.157689 0.171796 0.265700 
0.241417 0.135253 0.050259 0.077019 0.496051 
0.177092 0.345103 0.230393 0.016877 0.230534 
0.165734 0.243111 0.174567 0.013552 0.403036 
0.188639 0.035910 0.086934 0.004257 0.684261 
0.066641 0.271708 0.091125 0.009207 0.561318 
0.120303 0.017568 0.042144 0.563507 0.256478 
0.143796 0.237699 0.190844 0.014201 0.413459 
0.155438 0.119883 0.080929 0.018268 0.625482 
0.146675 0.152389 0.222796 0.043281 0.434860 
0.490355 0.326385 0.019506 0.010070 0.153684 
0.423727 0.216834 0.140840 0.006549 0.212050 
0.080068 0.299873 0.238320 0.030207 0.351531 
0.149530 0.001258 0.206290 0.622687 0.020236 
0.028020 0.061334 0.803112 0.019043 0.088490 
0.058357 0.213348 0.257534 0.147144 0.323616 
0.475188 0.262155 0.067456 0.036426 0.158776 
0.101983 0.092029 0.083371 0.061153 0.661464 
0.083816 0.076830 0.087824 0.158684 0.592846 
0.125077 0.155715 0.157123 0.542409 0.019676 
0.175335 0.067917 0.490677 0.011127 0.254944 
0.086933 0.071791 0.572700 0.020689 0.247888 
0.204378 0.248526 0.381257 0.060731 0.105107 
0.084797 0.218194 0.131732 0.004634 0.560643 
0.083093 0.653889 0.133776 0.018822 0.110420 
0.237606 0.169840 0.073049 0.134792 0.384713 
0.130164 0.011997 0.613366 0.016477 0.227996 
0.181842 0.096221 0.056387 0.055374 0.610176 
0.060758 0.213262 0.181555 0.027928 0.516497 
0.123934 0.265354 0.452063 0.007959 0.150689 
0.276798 0.267096 0.064189 0.019534 0.372384 
0.226573 0.526068 0.071458 0.026329 0.149572 
0.201454 0.457461 0.100022 0.209571 0.031491 
0.631760 0.136163 0.080119 0.005255 0.146703 
0.138556 0.087532 0.024503 0.676254 0.073154 
0.084002 0.393992 0.098383 0.052184 0.371439 
0.122303 0.170328 0.203401 0.003875 0.500093 
0.110286 0.605639 0.194495 0.034724 0.054856 
0.065762 0.630207 0.239824 0.022012 0.042195 
0.440955 0.157820 0.092698 0.004347 0.304180 
0.082029 0.041651 0.676080 0.031805 0.168435 
0.104507 0.165506 0.089180 0.599534 0.041274 
0.051798 0.126697 0.157594 0.219866 0.444045 
0.058046 0.581608 0.240611 0.031414 0.088321 
0.059606 0.669561 0.205892 0.012077 0.052864 
0.813305 0.072588 0.011294 0.077486 0.025327 
0.431070 0.168330 0.197910 0.006777 0.195913 
0.074999 0.282040 0.169763 0.024055 0.449142 
0.061370 0.242637 0.363989 0.045888 0.286116 
0.073764 0.022279 0.315771 0.219577 0.368609 
0.216941 0.323027 0.072112 0.108322 0.279598 
0.087805 0.164163 0.224029 0.033346 0.490656 
0.233226 0.195139 0.130979 0.369199 0.071457 
0.028778 0.346774 0.367707 0.194813 0.061928 
0.068977 0.079590 0.700663 0.024322 0.126448 
0.751903 0.039177 0.019002 0.144700 0.045218 
0.097796 0.317691 0.325490 0.028307 0.230716 
0.292947 0.145412 0.194694 0.024038 0.342909 
0.045429 0.464030 0.170534 0.040374 0.279633 
0.038057 0.058689 0.765966 0.052634 0.084654 
0.214328 0.183450 0.297604 0.016526 0.288093 
0.233034 0.273261 0.275628 0.028414 0.189663 
0.054199 0.055062 0.088634 0.014031 0.788073 
0.060465 0.390638 0.407778 0.034735 0.106384 
0.370161 0.173169 0.142114 0.223144 0.091412 
0.031641 0.149764 0.113324 0.015917 0.689353 
0.065605 0.053909 0.422026 0.013610 0.444851 
0.046429 0.447506 0.055403 0.014603 0.436058 
0.384744 0.010597 0.028292 0.015936 0.560432 
0.017140 0.261348 0.151976 0.353852 0.215684 
0.123845 0.540944 0.075473 0.003372 0.256366 
0.032494 0.105491 0.309821 0.013494 0.538701 
0.372612 0.048415 0.056768 0.001828 0.520378 
0.074676 0.264431 0.416953 0.132426 0.111513 
0.086831 0.289452 0.297247 0.131307 0.195164 
0.127640 0.045958 0.026442 0.478776 0.321184 
0.391441 0.058052 0.149609 0.032663 0.368235 
0.423396 0.249761 0.151505 0.011649 0.163689 
0.046781 0.137071 0.614488 0.042432 0.159228 
0.200314 0.126721 0.049285 0.001304 0.622376 
0.295103 0.174740 0.183278 0.116380 0.230499 
0.063730 0.608041 0.126257 0.039428 0.162545 
0.036254 0.041488 0.111588 0.121304 0.689366 
0.275875 0.297030 0.243913 0.031744 0.151438 
0.378820 0.327986 0.131765 0.054007 0.107423 
0.118080 0.458531 0.079960 0.008828 0.334601 
0.081181 0.427382 0.403868 0.047616 0.039953 
0.148753 0.386560 0.189126 0.041513 0.234048 
0.071913 0.304079 0.236621 0.002793 0.384594 
0.246368 0.083619 0.089998 0.000212 0.579803 
0.140943 0.218496 0.061146 0.006634 0.572781 
0.067973 0.434561 0.116522 0.012624 0.368321 
0.030554 0.303498 0.141347 0.043031 0.481571 
0.080030 0.601894 0.133601 0.016777 0.167698 
0.107762 0.037799 0.259993 0.133612 0.460835 
0.130706 0.597655 0.128649 0.062481 0.080509 
0.032013 0.087320 0.216388 0.407176 0.257103 
0.027786 0.190720 0.256482 0.244209 0.280802 
0.353861 0.053354 0.269924 0.293212 0.029649 
0.031734 0.476857 0.306962 0.094227 0.090219 
0.133562 0.282410 0.337385 0.052220 0.194423 
0.074119 0.627868 0.187219 0.040533 0.070262 
0.184318 0.371782 0.076052 0.021548 0.346299 
0.174923 0.547514 0.033122 0.129199 0.115242 
0.127305 0.655482 0.166195 0.033378 0.017640 
0.072406 0.063708 0.763699 0.028735 0.071453 
0.888943 0.055006 0.014614 0.028302 0.013135 
0.520434 0.085801 0.026821 0.264589 0.102355 
0.344213 0.117370 0.068606 0.409785 0.060027 
0.073087 0.633090 0.034656 0.025916 0.233252 
0.299570 0.077499 0.245993 0.035892 0.341046 
0.065616 0.222386 0.250597 0.049511 0.411890 
0.084863 0.027615 0.714590 0.005856 0.167076 
0.115728 0.145900 0.078216 0.097581 0.562574 
0.034564 0.166582 0.450042 0.020310 0.328503 
0.071767 0.376017 0.284240 0.165819 0.102157 
0.039564 0.106612 0.749249 0.057336 0.047239 
0.155074 0.314403 0.091849 0.034022 0.404653 
0.271647 0.356827 0.206764 0.002218 0.162544 
0.325973 0.067871 0.090540 0.024121 0.491494 
0.110517 0.140070 0.030743 0.003491 0.715178 
0.282123 0.064221 0.120956 0.021490 0.511210 
0.029356 0.210307 0.579062 0.030353 0.150921 
0.002336 0.020367 0.591057 0.167250 0.218989 
0.094866 0.399059 0.205343 0.020351 0.280381 
0.054441 0.683880 0.066228 0.032874 0.162576 
0.124322 0.166899 0.149031 0.021254 0.538494 
0.208472 0.460826 0.227902 0.050789 0.052011 
0.407607 0.114404 0.133602 0.009951 0.334437 
0.340265 0.425975 0.124841 0.035716 0.073202 
0.383816 0.091139 0.036697 0.010787 0.477561 
0.063381 0.679076 0.137076 0.070851 0.049616 
0.253414 0.191695 0.282952 0.021314 0.250624 
0.112999 0.099489 0.113412 0.104891 0.569209 
0.162267 0.101032 0.061022 0.563731 0.111948 
0.078824 0.374144 0.208059 0.040785 0.298188 
0.618537 0.114745 0.081100 0.023049 0.162570 
0.083734 0.298997 0.450280 0.066337 0.100652 
0.205965 0.073057 0.624490 0.016652 0.079835 
0.343306 0.164550 0.101139 0.009095 0.381910 
0.028837 0.394780 0.442335 0.102297 0.031751 
0.624536 0.141077 0.147232 0.001988 0.085166 
0.072787 0.237870 0.512109 0.083074 0.094159 
0.274148 0.303196 0.083794 0.215249 0.123612 
0.084688 0.125141 0.357920 0.021944 0.410307 
0.261653 0.088068 0.356197 0.013368 0.280715 
0.072464 0.231945 0.282075 0.272732 0.140784 
0.294917 0.245003 0.028669 0.308291 0.123120 
0.104289 0.283980 0.210139 0.018268 0.383324 
0.047278 0.036102 0.392737 0.043985 0.479898 
0.054605 0.750831 0.100601 0.022965 0.070997 
0.080911 0.036720 0.459183 0.025078 0.398108 
0.066775 0.161370 0.017778 0.020404 0.733674 
0.094628 0.158587 0.337903 0.021298 0.387584 
0.069154 0.165136 0.366262 0.026307 0.373141 
0.162390 0.065710 0.660037 0.006132 0.105732 
0.053560 0.125820 0.212725 0.008333 0.599562 
0.404433 0.074970 0.019624 0.492320 0.008654 
0.054354 0.028740 0.802164 0.073827 0.040915 
0.052492 0.321049 0.217044 0.111556 0.297858 
0.261947 0.118838 0.552741 0.000162 0.066312 
0.484164 0.182310 0.119239 0.006007 0.208281 
0.090802 0.456758 0.203046 0.043745 0.205648 
0.212363 0.174343 0.007111 0.527722 0.078461 
0.616725 0.128607 0.077296 0.015684 0.161689 
0.584639 0.155013 0.057707 0.111570 0.091071 
0.120347 0.047594 0.066395 0.579984 0.185681 
0.121267 0.763964 0.021894 0.022017 0.070858 
0.084416 0.323656 0.236553 0.038129 0.317246 
0.311816 0.127833 0.052405 0.045308 0.462638 
0.181765 0.282457 0.263439 0.022172 0.250167 
0.131862 0.161046 0.234469 0.009611 0.463012 
0.582705 0.184855 0.149133 0.004290 0.079016 
0.056086 0.025475 0.296859 0.011123 0.610456 
0.347348 0.462463 0.112226 0.006430 0.071532 
0.171841 0.021354 0.344398 0.022181 0.440226 
0.103641 0.094727 0.155372 0.033799 0.612461 
0.612001 0.033750 0.049355 0.021507 0.283387 
0.107244 0.042755 0.574894 0.120270 0.154837 
0.081815 0.075363 0.176823 0.229708 0.436290 
0.086586 0.029630 0.119959 0.102332 0.661493 
0.382352 0.103626 0.094915 0.262428 0.156679 
0.433138 0.320282 0.034046 0.007828 0.204706 
0.270419 0.093500 0.078244 0.035311 0.522527 
0.104712 0.310772 0.375009 0.011555 0.197951 
0.565214 0.189333 0.062446 0.022772 0.160236 
0.294878 0.127533 0.253238 0.044138 0.280213 
0.233396 0.306822 0.135756 0.004758 0.319269 
0.110318 0.289780 0.230710 0.017420 0.351772 
0.193691 0.186763 0.152347 0.240353 0.226847 
0.166168 0.127834 0.390884 0.000502 0.314611 
0.037500 0.280481 0.107144 0.314171 0.260704 
0.134088 0.266895 0.359414 0.000757 0.238846 
0.038618 0.129635 0.031034 0.789669 0.011045 
0.823832 0.043966 0.017137 0.000112 0.114953 
0.084964 0.667499 0.138967 0.010346 0.098224 
0.076409 0.610258 0.047010 0.208407 0.057915 
0.352095 0.313520 0.192572 0.011423 0.130391 
0.019023 0.197762 0.403945 0.317151 0.062119 
0.100745 0.264191 0.448741 0.030062 0.156261 
0.659904 0.151307 0.051323 0.052497 0.084970 
0.109707 0.251273 0.139620 0.015412 0.483988 
0.439046 0.067968 0.051699 0.091316 0.349972 
0.137376 0.463752 0.103293 0.141698 0.153881 
0.121536 0.111963 0.160188 0.037133 0.569180 
0.076516 0.221197 0.116883 0.128288 0.457115 
0.264791 0.488755 0.059275 0.024888 0.162290 
0.614355 0.109485 0.019595 0.095358 0.161208 
0.344438 0.222273 0.101584 0.003260 0.328446 
0.002922 0.010116 0.367395 0.574253 0.045315 
0.504449 0.006110 0.345141 0.001079 0.143220 
0.157142 0.173062 0.156032 0.011684 0.502080 
0.045723 0.245908 0.169383 0.064884 0.474101 
0.069507 0.171706 0.046071 0.047778 0.664938 
0.116290 0.044782 0.024047 0.217877 0.597004 
0.450954 0.012989 0.079688 0.008976 0.447394 
0.054939 0.134182 0.385985 0.004939 0.419955 
0.572686 0.180423 0.108601 0.006737 0.131552 
0.083411 0.534189 0.181456 0.092718 0.108226 
0.315782 0.121729 0.181575 0.329156 0.051759 
0.124428 0.005948 0.674700 0.068583 0.126341 
0.152583 0.120171 0.098548 0.024632 0.604066 
0.159963 0.567331 0.099963 0.009257 0.163487 
0.656652 0.028764 0.014997 0.004601 0.294985 
0.376097 0.489640 0.038968 0.022854 0.072441 
0.113816 0.086906 0.031399 0.002369 0.765510 
0.130255 0.150048 0.197358 0.092054 0.430285 
0.351451 0.091284 0.077860 0.204230 0.275174 
0.227101 0.106990 0.513317 0.091230 0.061362 
0.228805 0.425359 0.261866 0.033564 0.050406 
0.145441 0.514420 0.080637 0.011219 0.248283 
0.142959 0.409304 0.033156 0.387373 0.027208 
0.204835 0.161080 0.197744 0.002280 0.434061 
0.203789 0.186330 0.019455 0.557680 0.032747 
0.040571 0.212026 0.054369 0.030320 0.662714 
0.098253 0.154766 0.037279 0.362584 0.347117 
0.304978 0.237276 0.184473 0.168868 0.104405 
0.185935 0.036887 0.101491 0.296443 0.379245 
0.259816 0.025333 0.045417 0.010748 0.658686 
0.739741 0.044179 0.024964 0.013770 0.177346 
0.352568 0.399823 0.159769 0.026416 0.061425 
0.071248 0.310129 0.397605 0.069949 0.151070 
0.824105 0.073878 0.037028 0.030108 0.034882 
0.276413 0.267547 0.323867 0.008966 0.123206 
0.295870 0.111297 0.058952 0.025735 0.508146 
0.073841 0.443676 0.102763 0.033776 0.345944 
1.14477 1.2698 1.15789 0.575836 1.43818 
