-1990263.027536
0
0.000116 0.003514 0.000302 0.010227 0.000522 0.001255 0.000000 0.001309 0.032846 0.022100 0.100690 0.017898 0.000961 0.003960 0.000000 0.005980 0.008819 0.008392 0.019752 0.005661 0.000000 0.000860 0.000063 0.002314 0.007592 0.018787 0.005101 0.073585 0.000000 0.000000 0.000000 0.000000 0.007087 0.011971 0.066345 0.011548 0.000000 0.002601 0.000000 0.000572 0.005410 0.006408 0.023519 0.003504 0.000000 0.003680 0.004349 0.000000 0.000000 0.007131 0.000635 0.028418 0.000201 0.001382 0.000000 0.000000 0.063309 0.085821 0.126916 0.064998 0.000000 0.002443 0.000697 0.002102 0.013484 0.017935 0.014867 0.007759 0.000000 0.001625 0.001712 0.005300 0.000000 0.006036 0.000677 0.003294 0.000000 0.000000 0.000000 0.000147 0.000000 0.000000 0.016387 0.000156 0.000777 0.000828 0.000000 0.000350 0.005075 0.007166 0.009653 0.002743 0.000000 0.000000 0.000377 0.000000 
0.005292 0.004369 0.000000 0.004294 0.006726 0.002768 0.000000 0.005663 0.013791 0.002354 0.003337 0.008165 0.008170 0.007418 0.005906 0.012025 0.045642 0.021903 0.033523 0.033852 0.011346 0.004960 0.005775 0.016633 0.002201 0.003042 0.000000 0.000941 0.002643 0.002358 0.000000 0.004861 0.015885 0.001240 0.002783 0.014158 0.004635 0.011413 0.005484 0.018242 0.021168 0.034663 0.032675 0.055006 0.006680 0.012316 0.012626 0.082589 0.000238 0.003600 0.000000 0.000000 0.002056 0.002073 0.000000 0.004566 0.008046 0.002937 0.000000 0.005714 0.002829 0.004082 0.003902 0.005229 0.023248 0.016192 0.021304 0.021619 0.002605 0.005010 0.004832 0.024458 0.003485 0.001422 0.000598 0.000000 0.000000 0.001991 0.000000 0.002137 0.000223 0.000000 0.000000 0.004415 0.011523 0.009063 0.006639 0.011508 0.028265 0.023291 0.019266 0.030933 0.016846 0.008575 0.006791 0.036965 
0.000073 0.000417 0.000000 0.000000 0.002497 0.000228 0.000614 0.001731 0.004587 0.000001 0.001910 0.000002 0.000000 0.000000 0.000000 0.000000 0.000000 0.000000 0.000000 0.000001 0.000000 0.000408 0.000000 0.000000 0.001468 0.000000 0.000000 0.000001 0.003169 0.000000 0.000000 0.002753 0.007714 0.000000 0.002848 0.000000 0.000000 0.000000 0.000000 0.000000 0.000000 0.000000 0.000645 0.000000 0.000000 0.000000 0.000033 0.000000 0.000000 0.000000 0.000000 0.000000 0.000648 0.000650 0.000000 0.002371 0.003198 0.000002 0.000000 0.000003 0.000000 0.000450 0.000397 0.000000 0.000000 0.000000 0.000000 0.000001 0.000000 0.000000 0.000000 0.000414 0.029945 0.011643 0.002050 0.006206 0.161323 0.032257 0.005328 0.213986 0.304006 0.038336 0.023301 0.132001 0.000000 0.000000 0.000000 0.000000 0.000000 0.000000 0.000001 0.000001 0.000000 0.000000 0.000379 0.000000 
0.000952 0.001290 0.000000 0.000000 0.001120 0.000240 0.000000 0.001199 0.009129 0.055832 0.001043 0.031664 0.000941 0.000168 0.001813 0.001676 0.002028 0.000906 0.002543 0.003238 0.000000 0.000000 0.000652 0.000000 0.000455 0.001591 0.000000 0.001143 0.000000 0.000696 0.000411 0.000000 0.058561 0.119262 0.015706 0.093840 0.000440 0.001708 0.000800 0.001208 0.001032 0.000226 0.000000 0.001411 0.000000 0.000590 0.000383 0.000000 0.000000 0.000000 0.000000 0.000000 0.000000 0.000000 0.000000 0.000000 0.009288 0.049357 0.000000 0.040128 0.000000 0.000000 0.000404 0.000254 0.000084 0.000000 0.000138 0.006907 0.000000 0.000000 0.001606 0.000000 0.000000 0.003512 0.000013 0.000000 0.000000 0.000000 0.000000 0.000000 0.091276 0.206735 0.051930 0.109559 0.000405 0.000745 0.000711 0.004078 0.001929 0.000123 0.001684 0.001526 0.000000 0.001077 0.000632 0.000000 
0.001700 0.000589 0.000000 0.008049 0.000000 0.000000 0.000000 0.000000 0.000003 0.000447 0.018839 0.004044 0.000000 0.000000 0.000000 0.000000 0.000000 0.003341 0.000000 0.000336 0.000000 0.004979 0.001166 0.016019 0.004188 0.000000 0.000000 0.014227 0.000000 0.000000 0.000000 0.000000 0.000004 0.000000 0.013899 0.000000 0.000000 0.000000 0.000000 0.000350 0.000000 0.001019 0.000000 0.001925 0.002010 0.001048 0.001376 0.029787 0.005905 0.002609 0.001540 0.011031 0.000000 0.000000 0.000000 0.000000 0.000002 0.006936 0.027879 0.007833 0.000000 0.000000 0.000000 0.000000 0.004195 0.007624 0.003078 0.011465 0.000000 0.001577 0.000647 0.004383 0.046018 0.011590 0.003749 0.333503 0.000000 0.000000 0.000000 0.000000 0.000366 0.019717 0.219237 0.035768 0.000000 0.000000 0.000000 0.002272 0.001672 0.008611 0.003610 0.008427 0.005127 0.008432 0.001602 0.064250 
0.048349 0.028787 0.008236 0.027665 0.011132 0.006741 0.003587 0.011692 0.012633 0.004491 0.002228 0.010102 0.006673 0.005259 0.010069 0.007466 0.009598 0.002690 0.006653 0.009766 0.000464 0.000359 0.005255 0.000000 0.060610 0.038414 0.010025 0.034816 0.010023 0.010532 0.005916 0.014084 0.012151 0.005721 0.007062 0.014221 0.007330 0.011233 0.021524 0.011376 0.002940 0.003917 0.004049 0.001560 0.000000 0.001242 0.005654 0.000000 0.064371 0.026265 0.011162 0.041382 0.007923 0.006726 0.002596 0.008180 0.005998 0.001771 0.000000 0.004391 0.006155 0.005245 0.008809 0.008853 0.002872 0.000925 0.004399 0.002444 0.001018 0.000000 0.009058 0.000000 0.044422 0.044704 0.009897 0.060758 0.003194 0.012890 0.002214 0.007998 0.000000 0.000000 0.000000 0.000274 0.007384 0.006781 0.006952 0.011859 0.001501 0.003491 0.002492 0.001702 0.000000 0.002302 0.004352 0.000000 
0.400603 0.061872 0.007081 0.391703 0.054166 0.084574 
0.061252 0.021190 0.033885 0.276253 0.089251 0.518168 
0.483132 0.068897 0.037575 0.052043 0.075144 0.283209 
0.088665 0.373773 0.002209 0.194985 0.064429 0.275938 
0.363846 0.181048 0.039508 0.216007 0.062422 0.137169 
0.718900 0.124511 0.000157 0.090284 0.046630 0.019517 
0.159146 0.254687 0.018637 0.235769 0.000397 0.331364 
0.009102 0.064845 0.763528 0.117527 0.015095 0.029903 
0.045756 0.037358 0.220618 0.561344 0.000283 0.134641 
0.116285 0.323498 0.166909 0.007301 0.332612 0.053395 
0.638145 0.045581 0.164877 0.123714 0.005456 0.022228 
0.006844 0.421395 0.081306 0.247501 0.120991 0.121964 
0.167807 0.287133 0.261778 0.188870 0.009311 0.085101 
0.280815 0.147092 0.000996 0.230561 0.237652 0.102885 
0.160173 0.035740 0.527408 0.244732 0.010159 0.021789 
0.050116 0.602819 0.073255 0.140221 0.003113 0.130476 
0.140349 0.527227 0.057040 0.053620 0.016668 0.205095 
0.180432 0.236561 0.092103 0.329032 0.020490 0.141381 
0.009577 0.041769 0.211739 0.429029 0.024281 0.283604 
0.297538 0.141263 0.012714 0.043806 0.053875 0.450804 
0.719253 0.029324 0.005645 0.105469 0.098831 0.041478 
0.435209 0.046533 0.225344 0.213106 0.029576 0.050233 
0.011147 0.148831 0.139021 0.002061 0.104784 0.594156 
0.612690 0.042758 0.005640 0.179620 0.074340 0.084953 
0.501260 0.244679 0.004283 0.046930 0.073213 0.129635 
0.587703 0.096795 0.095364 0.053272 0.059665 0.107202 
0.559608 0.008764 0.004414 0.062760 0.066705 0.297749 
0.110803 0.490214 0.068259 0.109222 0.132577 0.088926 
0.076939 0.039684 0.028374 0.039252 0.808267 0.007483 
0.242254 0.192961 0.031597 0.122878 0.000296 0.410015 
0.042538 0.268386 0.136113 0.114804 0.000101 0.438058 
0.190859 0.398583 0.027862 0.152537 0.012753 0.217405 
0.810978 0.031677 0.011544 0.056364 0.029563 0.059873 
0.400373 0.073002 0.222479 0.143358 0.045504 0.115284 
0.051643 0.338943 0.329608 0.155664 0.061251 0.062891 
0.062280 0.296848 0.306126 0.082176 0.227866 0.024704 
0.091609 0.458584 0.023693 0.145362 0.113270 0.167482 
0.239880 0.471711 0.079602 0.062180 0.040528 0.106098 
0.123673 0.445113 0.002668 0.146075 0.189026 0.093444 
0.085595 0.123516 0.008298 0.441679 0.084717 0.256195 
0.535247 0.024754 0.000264 0.078959 0.097469 0.263307 
0.081681 0.448903 0.034500 0.238055 0.000392 0.196468 
0.200323 0.062317 0.029031 0.558649 0.000340 0.149339 
0.153818 0.278119 0.041188 0.211032 0.000161 0.315681 
0.146949 0.001709 0.317824 0.509491 0.014095 0.009931 
0.134794 0.395358 0.019647 0.044979 0.029102 0.376120 
0.026140 0.111093 0.081642 0.702593 0.016780 0.061752 
0.457033 0.092174 0.002633 0.369773 0.000393 0.077995 
0.204211 0.241033 0.345728 0.004115 0.009754 0.195159 
0.186511 0.537206 0.010914 0.111604 0.080256 0.073509 
0.042898 0.225984 0.145589 0.248686 0.148691 0.188152 
0.078158 0.370866 0.144386 0.132948 0.128559 0.145084 
0.429322 0.105153 0.022169 0.074764 0.308351 0.060241 
0.563478 0.131806 0.011936 0.057769 0.068624 0.166387 
0.100026 0.386851 0.050372 0.271550 0.000177 0.191025 
0.043729 0.047607 0.630334 0.092982 0.000540 0.184807 
0.598748 0.066538 0.015496 0.221738 0.059272 0.038209 
0.046951 0.631472 0.041533 0.041545 0.231560 0.006939 
0.150897 0.093287 0.305375 0.196697 0.046228 0.207516 
0.079669 0.391621 0.067291 0.035655 0.271796 0.153969 
0.452492 0.017998 0.000062 0.456140 0.061141 0.012166 
0.452986 0.114791 0.018731 0.105445 0.070658 0.237389 
0.235945 0.556878 0.023909 0.100147 0.014445 0.068676 
0.314507 0.235751 0.219901 0.085296 0.050939 0.093607 
0.367911 0.082317 0.407629 0.033783 0.023303 0.085058 
0.233191 0.115591 0.006842 0.122071 0.462530 0.059775 
0.068023 0.015213 0.192627 0.002131 0.065484 0.656522 
0.117534 0.228629 0.008805 0.507295 0.045913 0.091823 
0.552940 0.117763 0.014739 0.158538 0.076583 0.079437 
0.220168 0.146128 0.005173 0.058315 0.039167 0.531049 
0.055341 0.218402 0.144238 0.167253 0.120992 0.293775 
0.473638 0.140491 0.107405 0.068059 0.038950 0.171457 
0.181329 0.227236 0.181843 0.264632 0.023127 0.121833 
0.008325 0.054837 0.589639 0.309764 0.029552 0.007883 
0.196626 0.591411 0.039807 0.013182 0.077556 0.081419 
0.368067 0.390917 0.012822 0.121945 0.000236 0.106013 
0.050851 0.122263 0.109097 0.060064 0.129744 0.527980 
0.587266 0.061982 0.037312 0.095809 0.019499 0.198132 
0.323889 0.310747 0.007521 0.109118 0.052755 0.195970 
0.535742 0.038158 0.029450 0.063674 0.166855 0.166122 
0.073877 0.061050 0.031249 0.080801 0.000484 0.752539 
0.066498 0.235703 0.000078 0.234713 0.444321 0.018688 
0.174621 0.035259 0.002889 0.685795 0.078660 0.022776 
0.722461 0.171707 0.003427 0.050464 0.006045 0.045895 
0.094153 0.082054 0.025486 0.123756 0.031877 0.642674 
0.505113 0.113235 0.017569 0.102040 0.165582 0.096461 
0.289952 0.420146 0.007256 0.130202 0.022970 0.129473 
0.342831 0.063913 0.154423 0.046471 0.248563 0.143799 
0.337671 0.027504 0.010018 0.604553 0.004390 0.015864 
0.419766 0.025832 0.500835 0.009146 0.031387 0.013033 
0.088903 0.065273 0.632115 0.001518 0.000306 0.211884 
0.124227 0.369037 0.009519 0.316657 0.102559 0.078000 
0.304876 0.419389 0.033681 0.063023 0.014368 0.164662 
0.129724 0.486242 0.042154 0.167423 0.000244 0.174212 
0.404245 0.033087 0.232980 0.235363 0.032246 0.062078 
0.082215 0.047311 0.632605 0.173545 0.042508 0.021815 
0.085921 0.678848 0.019676 0.051371 0.000432 0.163751 
0.106324 0.554893 0.030597 0.036294 0.085364 0.186528 
0.188043 0.255071 0.065180 0.061293 0.000149 0.430264 
0.197762 0.408010 0.008940 0.095740 0.126508 0.163040 
0.384504 0.163455 0.019728 0.281382 0.005234 0.145696 
0.014452 0.318501 0.040652 0.092498 0.162413 0.371483 
0.181675 0.544949 0.059087 0.126959 0.000298 0.087032 
0.079717 0.130993 0.110382 0.090540 0.048330 0.540038 
0.171151 0.645996 0.031371 0.073986 0.056084 0.021413 
0.146966 0.227678 0.316400 0.196953 0.029199 0.082804 
0.124683 0.634588 0.040967 0.036757 0.048747 0.114259 
0.124257 0.206915 0.024085 0.089355 0.457621 0.097767 
0.106236 0.404052 0.289461 0.047611 0.000217 0.152423 
0.703311 0.037185 0.022248 0.126777 0.051836 0.058642 
0.285476 0.371466 0.033422 0.102128 0.042711 0.164796 
0.682163 0.039377 0.013792 0.103284 0.053948 0.107436 
0.156589 0.048345 0.004816 0.224138 0.000383 0.565728 
0.163034 0.507338 0.085265 0.120505 0.026459 0.097400 
0.175498 0.104016 0.033045 0.104870 0.025717 0.556853 
0.394078 0.218384 0.033526 0.038416 0.000353 0.315243 
0.403314 0.106328 0.001777 0.157722 0.017467 0.313392 
0.589122 0.012942 0.009923 0.218710 0.091583 0.077720 
0.290185 0.478087 0.005612 0.095085 0.006625 0.124405 
0.069550 0.020461 0.002183 0.051792 0.041326 0.814688 
0.344772 0.371175 0.029230 0.087320 0.010487 0.157016 
0.251882 0.458816 0.019190 0.049838 0.047773 0.172501 
0.611198 0.161582 0.044340 0.059443 0.009291 0.114146 
0.235633 0.100622 0.004940 0.445920 0.038888 0.173997 
0.150751 0.435635 0.012466 0.072823 0.000334 0.327991 
0.110649 0.241437 0.150993 0.121741 0.014496 0.360683 
0.540555 0.153592 0.010902 0.146889 0.028691 0.119371 
0.063821 0.616414 0.041493 0.055788 0.041206 0.181277 
0.439132 0.045329 0.275144 0.144089 0.072136 0.024170 
0.044390 0.213085 0.001756 0.133459 0.000112 0.607199 
0.056212 0.243534 0.006708 0.086606 0.000359 0.606581 
0.112754 0.312402 0.346979 0.021398 0.089213 0.117254 
0.051550 0.031555 0.002216 0.202331 0.000131 0.712218 
0.012287 0.175713 0.289796 0.182127 0.068599 0.271478 
0.044288 0.601000 0.069983 0.087526 0.021069 0.176134 
0.104829 0.023849 0.004535 0.332544 0.000122 0.534121 
0.229622 0.283063 0.052032 0.060519 0.000227 0.374536 
0.143340 0.284986 0.040459 0.146994 0.000169 0.384052 
0.019305 0.406202 0.002062 0.272828 0.022961 0.276640 
0.042732 0.043176 0.172307 0.695151 0.036544 0.010090 
0.064870 0.688084 0.018897 0.201775 0.011613 0.014761 
0.173944 0.018422 0.218878 0.060631 0.157873 0.370252 
0.080340 0.008349 0.346775 0.165589 0.000433 0.398514 
0.321074 0.061838 0.010077 0.412547 0.000134 0.194330 
0.029627 0.383345 0.017659 0.142055 0.038579 0.388735 
0.051141 0.001580 0.263582 0.280190 0.056252 0.347255 
0.186860 0.058080 0.014899 0.705268 0.024125 0.010768 
0.360742 0.463529 0.017217 0.044594 0.041431 0.072486 
0.465231 0.200921 0.038403 0.086982 0.044182 0.164281 
0.126270 0.265695 0.003152 0.041762 0.500071 0.063048 
0.170175 0.112930 0.187197 0.378642 0.001279 0.149776 
0.268598 0.057737 0.017911 0.537527 0.000143 0.118085 
0.056113 0.021979 0.000873 0.057051 0.002606 0.861378 
0.281699 0.498134 0.013462 0.138794 0.060730 0.007180 
0.118521 0.383376 0.080724 0.096240 0.000363 0.320777 
0.305194 0.474897 0.031226 0.048184 0.072921 0.067579 
0.245262 0.355177 0.004293 0.028773 0.053168 0.313327 
0.047654 0.030628 0.474135 0.007011 0.000112 0.440460 
0.334794 0.334020 0.015928 0.185065 0.023570 0.106623 
0.382733 0.018551 0.000769 0.417296 0.046050 0.134601 
0.115068 0.371854 0.084746 0.031427 0.000571 0.396334 
0.548131 0.167435 0.004542 0.169260 0.000145 0.110487 
0.042878 0.060162 0.000371 0.052821 0.276352 0.567417 
0.279070 0.028688 0.229863 0.041211 0.073042 0.348126 
0.042094 0.044970 0.757698 0.107762 0.044318 0.003159 
0.012261 0.049746 0.080494 0.441603 0.326130 0.089766 
0.107508 0.466602 0.143288 0.019044 0.050160 0.213398 
0.446305 0.366511 0.037825 0.073508 0.047773 0.028078 
0.028007 0.268623 0.004757 0.082826 0.025497 0.590290 
0.126699 0.258812 0.032408 0.233228 0.000120 0.348733 
0.179104 0.265035 0.091826 0.025687 0.000150 0.438198 
0.281487 0.267882 0.043426 0.105732 0.000139 0.301334 
0.086751 0.146480 0.006310 0.047307 0.221284 0.491869 
0.282082 0.112378 0.527807 0.009714 0.006509 0.061509 
0.234693 0.463797 0.002595 0.035115 0.052349 0.211451 
0.221820 0.074451 0.160037 0.438112 0.000459 0.105120 
0.076284 0.085857 0.000307 0.044440 0.785471 0.007641 
0.199245 0.582785 0.049920 0.041135 0.040678 0.086238 
0.074100 0.244332 0.137457 0.049594 0.000203 0.494314 
0.242920 0.413324 0.018930 0.053557 0.071644 0.199626 
0.110033 0.184065 0.366041 0.097332 0.007406 0.235124 
0.042515 0.182730 0.088032 0.063252 0.018206 0.605265 
0.049678 0.532890 0.083830 0.093210 0.028065 0.212327 
0.229302 0.175156 0.000278 0.155546 0.131153 0.308565 
0.383041 0.154599 0.057789 0.095269 0.018525 0.290777 
0.435363 0.083100 0.201143 0.132267 0.059269 0.088858 
0.218479 0.079484 0.011098 0.076144 0.033510 0.581285 
0.055182 0.336092 0.045875 0.065436 0.109536 0.387879 
0.047657 0.116772 0.311753 0.434262 0.062416 0.027140 
0.100237 0.135283 0.011082 0.664203 0.012919 0.076276 
0.015127 0.107699 0.370079 0.119946 0.373100 0.014049 
0.339328 0.105630 0.033331 0.504736 0.007573 0.009403 
0.097949 0.386036 0.003173 0.098034 0.283145 0.131663 
0.118672 0.414690 0.028366 0.127288 0.142963 0.168021 
0.193618 0.101912 0.000629 0.167867 0.048905 0.487068 
0.062093 0.433261 0.001297 0.100816 0.071420 0.331113 
0.078730 0.267386 0.202958 0.246660 0.048783 0.155482 
0.389202 0.036279 0.263396 0.117150 0.029492 0.164481 
0.146592 0.323066 0.303795 0.075638 0.000227 0.150683 
0.100487 0.140948 0.006097 0.558891 0.006042 0.187535 
0.029678 0.550192 0.055698 0.069965 0.000227 0.294240 
0.415179 0.062704 0.003032 0.122579 0.038321 0.358185 
0.125995 0.130436 0.007815 0.076830 0.055748 0.603176 
0.051343 0.019100 0.016270 0.069834 0.834090 0.009363 
0.285626 0.095784 0.004950 0.134613 0.432836 0.046190 
0.264858 0.166178 0.025648 0.364558 0.000116 0.178643 
0.504192 0.079317 0.350193 0.007632 0.000446 0.058221 
0.103768 0.684543 0.014682 0.037609 0.067932 0.091466 
0.644441 0.075686 0.012695 0.081946 0.049892 0.135340 
0.250895 0.102734 0.017466 0.501141 0.000347 0.127417 
0.254177 0.588607 0.020071 0.048576 0.011943 0.076625 
0.068698 0.389788 0.034381 0.046568 0.000194 0.460371 
0.082591 0.706762 0.007528 0.033377 0.063023 0.106719 
0.119696 0.246681 0.381180 0.066003 0.000145 0.186295 
0.609334 0.066402 0.044147 0.086903 0.064642 0.128572 
0.467402 0.028883 0.144260 0.050952 0.032805 0.275697 
0.287817 0.217016 0.066038 0.043862 0.000232 0.385036 
0.184647 0.292192 0.049908 0.071291 0.000168 0.401794 
0.359885 0.214524 0.028256 0.108439 0.054285 0.234611 
0.236330 0.559032 0.006440 0.078620 0.064023 0.055554 
0.080657 0.318411 0.316198 0.008736 0.005459 0.270539 
0.491923 0.143541 0.007986 0.033387 0.267355 0.055809 
0.395534 0.380560 0.029567 0.105052 0.027457 0.061831 
0.499082 0.119134 0.014750 0.075403 0.209355 0.082276 
0.119045 0.401518 0.038950 0.213669 0.045907 0.180911 
0.427374 0.100451 0.001768 0.070704 0.370262 0.029442 
0.017065 0.105791 0.122096 0.039090 0.612145 0.103813 
0.271624 0.390914 0.061506 0.083442 0.001347 0.191166 
0.590734 0.048633 0.058445 0.179823 0.043912 0.078453 
0.229826 0.297049 0.272127 0.067319 0.039425 0.094254 
0.117206 0.059673 0.494697 0.191693 0.025148 0.111584 
0.222540 0.426747 0.010418 0.057070 0.038503 0.244721 
0.242046 0.242543 0.023146 0.026464 0.037574 0.428227 
0.452966 0.047756 0.191138 0.089490 0.037621 0.181029 
0.168903 0.008958 0.025817 0.751241 0.010467 0.034614 
0.336592 0.202600 0.037221 0.169670 0.141157 0.112760 
0.134783 0.290944 0.344096 0.104344 0.096643 0.029190 
0.048692 0.501470 0.072767 0.061065 0.000334 0.315673 
0.762923 0.100139 0.017267 0.026975 0.017925 0.074772 
0.030538 0.553055 0.134638 0.035131 0.000330 0.246309 
0.067327 0.045660 0.105648 0.071018 0.128245 0.582103 
0.123262 0.043646 0.001117 0.034418 0.078321 0.719236 
0.015892 0.207827 0.190677 0.079136 0.455045 0.051423 
0.204478 0.084916 0.004753 0.098134 0.583520 0.024198 
0.291032 0.417441 0.033810 0.054613 0.012633 0.190472 
0.093406 0.542286 0.011652 0.159629 0.183375 0.009652 
0.394150 0.107537 0.033742 0.164069 0.043203 0.257299 
0.216323 0.035330 0.108473 0.563650 0.046231 0.029992 
0.369930 0.038324 0.432153 0.022483 0.035188 0.101922 
0.031466 0.080711 0.063974 0.013662 0.421303 0.388884 
0.167781 0.218140 0.199121 0.311064 0.010426 0.093468 
0.122831 0.004489 0.262406 0.576286 0.010726 0.023261 
0.417437 0.214641 0.030958 0.066829 0.005751 0.264384 
0.181835 0.204821 0.052419 0.082011 0.289558 0.189355 
0.267179 0.143458 0.179011 0.034420 0.276303 0.099630 
0.465915 0.130346 0.067010 0.250713 0.027520 0.058495 
0.206524 0.335227 0.011273 0.151862 0.062019 0.233096 
0.384211 0.230414 0.008841 0.137814 0.070731 0.167989 
0.678241 0.014421 0.003074 0.136885 0.096120 0.071259 
0.549256 0.268010 0.006152 0.061275 0.021527 0.093779 
0.256250 0.005606 0.563822 0.073479 0.065087 0.035756 
0.402775 0.227444 0.012497 0.091844 0.087218 0.178222 
0.609068 0.109215 0.016038 0.118621 0.068393 0.078665 
0.405186 0.147225 0.032512 0.169858 0.000309 0.244910 
0.100739 0.327089 0.007285 0.521782 0.015682 0.027423 
0.196783 0.161446 0.009695 0.072652 0.493641 0.065783 
0.336509 0.292221 0.023588 0.075900 0.032085 0.239697 
0.009614 0.000706 0.621185 0.114029 0.056254 0.198211 
0.076122 0.042699 0.017368 0.016971 0.046220 0.800619 
0.311873 0.206205 0.142236 0.052055 0.020235 0.267397 
0.101017 0.261175 0.028619 0.506392 0.013091 0.089707 
0.648406 0.085644 0.055481 0.095249 0.029827 0.085394 
0.583305 0.069162 0.148632 0.088067 0.020505 0.090329 
0.012355 0.152333 0.526775 0.131876 0.016529 0.160132 
0.218729 0.065897 0.000737 0.196957 0.000317 0.517363 
0.239127 0.041801 0.022877 0.044605 0.106388 0.545202 
0.077376 0.241007 0.050780 0.203635 0.022001 0.405201 
0.554497 0.208034 0.002246 0.063536 0.054088 0.117600 
0.095974 0.651109 0.017705 0.040762 0.090016 0.104433 
0.352915 0.164021 0.121885 0.229621 0.055635 0.075923 
0.208386 0.001805 0.012425 0.094114 0.082354 0.600916 
0.611225 0.053362 0.056854 0.056481 0.184035 0.038042 
0.503938 0.209622 0.025250 0.048693 0.029411 0.183085 
0.120811 0.257260 0.000376 0.135575 0.000239 0.485738 
0.336921 0.265913 0.013122 0.304800 0.005149 0.074095 
0.120522 0.524949 0.019442 0.229191 0.026107 0.079790 
0.010379 0.438253 0.214851 0.113148 0.141576 0.081794 
0.115135 0.096200 0.006146 0.244433 0.500366 0.037721 
0.062199 0.081365 0.658128 0.138595 0.037147 0.022566 
0.355261 0.388855 0.044464 0.087984 0.013619 0.109817 
0.497135 0.136652 0.001861 0.067764 0.130454 0.166134 
0.036149 0.596508 0.025738 0.129763 0.000135 0.211707 
0.028092 0.626243 0.017133 0.053884 0.033183 0.241464 
0.279217 0.109938 0.003283 0.260146 0.276905 0.070512 
0.153434 0.024638 0.026782 0.056317 0.068241 0.670587 
0.032044 0.164853 0.595642 0.103528 0.008816 0.095116 
0.442945 0.118399 0.218114 0.036443 0.045350 0.138748 
0.075836 0.576304 0.027742 0.044816 0.039383 0.235920 
0.041840 0.666969 0.008482 0.049548 0.030340 0.202821 
0.016208 0.059373 0.048062 0.839674 0.026157 0.010526 
0.138320 0.162637 0.001033 0.474484 0.000166 0.223360 
0.420954 0.278937 0.015030 0.096644 0.000227 0.188208 
0.271729 0.234261 0.039494 0.057489 0.020849 0.376177 
0.361490 0.005208 0.219744 0.030449 0.077305 0.305803 
0.256878 0.312679 0.095051 0.208287 0.056613 0.070491 
0.473999 0.157095 0.027097 0.084682 0.021520 0.235607 
0.052904 0.187288 0.375507 0.138640 0.125606 0.120055 
0.047170 0.341885 0.184979 0.040830 0.000141 0.384995 
0.104426 0.042545 0.023377 0.017183 0.142972 0.669496 
0.025680 0.027845 0.110086 0.809023 0.007972 0.019394 
0.214323 0.302988 0.025639 0.058370 0.084082 0.314598 
0.277666 0.138129 0.012813 0.359141 0.000092 0.212160 
0.258019 0.464998 0.034922 0.049289 0.013706 0.179065 
0.070832 0.050943 0.041313 0.051292 0.000318 0.785302 
0.276480 0.162719 0.014989 0.125709 0.144598 0.275505 
0.161519 0.263480 0.017485 0.254204 0.000451 0.302861 
0.786434 0.044496 0.012598 0.042137 0.033171 0.081164 
0.091310 0.380589 0.026986 0.062964 0.012217 0.425934 
0.063447 0.159853 0.211325 0.301577 0.126766 0.137033 
0.684347 0.143484 0.011876 0.037617 0.000425 0.122251 
0.439633 0.027450 0.014839 0.031857 0.104057 0.382164 
0.423245 0.450219 0.011739 0.043737 0.014866 0.056194 
0.526114 0.002229 0.010289 0.351740 0.082646 0.026982 
0.202157 0.262184 0.350944 0.022400 0.000266 0.162049 
0.247447 0.522594 0.007099 0.053595 0.128220 0.041045 
0.526861 0.100536 0.007796 0.038929 0.000402 0.325476 
0.459521 0.058628 0.000311 0.416492 0.000239 0.064810 
0.096580 0.255385 0.124367 0.074782 0.016039 0.432847 
0.182281 0.270687 0.128951 0.037214 0.102273 0.278593 
0.304780 0.042746 0.458527 0.146013 0.020148 0.027787 
0.331017 0.045833 0.020747 0.384714 0.054344 0.163345 
0.106229 0.238177 0.005380 0.460955 0.000260 0.188999 
0.144930 0.124858 0.034530 0.043929 0.022998 0.628755 
0.601319 0.117667 0.000221 0.204659 0.015031 0.061103 
0.194452 0.168830 0.092954 0.343346 0.000263 0.200155 
0.150140 0.606450 0.037106 0.042638 0.049917 0.113750 
0.688417 0.024247 0.121384 0.012735 0.045613 0.107605 
0.107265 0.288968 0.022905 0.289951 0.007610 0.283302 
0.081063 0.311041 0.083178 0.077474 0.376066 0.071177 
0.308941 0.455802 0.003865 0.129785 0.003711 0.097896 
0.031713 0.422302 0.039044 0.083653 0.005967 0.417322 
0.207953 0.379420 0.031456 0.158056 0.011166 0.211949 
0.374660 0.297295 0.000504 0.061616 0.031808 0.234118 
0.570685 0.050224 0.000149 0.158421 0.145308 0.075214 
0.556892 0.205841 0.003566 0.118189 0.059285 0.056226 
0.358062 0.428392 0.011009 0.046993 0.054448 0.101095 
0.470941 0.299719 0.036265 0.041791 0.000174 0.151111 
0.152355 0.595638 0.013805 0.062146 0.053050 0.123007 
0.464096 0.007420 0.134003 0.052334 0.112215 0.229932 
0.065634 0.600895 0.063471 0.073941 0.083699 0.112360 
0.248089 0.083790 0.402990 0.034381 0.007602 0.223148 
0.269205 0.186036 0.239422 0.029595 0.012417 0.263325 
0.013212 0.042019 0.278444 0.358387 0.017708 0.290231 
0.072297 0.472907 0.086329 0.042826 0.000236 0.325405 
0.163326 0.281232 0.039290 0.159094 0.000153 0.356905 
0.053440 0.625346 0.033858 0.076016 0.016458 0.194883 
0.338576 0.347760 0.028043 0.052426 0.193469 0.039726 
0.091881 0.544258 0.117948 0.185559 0.022330 0.038024 
0.012021 0.645900 0.025360 0.132758 0.000288 0.183673 
0.056238 0.039143 0.018433 0.053597 0.068347 0.764242 
0.009468 0.039603 0.015937 0.911919 0.010926 0.012147 
0.070235 0.072127 0.236641 0.483694 0.116432 0.020872 
0.043010 0.087344 0.409064 0.099630 0.331049 0.029903 
0.220125 0.627540 0.025636 0.046732 0.054394 0.025573 
0.313354 0.070198 0.024355 0.300406 0.029082 0.262605 
0.398349 0.211716 0.046304 0.044910 0.047643 0.251078 
0.152209 0.009589 0.000976 0.062854 0.073608 0.700764 
0.553805 0.133406 0.094818 0.095473 0.054824 0.067674 
0.318132 0.158051 0.012790 0.043512 0.000628 0.466887 
0.090917 0.368566 0.155476 0.085641 0.000436 0.298964 
0.031500 0.081655 0.054532 0.013806 0.088252 0.730255 
0.365040 0.311401 0.024654 0.180585 0.000397 0.117923 
0.126213 0.351353 0.000251 0.287108 0.000487 0.234589 
0.457938 0.064861 0.016334 0.332117 0.030937 0.097812 
0.702009 0.136911 0.000867 0.099899 0.028725 0.031588 
0.485398 0.051981 0.015596 0.268622 0.050730 0.127672 
0.139524 0.199155 0.023245 0.032710 0.008023 0.597343 
0.207977 0.013407 0.159704 0.001309 0.008909 0.608694 
0.264361 0.394933 0.016083 0.077544 0.045854 0.201226 
0.148017 0.686911 0.028050 0.056107 0.013362 0.067553 
0.513135 0.161179 0.013668 0.142944 0.000301 0.168772 
0.035039 0.449925 0.038109 0.216647 0.011414 0.248867 
0.306664 0.088730 0.008185 0.275000 0.201197 0.120224 
0.050173 0.415174 0.023022 0.315527 0.068757 0.127346 
0.446449 0.087067 0.003373 0.396407 0.024940 0.041765 
0.038665 0.678449 0.067263 0.051777 0.028981 0.134865 
0.223611 0.176993 0.015483 0.209859 0.085974 0.288080 
0.560566 0.083734 0.105265 0.063870 0.081725 0.104840 
0.099734 0.096755 0.548427 0.154585 0.039744 0.060754 
0.285060 0.368066 0.035302 0.075228 0.019781 0.216562 
0.097843 0.044721 0.035045 0.030819 0.776278 0.015295 
0.076686 0.291692 0.054458 0.102292 0.000162 0.474711 
0.058373 0.047210 0.010356 0.148575 0.107964 0.627522 
0.349713 0.153087 0.003142 0.326167 0.058555 0.109336 
0.016755 0.388985 0.094983 0.036274 0.000544 0.462458 
0.055555 0.045536 0.001583 0.102131 0.720755 0.074441 
0.078596 0.226790 0.074194 0.070047 0.020188 0.530185 
0.112840 0.270056 0.228506 0.041046 0.308385 0.039166 
0.395218 0.120744 0.013979 0.092882 0.003519 0.373657 
0.262187 0.046917 0.010028 0.143522 0.206175 0.331172 
0.133969 0.217143 0.271191 0.018496 0.108807 0.250393 
0.092081 0.242802 0.275390 0.334855 0.022516 0.032357 
0.366966 0.276702 0.012124 0.098424 0.025120 0.220665 
0.467040 0.026534 0.038019 0.044883 0.020518 0.403007 
0.055761 0.748945 0.014625 0.068597 0.000133 0.111939 
0.387754 0.008698 0.028614 0.035535 0.116195 0.423203 
0.727257 0.149260 0.021438 0.034446 0.056411 0.011188 
0.369113 0.150082 0.012672 0.101710 0.006429 0.359994 
0.360436 0.154446 0.020706 0.061910 0.031218 0.371284 
0.076020 0.065479 0.000207 0.179193 0.000163 0.678937 
0.594053 0.108772 0.008508 0.029814 0.065627 0.193225 
0.003206 0.063167 0.436455 0.460276 0.016769 0.020126 
0.023081 0.025508 0.059896 0.073816 0.000243 0.817456 
0.284813 0.317588 0.106492 0.050681 0.015648 0.224779 
0.021146 0.047611 0.005629 0.043270 0.434492 0.447852 
0.143811 0.185150 0.001840 0.503850 0.016659 0.148690 
0.187854 0.449797 0.035781 0.096194 0.014157 0.216217 
0.062325 0.158562 0.525067 0.151757 0.098400 0.003888 
0.114653 0.099441 0.013188 0.483207 0.217536 0.071974 
0.068760 0.144217 0.074273 0.622491 0.023864 0.066394 
0.161511 0.049631 0.575428 0.135383 0.000369 0.077679 
0.056083 0.755286 0.018407 0.092390 0.063965 0.013868 
0.301318 0.316328 0.030534 0.086860 0.013491 0.251469 
0.421327 0.125167 0.031853 0.344994 0.013851 0.062808 
0.220159 0.280034 0.013750 0.192564 0.000605 0.292887 
0.453387 0.137971 0.010316 0.069634 0.122593 0.206099 
0.038762 0.155520 0.003292 0.346595 0.342000 0.113831 
0.600465 0.014742 0.005545 0.051463 0.025182 0.302603 
0.045558 0.454165 0.007320 0.179336 0.244495 0.069125 
0.411516 0.018717 0.009595 0.184157 0.018692 0.357323 
0.598445 0.083995 0.033584 0.068539 0.064897 0.150541 
0.243177 0.004551 0.020960 0.446447 0.249215 0.035650 
0.140638 0.010622 0.125153 0.043068 0.127925 0.552593 
0.435647 0.057672 0.228980 0.051973 0.068804 0.156923 
0.666697 0.014305 0.102861 0.054733 0.061918 0.099486 
0.150563 0.063591 0.265810 0.127052 0.337292 0.055692 
0.151883 0.325369 0.003642 0.470023 0.006288 0.042795 
0.531382 0.052920 0.043006 0.105247 0.236270 0.031175 
0.178392 0.302228 0.003813 0.099074 0.031315 0.385178 
0.133549 0.182075 0.011908 0.573972 0.030136 0.068361 
0.251833 0.118658 0.032243 0.289673 0.035187 0.272406 
0.272271 0.303485 0.000338 0.267781 0.000146 0.155978 
0.334653 0.282049 0.011320 0.101361 0.033303 0.237314 
0.199987 0.182705 0.221403 0.208777 0.024214 0.162913 
0.294419 0.092279 0.000457 0.076957 0.170599 0.365289 
0.252492 0.273127 0.311194 0.005970 0.065378 0.091838 
0.222225 0.238991 0.000423 0.077810 0.126109 0.334443 
0.005760 0.114579 0.783175 0.009797 0.074436 0.012253 
0.055364 0.023079 0.000068 0.667695 0.246033 0.007761 
0.071809 0.665311 0.003362 0.102422 0.000119 0.156977 
0.049584 0.602687 0.210237 0.021158 0.089478 0.026857 
0.092079 0.314439 0.004672 0.360764 0.011677 0.216368 
0.046176 0.194255 0.307303 0.031942 0.000133 0.420191 
0.129603 0.257743 0.020031 0.118370 0.000207 0.474045 
0.036815 0.110143 0.059187 0.365187 0.410659 0.018010 
0.468882 0.229816 0.017122 0.060464 0.095967 0.127749 
0.312635 0.065130 0.072663 0.467739 0.024725 0.057107 
0.138088 0.448706 0.138080 0.099212 0.087418 0.088496 
0.553379 0.101143 0.036409 0.076833 0.075929 0.156308 
0.443727 0.217807 0.124664 0.069937 0.023519 0.120346 
0.131196 0.482899 0.012476 0.289857 0.005317 0.078255 
0.134358 0.101077 0.060501 0.651807 0.033139 0.019118 
0.283019 0.218643 0.000519 0.346751 0.034179 0.116888 
0.038947 0.002381 0.568832 0.000956 0.029943 0.358942 
0.094599 0.001644 0.000218 0.487524 0.051595 0.364420 
0.482828 0.162084 0.008445 0.121586 0.067315 0.157742 
0.459053 0.243762 0.060943 0.044871 0.014018 0.177354 
0.648324 0.167431 0.043740 0.074783 0.007479 0.058244 
0.576404 0.041465 0.194036 0.148658 0.013102 0.026335 
0.405844 0.008792 0.006018 0.467961 0.022539 0.088846 
0.407557 0.119885 0.000646 0.045990 0.034858 0.391065 
0.096444 0.172153 0.001702 0.562540 0.044712 0.122449 
0.093094 0.531463 0.087833 0.073033 0.030612 0.183965 
0.023566 0.059351 0.329397 0.007466 0.467783 0.112436 
0.107811 0.000985 0.064138 0.093574 0.076868 0.656625 
0.587758 0.109895 0.022633 0.113003 0.068971 0.097740 
0.143789 0.564488 0.006164 0.122905 0.070261 0.092393 
0.230750 0.019266 0.003859 0.668191 0.064104 0.013830 
0.035375 0.452469 0.023897 0.236227 0.239393 0.012638 
0.768432 0.051511 0.005214 0.028607 0.130048 0.016189 
0.436111 0.112888 0.096748 0.013613 0.196787 0.143853 
0.248514 0.081263 0.196066 0.313063 0.081181 0.079912 
0.042248 0.089144 0.078066 0.202312 0.073909 0.514321 
0.023403 0.411737 0.036572 0.050521 0.273381 0.204386 
0.228911 0.509982 0.007534 0.134890 0.037444 0.081239 
0.015590 0.402400 0.377990 0.121863 0.055478 0.026679 
0.450840 0.124204 0.005822 0.033361 0.263564 0.122208 
0.021619 0.184582 0.530521 0.228984 0.015112 0.019182 
0.658333 0.202855 0.029204 0.030804 0.032039 0.046765 
0.332758 0.149711 0.345926 0.108382 0.028045 0.035178 
0.071130 0.225126 0.143889 0.354319 0.000194 0.205342 
0.361933 0.027712 0.279899 0.184280 0.043236 0.102940 
0.626252 0.016302 0.007371 0.252716 0.046225 0.051134 
0.145173 0.032141 0.006435 0.735527 0.051424 0.029300 
0.037740 0.387690 0.020091 0.297378 0.097453 0.159649 
0.127334 0.302600 0.057777 0.090897 0.000125 0.421267 
0.021814 0.056861 0.020858 0.819177 0.046189 0.035101 
0.088450 0.258759 0.001314 0.256394 0.050748 0.344335 
0.477748 0.101738 0.018235 0.279113 0.060602 0.062562 
0.329569 0.441931 0.027147 0.083601 0.006647 0.111106 
1.19303 1.07466 0.491164 0.907841 0.422939 1.04278 
