-2053735.205820
0
0.015030 0.010482 0.002340 0.012869 0.005234 0.003050 0.000976 0.005338 0.018236 0.012074 0.034107 0.013489 0.004536 0.004852 0.004789 0.007490 0.018822 0.010155 0.018010 0.014638 0.003467 0.002256 0.003297 0.007130 0.020035 0.017421 0.004289 0.034380 0.003520 0.003571 0.001658 0.005297 0.013170 0.011757 0.024877 0.017729 0.003431 0.007431 0.007582 0.008819 0.008793 0.013382 0.018018 0.017843 0.002156 0.005260 0.006727 0.027003 0.018205 0.010788 0.003350 0.021572 0.002803 0.002871 0.000707 0.003571 0.024027 0.031577 0.042306 0.026276 0.002509 0.003430 0.003784 0.004649 0.012184 0.011445 0.012407 0.010858 0.001044 0.002084 0.004569 0.009309 0.016708 0.015548 0.003370 0.044591 0.000000 0.003951 0.000515 0.000856 0.000650 0.008460 0.021389 0.007208 0.005691 0.004821 0.003935 0.007295 0.010550 0.010719 0.009755 0.011291 0.005489 0.003890 0.003441 0.016741 
0.000362 0.000516 0.000000 0.000194 0.001504 0.000261 0.000234 0.001235 0.007289 0.027163 0.007318 0.014086 0.000599 0.000245 0.000256 0.001134 0.001561 0.000841 0.001831 0.001661 0.000000 0.000432 0.000346 0.000492 0.000855 0.001066 0.000271 0.002671 0.001156 0.000421 0.000125 0.000947 0.032029 0.059089 0.013437 0.042772 0.000076 0.000599 0.000200 0.000397 0.000641 0.000358 0.001183 0.001240 0.000053 0.000393 0.000496 0.001138 0.000000 0.000000 0.000157 0.000083 0.000317 0.000297 0.000000 0.000896 0.008548 0.026593 0.004835 0.021211 0.000000 0.000141 0.000376 0.000109 0.000762 0.000486 0.000658 0.004045 0.000000 0.000234 0.000857 0.000335 0.014676 0.007203 0.001095 0.024037 0.063332 0.012578 0.002265 0.086500 0.171584 0.128384 0.061308 0.113962 0.000155 0.000368 0.000199 0.001648 0.001232 0.000953 0.001357 0.001091 0.000000 0.001077 0.000639 0.002243 
0.611194 0.388806 
0.705802 0.294198 
0.908825 0.091175 
0.887441 0.112559 
0.767305 0.232695 
0.953476 0.046524 
0.814233 0.185767 
0.068325 0.931675 
0.218609 0.781391 
0.731302 0.268698 
0.663111 0.336889 
0.684527 0.315473 
0.539059 0.460941 
0.769558 0.230442 
0.146435 0.853565 
0.826758 0.173242 
0.905565 0.094435 
0.627694 0.372306 
0.352811 0.647189 
0.960552 0.039448 
0.902118 0.097882 
0.508058 0.491942 
0.824762 0.175238 
0.870352 0.129648 
0.972682 0.027318 
0.820728 0.179272 
0.955881 0.044119 
0.834516 0.165484 
0.728497 0.271503 
0.891975 0.108025 
0.765539 0.234461 
0.881138 0.118862 
0.952787 0.047213 
0.577017 0.422983 
0.490690 0.509310 
0.512766 0.487234 
0.874333 0.125667 
0.867558 0.132442 
0.896920 0.103080 
0.623685 0.376315 
0.960828 0.039172 
0.795193 0.204807 
0.477596 0.522404 
0.817412 0.182588 
0.105070 0.894930 
0.955842 0.044158 
0.223024 0.776976 
0.671340 0.328660 
0.588007 0.411993 
0.935447 0.064553 
0.576036 0.423964 
0.706912 0.293088 
0.865983 0.134017 
0.952599 0.047401 
0.766862 0.233138 
0.219920 0.780080 
0.795813 0.204187 
0.912928 0.087072 
0.457134 0.542866 
0.873438 0.126562 
0.575601 0.424399 
0.897983 0.102017 
0.919364 0.080636 
0.652746 0.347254 
0.467028 0.532972 
0.799913 0.200087 
0.757706 0.242294 
0.559148 0.440852 
0.844219 0.155781 
0.963132 0.036868 
0.672223 0.327777 
0.808949 0.191051 
0.558030 0.441970 
0.054853 0.945147 
0.947028 0.052972 
0.925003 0.074997 
0.813653 0.186347 
0.884363 0.115637 
0.928310 0.071690 
0.887080 0.112920 
0.920255 0.079745 
0.760369 0.239631 
0.317118 0.682882 
0.976108 0.023892 
0.890534 0.109466 
0.888188 0.111812 
0.927555 0.072445 
0.714607 0.285393 
0.396013 0.603987 
0.364987 0.635013 
0.284803 0.715197 
0.710312 0.289688 
0.927345 0.072655 
0.855011 0.144989 
0.472748 0.527252 
0.113200 0.886800 
0.957185 0.042815 
0.944088 0.055912 
0.885165 0.114835 
0.929526 0.070474 
0.753898 0.246102 
0.871521 0.128479 
0.864581 0.135419 
0.798295 0.201705 
0.924306 0.075694 
0.461220 0.538780 
0.935639 0.064361 
0.833242 0.166758 
0.630520 0.369480 
0.873789 0.126211 
0.893236 0.106764 
0.916231 0.083769 
0.850831 0.149169 
0.818037 0.181963 
0.890749 0.109251 
0.940792 0.059208 
0.894900 0.105100 
0.801538 0.198462 
0.948697 0.051303 
0.969079 0.030921 
0.918860 0.081140 
0.953549 0.046451 
0.905928 0.094072 
0.618388 0.381612 
0.952400 0.047600 
0.732805 0.267195 
0.883019 0.116981 
0.924521 0.075479 
0.486989 0.513011 
0.926373 0.073627 
0.953270 0.046730 
0.568816 0.431184 
0.869234 0.130766 
0.497322 0.502678 
0.869960 0.130040 
0.752448 0.247552 
0.901290 0.098710 
0.866021 0.133979 
0.801421 0.198579 
0.100809 0.899191 
0.851464 0.148536 
0.653952 0.346048 
0.458171 0.541829 
0.679263 0.320737 
0.895944 0.104056 
0.420877 0.579123 
0.284183 0.715817 
0.959885 0.040115 
0.895252 0.104748 
0.921988 0.078012 
0.444602 0.555398 
0.518758 0.481242 
0.970593 0.029407 
0.897964 0.102036 
0.846982 0.153018 
0.933353 0.066647 
0.981372 0.018628 
0.439481 0.560519 
0.876169 0.123831 
0.625342 0.374658 
0.882086 0.117914 
0.897047 0.102953 
0.953713 0.046287 
0.660731 0.339269 
0.051427 0.948573 
0.362699 0.637301 
0.818925 0.181075 
0.912746 0.087254 
0.955630 0.044370 
0.811571 0.188429 
0.869849 0.130151 
0.884748 0.115252 
0.949126 0.050874 
0.369604 0.630396 
0.984237 0.015763 
0.403547 0.596453 
0.832278 0.167722 
0.921715 0.078285 
0.801537 0.198463 
0.949168 0.050832 
0.487671 0.512329 
0.853967 0.146033 
0.849813 0.150187 
0.902922 0.097078 
0.863004 0.136996 
0.615297 0.384703 
0.944057 0.055943 
0.896541 0.103459 
0.217465 0.782535 
0.366320 0.633680 
0.316153 0.683847 
0.499243 0.500757 
0.912311 0.087689 
0.869296 0.130704 
0.889520 0.110480 
0.948076 0.051924 
0.549745 0.450255 
0.568910 0.431090 
0.594870 0.405130 
0.508813 0.491187 
0.901959 0.098041 
0.921020 0.078980 
0.947918 0.052082 
0.709945 0.290055 
0.826500 0.173500 
0.681269 0.318731 
0.565845 0.434155 
0.967923 0.032077 
0.930069 0.069931 
0.571967 0.428033 
0.958420 0.041580 
0.935622 0.064378 
0.981571 0.018429 
0.515183 0.484817 
0.867649 0.132351 
0.770473 0.229527 
0.892885 0.107115 
0.898318 0.101682 
0.891437 0.108563 
0.955740 0.044260 
0.624307 0.375693 
0.954964 0.045036 
0.900250 0.099750 
0.897556 0.102444 
0.796324 0.203676 
0.905999 0.094001 
0.650511 0.349489 
0.876145 0.123855 
0.771993 0.228007 
0.620438 0.379562 
0.258338 0.741662 
0.964292 0.035708 
0.958007 0.041993 
0.676133 0.323867 
0.196657 0.803343 
0.803903 0.196097 
0.497192 0.502808 
0.882778 0.117222 
0.969980 0.030020 
0.834917 0.165083 
0.801222 0.198778 
0.981577 0.018423 
0.599626 0.400374 
0.766650 0.233350 
0.932108 0.067892 
0.879571 0.120429 
0.846042 0.153958 
0.281882 0.718118 
0.445268 0.554732 
0.836477 0.163523 
0.498464 0.501536 
0.105835 0.894165 
0.926230 0.073770 
0.831333 0.168667 
0.676795 0.323205 
0.700708 0.299292 
0.898094 0.101906 
0.902961 0.097039 
0.894876 0.105124 
0.965659 0.034341 
0.214660 0.785340 
0.927504 0.072496 
0.887058 0.112942 
0.847672 0.152328 
0.578562 0.421438 
0.872529 0.127471 
0.929292 0.070708 
0.200616 0.799384 
0.967743 0.032257 
0.784976 0.215024 
0.553858 0.446142 
0.850529 0.149471 
0.737606 0.262394 
0.312981 0.687019 
0.897155 0.102845 
0.940933 0.059067 
0.802925 0.197075 
0.971908 0.028092 
0.963174 0.036826 
0.641435 0.358565 
0.915449 0.084551 
0.851532 0.148468 
0.940943 0.059057 
0.938724 0.061276 
0.765578 0.234422 
0.838691 0.161309 
0.642920 0.357080 
0.630074 0.369926 
0.139389 0.860611 
0.895341 0.104659 
0.957933 0.042067 
0.911038 0.088962 
0.960188 0.039812 
0.748479 0.251521 
0.927039 0.072961 
0.256279 0.743721 
0.692948 0.307052 
0.947531 0.052469 
0.970209 0.029791 
0.093554 0.906446 
0.638564 0.361436 
0.932980 0.067020 
0.917076 0.082924 
0.675112 0.324888 
0.714278 0.285722 
0.915369 0.084631 
0.408193 0.591807 
0.756951 0.243049 
0.951822 0.048178 
0.077025 0.922975 
0.930036 0.069964 
0.740311 0.259689 
0.934189 0.065811 
0.919463 0.080537 
0.880493 0.119507 
0.813328 0.186672 
0.961592 0.038408 
0.938067 0.061933 
0.442153 0.557847 
0.970743 0.029257 
0.960394 0.039606 
0.969155 0.030845 
0.652480 0.347520 
0.568914 0.431086 
0.960930 0.039070 
0.973701 0.026299 
0.629557 0.370443 
0.797030 0.202970 
0.804009 0.195991 
0.310447 0.689553 
0.621084 0.378916 
0.652447 0.347553 
0.928813 0.071187 
0.849230 0.150770 
0.607923 0.392077 
0.939286 0.060714 
0.812973 0.187027 
0.789790 0.210210 
0.759229 0.240771 
0.934477 0.065523 
0.909876 0.090124 
0.863749 0.136251 
0.973435 0.026565 
0.882497 0.117503 
0.921093 0.078907 
0.966898 0.033102 
0.934619 0.065381 
0.959730 0.040270 
0.762570 0.237430 
0.875715 0.124285 
0.495306 0.504694 
0.678480 0.321520 
0.354654 0.645346 
0.873487 0.126513 
0.853884 0.146116 
0.928831 0.071169 
0.917276 0.082724 
0.740856 0.259144 
0.899880 0.100120 
0.933237 0.066763 
0.064739 0.935261 
0.204906 0.795094 
0.302700 0.697300 
0.946953 0.053047 
0.720129 0.279871 
0.911335 0.088665 
0.965468 0.034532 
0.798560 0.201440 
0.969549 0.030451 
0.769070 0.230930 
0.918742 0.081258 
0.856330 0.143670 
0.831254 0.168746 
0.683792 0.316208 
0.942136 0.057864 
0.747919 0.252081 
0.956690 0.043310 
0.788720 0.211280 
0.938354 0.061646 
0.945017 0.054983 
0.895841 0.104159 
0.808433 0.191567 
0.742962 0.257038 
0.710537 0.289463 
0.625880 0.374120 
0.896291 0.103709 
0.826621 0.173379 
0.800927 0.199073 
0.228103 0.771897 
0.915515 0.084485 
0.749305 0.250695 
0.873844 0.126156 
0.865042 0.134958 
0.716141 0.283859 
0.870715 0.129285 
0.764234 0.235766 
0.863140 0.136860 
0.623366 0.376634 
0.932985 0.067015 
0.857584 0.142416 
0.641951 0.358049 
0.386983 0.613017 
0.931491 0.068509 
0.920904 0.079096 
0.954647 0.045353 
0.935332 0.064668 
0.946843 0.053157 
0.929265 0.070735 
0.938814 0.061186 
0.912780 0.087220 
0.973807 0.026193 
0.069575 0.930425 
0.884648 0.115352 
0.836283 0.163717 
0.941660 0.058340 
0.585144 0.414856 
0.905742 0.094258 
0.233766 0.766234 
0.496097 0.503903 
0.311034 0.688966 
0.212255 0.787745 
0.921729 0.078271 
0.914389 0.085611 
0.657874 0.342126 
0.872308 0.127692 
0.936681 0.063319 
0.577236 0.422764 
0.970003 0.029997 
0.843408 0.156592 
0.853987 0.146013 
0.901766 0.098234 
0.470617 0.529383 
0.800147 0.199853 
0.659505 0.340495 
0.818390 0.181610 
0.448594 0.551406 
0.645648 0.354352 
0.840707 0.159293 
0.947714 0.052286 
0.453638 0.546362 
0.714454 0.285546 
0.842136 0.157864 
0.929007 0.070993 
0.561646 0.438354 
0.940311 0.059689 
0.619522 0.380478 
0.951239 0.048761 
0.141329 0.858671 
0.268915 0.731085 
0.956156 0.043844 
0.745827 0.254173 
0.738816 0.261184 
0.614909 0.385091 
0.914620 0.085380 
0.452013 0.547987 
0.934794 0.065206 
0.470234 0.529766 
0.756689 0.243311 
0.890001 0.109999 
0.790234 0.209766 
0.778720 0.221280 
0.276516 0.723484 
0.727916 0.272084 
0.352296 0.647704 
0.574766 0.425234 
0.914720 0.085280 
0.891258 0.108742 
0.897379 0.102621 
0.610218 0.389782 
0.534538 0.465462 
0.981829 0.018171 
0.482075 0.517925 
0.853917 0.146083 
0.450562 0.549438 
0.843661 0.156339 
0.879013 0.120987 
0.924457 0.075543 
0.312441 0.687559 
0.746922 0.253078 
0.970762 0.029238 
0.835628 0.164372 
0.448779 0.551221 
0.735657 0.264343 
0.896113 0.103887 
0.925959 0.074041 
0.476688 0.523312 
0.960661 0.039339 
0.207727 0.792273 
0.945608 0.054392 
0.484843 0.515157 
0.546432 0.453568 
0.472067 0.527933 
0.797153 0.202847 
0.236569 0.763431 
0.728527 0.271473 
0.875126 0.124874 
0.142679 0.857321 
0.833626 0.166374 
0.732688 0.267312 
0.927491 0.072509 
2.42339 0.902694 
