-2031475.435774
0
0.024711 0.015421 0.003926 0.015202 0.008548 0.004578 0.001627 0.008301 0.012931 0.002762 0.003383 0.008466 0.007240 0.006366 0.007452 0.009679 0.027816 0.012578 0.020345 0.021796 0.005818 0.002948 0.005346 0.009227 0.030256 0.020078 0.004862 0.018302 0.005949 0.006010 0.002782 0.008902 0.013318 0.002201 0.005096 0.012820 0.005728 0.010987 0.012716 0.014364 0.012335 0.019752 0.019249 0.028594 0.003648 0.006957 0.009347 0.044406 0.030476 0.014353 0.005457 0.019719 0.004697 0.004308 0.001186 0.005972 0.007370 0.002366 0.000043 0.005057 0.004188 0.004728 0.006090 0.006876 0.013283 0.009229 0.013094 0.012302 0.001752 0.002641 0.006656 0.013692 0.025076 0.021760 0.005079 0.036724 0.001408 0.006990 0.000939 0.004356 0.000362 0.000058 0.000146 0.002591 0.009258 0.007697 0.006576 0.011211 0.015174 0.013947 0.011131 0.016808 0.008951 0.005510 0.005524 0.022067 
0.000445 0.000241 0.000000 0.000000 0.001845 0.000220 0.000368 0.001357 0.004030 0.011255 0.000915 0.004404 0.000816 0.000000 0.000185 0.000922 0.001322 0.000136 0.000449 0.001493 0.000000 0.000349 0.000449 0.000000 0.000781 0.000000 0.000000 0.000001 0.001585 0.000569 0.000183 0.001348 0.032272 0.038382 0.006665 0.030912 0.000184 0.000300 0.000306 0.000524 0.000338 0.000000 0.000213 0.001433 0.000000 0.000090 0.000226 0.000898 0.000000 0.000000 0.000292 0.000000 0.000480 0.000344 0.000000 0.001363 0.002739 0.007660 0.000000 0.007511 0.000055 0.000000 0.000517 0.000075 0.000000 0.000000 0.000000 0.003023 0.000000 0.000126 0.000843 0.000000 0.018542 0.008425 0.001318 0.014151 0.089184 0.017503 0.003128 0.119239 0.228658 0.131783 0.053054 0.133874 0.000156 0.000311 0.000360 0.001746 0.001096 0.000447 0.000586 0.000918 0.000000 0.000863 0.000753 0.000465 
0.000627 0.002756 0.000000 0.007574 0.000434 0.000701 0.000000 0.000969 0.023587 0.033284 0.067159 0.023841 0.000460 0.002229 0.000765 0.003699 0.004820 0.005691 0.012511 0.003644 0.000000 0.001102 0.000242 0.003513 0.004127 0.011366 0.002898 0.047648 0.000000 0.000000 0.000000 0.000000 0.016853 0.042202 0.048577 0.034075 0.000000 0.001986 0.000000 0.000531 0.003088 0.003382 0.013482 0.001739 0.000000 0.002396 0.002486 0.001396 0.000079 0.004365 0.000162 0.019247 0.000000 0.000636 0.000000 0.000000 0.042802 0.073116 0.085846 0.056121 0.000000 0.001290 0.000318 0.001114 0.008846 0.011942 0.009433 0.008205 0.000000 0.001094 0.001364 0.002466 0.004785 0.006003 0.000799 0.053900 0.000000 0.000000 0.000000 0.000000 0.011151 0.041937 0.058263 0.026046 0.000370 0.000559 0.000000 0.001501 0.003264 0.005134 0.006734 0.002796 0.000301 0.001508 0.000373 0.008289 
0.146576 0.149210 0.704214 
0.531630 0.244769 0.223601 
0.403156 0.039692 0.557152 
0.650957 0.064292 0.284751 
0.332194 0.112147 0.555659 
0.198791 0.000301 0.800908 
0.548265 0.111574 0.340160 
0.091503 0.899221 0.009276 
0.154064 0.681085 0.164851 
0.519381 0.222357 0.258263 
0.076569 0.193605 0.729826 
0.589853 0.298591 0.111556 
0.380036 0.391536 0.228427 
0.283489 0.034462 0.682049 
0.056130 0.732743 0.211128 
0.737815 0.166400 0.095785 
0.746472 0.078156 0.175372 
0.367925 0.241725 0.390350 
0.315493 0.624766 0.059741 
0.609539 0.014894 0.375567 
0.116138 0.004395 0.879468 
0.114923 0.334404 0.550673 
0.801525 0.168734 0.029741 
0.141668 0.011182 0.847150 
0.446969 0.001076 0.551955 
0.237683 0.100609 0.661708 
0.331813 0.002855 0.665332 
0.640552 0.135925 0.223523 
0.178333 0.067034 0.754634 
0.592793 0.061063 0.346144 
0.706064 0.222589 0.071347 
0.612695 0.071254 0.316051 
0.143759 0.004388 0.851853 
0.207856 0.296565 0.495579 
0.431325 0.480309 0.088366 
0.405687 0.433799 0.160514 
0.645600 0.085431 0.268969 
0.607464 0.097997 0.294540 
0.561298 0.036111 0.402591 
0.345864 0.164771 0.489365 
0.321702 0.000826 0.677472 
0.634554 0.168148 0.197298 
0.162194 0.193825 0.643981 
0.579694 0.115720 0.304586 
0.002965 0.591077 0.405958 
0.787094 0.032268 0.180638 
0.165361 0.672739 0.161900 
0.173461 0.116835 0.709704 
0.475812 0.366148 0.158040 
0.646985 0.028502 0.324513 
0.449852 0.372612 0.177536 
0.558494 0.254305 0.187201 
0.245799 0.029512 0.724689 
0.336062 0.009195 0.654743 
0.548408 0.149995 0.301597 
0.216326 0.742224 0.041450 
0.125526 0.041714 0.832760 
0.765054 0.085995 0.148951 
0.309737 0.471392 0.218871 
0.679991 0.102697 0.217312 
0.027396 0.024443 0.948161 
0.375991 0.031941 0.592068 
0.638011 0.047199 0.314790 
0.356934 0.270201 0.372865 
0.186883 0.445624 0.367493 
0.254581 0.027757 0.717662 
0.698246 0.223596 0.078159 
0.308945 0.242156 0.448899 
0.217420 0.034179 0.748401 
0.683805 0.015430 0.300765 
0.544458 0.290423 0.165119 
0.345207 0.122559 0.532234 
0.354070 0.346892 0.299038 
0.065418 0.913135 0.021448 
0.733404 0.035468 0.231128 
0.520969 0.023906 0.455125 
0.699238 0.177073 0.123689 
0.306707 0.044250 0.649043 
0.533307 0.022935 0.443758 
0.252480 0.034792 0.712727 
0.802171 0.076307 0.121522 
0.383220 0.051558 0.565221 
0.037926 0.183383 0.778691 
0.246661 0.000334 0.753005 
0.710451 0.083505 0.206044 
0.255992 0.024318 0.719690 
0.549074 0.025590 0.425336 
0.287872 0.191951 0.520177 
0.029796 0.175722 0.794482 
0.071243 0.525259 0.403499 
0.262657 0.674144 0.063199 
0.477975 0.202247 0.319778 
0.613674 0.040902 0.345424 
0.648821 0.098768 0.252411 
0.107016 0.354523 0.538461 
0.079015 0.807223 0.113762 
0.850955 0.039430 0.109616 
0.792829 0.045944 0.161227 
0.699671 0.089660 0.210668 
0.598310 0.027345 0.374346 
0.312211 0.099734 0.588055 
0.726012 0.119583 0.154404 
0.645058 0.094685 0.260257 
0.674350 0.178974 0.146676 
0.725506 0.056766 0.217728 
0.335060 0.465955 0.198985 
0.788652 0.055506 0.155842 
0.415678 0.062877 0.521445 
0.571100 0.335435 0.093465 
0.125936 0.026199 0.847865 
0.550035 0.059052 0.390913 
0.162777 0.014246 0.822976 
0.578113 0.079549 0.342338 
0.616822 0.146422 0.236755 
0.647581 0.071201 0.281219 
0.543188 0.028801 0.428012 
0.410662 0.026758 0.562580 
0.097586 0.032320 0.870094 
0.625921 0.019768 0.354311 
0.825617 0.022493 0.151890 
0.551122 0.039320 0.409558 
0.681354 0.025072 0.293573 
0.353728 0.041121 0.605151 
0.242297 0.110754 0.646949 
0.766690 0.034403 0.198907 
0.604363 0.238449 0.157188 
0.290303 0.026885 0.682812 
0.815650 0.075036 0.109314 
0.083364 0.356255 0.560381 
0.792909 0.064013 0.143079 
0.845789 0.047333 0.106877 
0.490925 0.394705 0.114370 
0.705952 0.101466 0.192582 
0.466931 0.485629 0.047441 
0.795886 0.136514 0.067600 
0.505891 0.133833 0.360275 
0.677888 0.068287 0.253825 
0.657805 0.093576 0.248619 
0.685907 0.190997 0.123096 
0.048459 0.764962 0.186580 
0.714715 0.135851 0.149434 
0.430413 0.291002 0.278585 
0.380140 0.502024 0.117836 
0.240363 0.088282 0.671355 
0.775783 0.101345 0.122872 
0.311564 0.488427 0.200009 
0.049349 0.399327 0.551324 
0.577935 0.012857 0.409208 
0.399714 0.045231 0.555056 
0.500336 0.009058 0.490605 
0.247096 0.409036 0.343868 
0.153549 0.160205 0.686246 
0.867267 0.023651 0.109082 
0.522812 0.037713 0.439476 
0.697002 0.122636 0.180361 
0.577015 0.032812 0.390173 
0.692839 0.002550 0.304611 
0.444128 0.533195 0.022678 
0.438745 0.037335 0.523920 
0.139329 0.090147 0.770524 
0.781666 0.103424 0.114910 
0.309011 0.016201 0.674788 
0.689894 0.021893 0.288212 
0.397390 0.276648 0.325961 
0.055421 0.890187 0.054392 
0.192408 0.447161 0.360431 
0.716136 0.162293 0.121571 
0.444903 0.037523 0.517574 
0.853752 0.052141 0.094107 
0.593839 0.122657 0.283503 
0.715965 0.105390 0.178645 
0.581775 0.070909 0.347317 
0.688745 0.027656 0.283600 
0.217879 0.556095 0.226026 
0.700822 0.001672 0.297506 
0.168173 0.402751 0.429077 
0.243948 0.002025 0.754027 
0.708853 0.055723 0.235423 
0.738843 0.180994 0.080162 
0.660857 0.025360 0.313783 
0.419890 0.461671 0.118439 
0.787551 0.144805 0.067644 
0.766742 0.148312 0.084946 
0.500482 0.019675 0.479843 
0.460181 0.079297 0.460522 
0.192673 0.262881 0.544446 
0.653956 0.028342 0.317702 
0.763646 0.098328 0.138026 
0.129407 0.624360 0.246233 
0.161452 0.388946 0.449602 
0.217240 0.582999 0.199761 
0.086949 0.126982 0.786068 
0.595650 0.037172 0.367177 
0.607198 0.085448 0.307354 
0.570347 0.047634 0.382018 
0.774684 0.041194 0.184122 
0.442892 0.407109 0.149999 
0.227541 0.322824 0.449635 
0.498918 0.362110 0.138972 
0.295868 0.308827 0.395305 
0.848122 0.099455 0.052423 
0.428015 0.015630 0.556355 
0.733245 0.035287 0.231468 
0.139552 0.041811 0.818636 
0.230107 0.023057 0.746836 
0.318639 0.125785 0.555575 
0.210766 0.351994 0.437240 
0.809851 0.027531 0.162618 
0.247568 0.009898 0.742535 
0.210784 0.154157 0.635059 
0.679521 0.020597 0.299882 
0.850797 0.056742 0.092461 
0.854076 0.015513 0.130411 
0.447156 0.444342 0.108502 
0.225781 0.051173 0.723046 
0.335762 0.159157 0.505080 
0.616822 0.075250 0.307928 
0.700328 0.075719 0.223953 
0.466109 0.049028 0.484863 
0.639098 0.014426 0.346476 
0.601563 0.349591 0.048846 
0.288768 0.001526 0.709706 
0.496955 0.045439 0.457606 
0.248860 0.017387 0.733752 
0.589582 0.156403 0.254015 
0.229073 0.001224 0.769703 
0.357196 0.232478 0.410326 
0.594105 0.082052 0.323842 
0.148029 0.088029 0.763943 
0.430264 0.315676 0.254060 
0.174300 0.667725 0.157975 
0.692058 0.015251 0.292691 
0.689689 0.022107 0.288204 
0.257125 0.226323 0.516551 
0.018454 0.346267 0.635279 
0.357562 0.090864 0.551574 
0.369178 0.450314 0.180508 
0.820928 0.113587 0.065485 
0.216431 0.008374 0.775194 
0.811771 0.158918 0.029311 
0.660211 0.179405 0.160384 
0.782363 0.008317 0.209319 
0.440081 0.339418 0.220501 
0.197880 0.017556 0.784564 
0.632883 0.038942 0.328175 
0.631757 0.072069 0.296174 
0.358814 0.062223 0.578963 
0.072938 0.511049 0.416013 
0.159180 0.469586 0.371233 
0.582994 0.123246 0.293761 
0.310028 0.392803 0.297168 
0.012032 0.609117 0.378852 
0.508474 0.032874 0.458652 
0.485363 0.099797 0.414840 
0.324284 0.230353 0.445362 
0.204677 0.139841 0.655482 
0.577267 0.043884 0.378849 
0.420564 0.027104 0.552332 
0.109270 0.006385 0.884344 
0.394644 0.002062 0.603293 
0.053411 0.652203 0.294386 
0.449577 0.019223 0.531201 
0.215046 0.021478 0.763476 
0.390353 0.066195 0.543452 
0.299351 0.175852 0.524797 
0.341610 0.020207 0.638184 
0.553977 0.031652 0.414370 
0.192753 0.777389 0.029858 
0.853144 0.025438 0.121417 
0.490620 0.166332 0.343048 
0.305186 0.213937 0.480876 
0.214746 0.059353 0.725901 
0.190751 0.160019 0.649230 
0.316301 0.667943 0.015755 
0.560506 0.037195 0.402299 
0.628075 0.031471 0.340454 
0.624850 0.145919 0.229232 
0.368108 0.000762 0.631131 
0.806630 0.026769 0.166601 
0.258067 0.217465 0.524469 
0.594677 0.043920 0.361403 
0.149612 0.063640 0.786748 
0.451075 0.018824 0.530101 
0.721818 0.036466 0.241717 
0.325303 0.069677 0.605020 
0.603648 0.098947 0.297405 
0.591103 0.353445 0.055452 
0.176990 0.091838 0.731171 
0.119011 0.808746 0.072242 
0.530246 0.058627 0.411127 
0.366280 0.001425 0.632295 
0.806454 0.083654 0.109891 
0.884516 0.044245 0.071240 
0.231627 0.032046 0.736327 
0.709607 0.052294 0.238099 
0.260821 0.708033 0.031146 
0.291139 0.234937 0.473924 
0.835217 0.049012 0.115771 
0.890804 0.036814 0.072382 
0.062910 0.774528 0.162562 
0.338784 0.138277 0.522939 
0.480862 0.020715 0.498424 
0.621451 0.051506 0.327043 
0.333433 0.252969 0.413597 
0.421918 0.197075 0.381007 
0.431447 0.031181 0.537372 
0.340631 0.548138 0.111230 
0.730075 0.226869 0.043056 
0.755734 0.035680 0.208585 
0.042337 0.744064 0.213600 
0.648939 0.042077 0.308984 
0.343205 0.091568 0.565228 
0.676363 0.040316 0.283321 
0.823607 0.073889 0.102504 
0.471617 0.046294 0.482089 
0.547261 0.109206 0.343533 
0.170266 0.003875 0.825859 
0.807141 0.052801 0.140057 
0.320596 0.479517 0.199887 
0.309605 0.003279 0.687116 
0.470435 0.007539 0.522026 
0.580623 0.005701 0.413676 
0.025627 0.097343 0.877030 
0.465512 0.383011 0.151477 
0.663307 0.015125 0.321568 
0.480586 0.002582 0.516831 
0.103145 0.058574 0.838281 
0.681429 0.176707 0.141864 
0.594937 0.161797 0.243267 
0.094658 0.558556 0.346786 
0.210088 0.173294 0.616618 
0.369518 0.129884 0.500598 
0.760460 0.054437 0.185103 
0.225974 0.020806 0.753220 
0.360851 0.273013 0.366136 
0.758306 0.043630 0.198064 
0.171773 0.118550 0.709677 
0.529401 0.108910 0.361689 
0.462771 0.163578 0.373651 
0.556809 0.017786 0.425404 
0.837611 0.094013 0.068375 
0.594415 0.087471 0.318113 
0.564688 0.001351 0.433961 
0.164217 0.001007 0.834777 
0.286987 0.005607 0.707406 
0.571077 0.006735 0.422189 
0.481734 0.030124 0.488142 
0.752534 0.023855 0.223611 
0.265201 0.156897 0.577901 
0.740854 0.113764 0.145382 
0.327614 0.441481 0.230905 
0.465081 0.265094 0.269826 
0.312112 0.606286 0.081602 
0.802077 0.112217 0.085706 
0.631060 0.101317 0.267623 
0.827820 0.067006 0.105174 
0.462245 0.030485 0.507270 
0.609809 0.224373 0.165818 
0.834240 0.115123 0.050637 
0.816723 0.062367 0.120910 
0.045390 0.799533 0.155077 
0.101854 0.653320 0.244827 
0.210572 0.590721 0.198707 
0.691781 0.032729 0.275489 
0.319576 0.141661 0.538762 
0.489433 0.048476 0.462091 
0.718789 0.016182 0.265029 
0.237225 0.112714 0.650061 
0.642204 0.010015 0.347781 
0.673833 0.218110 0.108058 
0.851687 0.079719 0.068594 
0.439258 0.055782 0.504961 
0.548134 0.069143 0.382723 
0.161349 0.096948 0.741703 
0.236143 0.000769 0.763088 
0.190914 0.064713 0.744373 
0.797214 0.030386 0.172400 
0.620530 0.180786 0.198684 
0.626823 0.029930 0.343247 
0.767615 0.041125 0.191260 
0.336516 0.023858 0.639626 
0.695631 0.180527 0.123842 
0.228137 0.046929 0.724935 
0.562969 0.249426 0.187605 
0.127400 0.132171 0.740429 
0.838508 0.100654 0.060838 
0.468665 0.072132 0.459202 
0.220850 0.118776 0.660374 
0.166133 0.706569 0.127299 
0.596872 0.049403 0.353725 
0.192189 0.065834 0.741976 
0.757553 0.106593 0.135854 
0.679319 0.113224 0.207457 
0.259942 0.101070 0.638988 
0.852009 0.125085 0.022906 
0.260876 0.015732 0.723392 
0.757199 0.123711 0.119090 
0.428194 0.309453 0.262353 
0.504087 0.023010 0.472903 
0.405919 0.044110 0.549971 
0.517692 0.317817 0.164491 
0.282386 0.520187 0.197427 
0.516264 0.021400 0.462336 
0.452813 0.039230 0.507958 
0.866571 0.048468 0.084961 
0.488500 0.025666 0.485834 
0.190306 0.012949 0.796745 
0.512184 0.025448 0.462368 
0.560994 0.025609 0.413397 
0.709480 0.055338 0.235181 
0.349497 0.000864 0.649639 
0.087754 0.890463 0.021783 
0.833445 0.119853 0.046702 
0.567891 0.123299 0.308811 
0.632356 0.026014 0.341630 
0.275545 0.160845 0.563610 
0.677093 0.066623 0.256284 
0.188602 0.700783 0.110616 
0.175565 0.204760 0.619676 
0.200508 0.566497 0.232996 
0.130346 0.695661 0.173992 
0.814459 0.092079 0.093463 
0.589286 0.047661 0.363052 
0.176634 0.126467 0.696899 
0.546608 0.057008 0.396384 
0.399135 0.009719 0.591146 
0.289876 0.232105 0.478019 
0.365026 0.004297 0.630676 
0.558541 0.083743 0.357715 
0.366486 0.049350 0.584164 
0.262312 0.030668 0.707020 
0.072072 0.153086 0.774842 
0.605887 0.172816 0.221297 
0.241189 0.259109 0.499702 
0.146025 0.107338 0.746637 
0.203107 0.403821 0.393072 
0.334411 0.124624 0.540965 
0.156107 0.053879 0.790014 
0.689232 0.027033 0.283735 
0.231483 0.362806 0.405710 
0.384461 0.165886 0.449653 
0.442466 0.044937 0.512598 
0.534441 0.024522 0.441037 
0.354364 0.355453 0.290183 
0.504483 0.008393 0.487124 
0.408533 0.329322 0.262145 
0.621435 0.014173 0.364392 
0.172318 0.818772 0.008910 
0.034388 0.199784 0.765828 
0.816165 0.038667 0.145168 
0.697396 0.244555 0.058049 
0.488491 0.128858 0.382651 
0.609118 0.362226 0.028656 
0.719155 0.056900 0.223945 
0.183202 0.306377 0.510421 
0.401162 0.013850 0.584988 
0.115535 0.292771 0.591694 
0.594543 0.214614 0.190842 
0.286829 0.041490 0.671680 
0.373724 0.139662 0.486614 
0.524170 0.144282 0.331548 
0.115116 0.530911 0.353973 
0.317882 0.077320 0.604799 
0.350151 0.615780 0.034069 
0.295106 0.185601 0.519293 
0.336976 0.014585 0.648439 
0.485252 0.063811 0.450937 
0.324194 0.044180 0.631626 
0.101842 0.236190 0.661969 
0.088272 0.102376 0.809351 
0.533478 0.000669 0.465853 
0.261618 0.325746 0.412637 
0.730274 0.130015 0.139711 
0.326200 0.474426 0.199374 
0.631443 0.124363 0.244193 
0.236517 0.029472 0.734011 
0.680185 0.045122 0.274693 
0.027051 0.159879 0.813070 
0.573185 0.210548 0.216267 
0.115562 0.000781 0.883657 
0.340915 0.104497 0.554588 
0.176354 0.394698 0.428949 
0.608732 0.242213 0.149055 
0.701099 0.085407 0.213494 
0.619231 0.028561 0.352209 
0.464583 0.513794 0.021623 
0.344566 0.001255 0.654179 
0.207934 0.754288 0.037778 
0.277045 0.014527 0.708427 
0.204783 0.405007 0.390210 
0.421811 0.380928 0.197261 
0.155514 0.392126 0.452360 
0.072284 0.025439 0.902277 
0.043004 0.489041 0.467955 
0.556573 0.215745 0.227682 
0.723140 0.099643 0.177217 
0.086315 0.709396 0.204289 
0.570967 0.086363 0.342670 
0.175171 0.081264 0.743565 
0.567552 0.033314 0.399134 
1.60169 0.646963 1.38849 
