-2015550.090497
0
0.011422 0.009791 0.000629 0.008479 0.009640 0.004542 0.000802 0.008987 0.014883 0.004097 0.004273 0.010145 0.008497 0.007914 0.007381 0.011992 0.039480 0.018435 0.029057 0.030166 0.008461 0.003990 0.006338 0.013506 0.008391 0.008512 0.000796 0.006034 0.005659 0.005075 0.000946 0.008552 0.016423 0.003514 0.004100 0.016518 0.006091 0.012129 0.008564 0.017608 0.017898 0.028534 0.027914 0.042960 0.005305 0.010246 0.011556 0.066665 0.003856 0.006537 0.000716 0.002904 0.004611 0.003826 0.000036 0.006797 0.009580 0.004730 0.000274 0.007801 0.003685 0.004824 0.005414 0.006774 0.019351 0.013695 0.018058 0.017946 0.002316 0.004098 0.006242 0.019949 0.007299 0.006523 0.001402 0.002580 0.000000 0.004547 0.000000 0.003086 0.000000 0.001174 0.000013 0.003868 0.011042 0.009309 0.007255 0.012904 0.022851 0.019578 0.016195 0.025016 0.013393 0.007152 0.006980 0.030916 
0.039886 0.020663 0.008180 0.024870 0.004628 0.003366 0.002553 0.004781 0.006150 0.000362 0.005835 0.005030 0.003315 0.002098 0.005762 0.003687 0.002664 0.001015 0.001763 0.003144 0.000000 0.001518 0.002913 0.003403 0.056485 0.031541 0.009704 0.036180 0.004865 0.006010 0.004913 0.007179 0.004863 0.000117 0.008760 0.004203 0.003772 0.006440 0.016113 0.006051 0.000000 0.000919 0.000537 0.000000 0.000000 0.000252 0.003795 0.000264 0.065302 0.023921 0.011436 0.045750 0.003306 0.003806 0.002718 0.003099 0.000412 0.000171 0.007319 0.001350 0.003922 0.003219 0.005389 0.005062 0.001377 0.001721 0.002799 0.003601 0.000373 0.000000 0.005783 0.000225 0.057197 0.044736 0.010489 0.180399 0.000000 0.008900 0.002158 0.002393 0.000000 0.000340 0.064799 0.007438 0.004082 0.003357 0.003668 0.006468 0.000000 0.003802 0.001539 0.001638 0.000000 0.003755 0.002215 0.018015 
0.000527 0.000173 0.000000 0.000001 0.001683 0.000094 0.000323 0.001180 0.003982 0.011600 0.000844 0.004457 0.000604 0.000000 0.000000 0.000610 0.000640 0.000000 0.000176 0.000865 0.000000 0.000352 0.000315 0.000000 0.000647 0.000001 0.000000 0.000003 0.001497 0.000439 0.000262 0.001204 0.032270 0.039542 0.006974 0.031082 0.000000 0.000066 0.000161 0.000203 0.000361 0.000000 0.000000 0.000215 0.000000 0.000000 0.000000 0.000000 0.000000 0.000000 0.000298 0.000001 0.000386 0.000271 0.000000 0.001268 0.002902 0.008240 0.000000 0.007943 0.000000 0.000000 0.000401 0.000000 0.000000 0.000000 0.000000 0.002849 0.000000 0.000000 0.000724 0.000000 0.017451 0.007985 0.001293 0.011467 0.090712 0.017262 0.003100 0.119592 0.228851 0.136906 0.054121 0.137085 0.000000 0.000040 0.000160 0.001523 0.000746 0.000145 0.000305 0.000602 0.000000 0.000796 0.000594 0.000625 
0.000439 0.003066 0.000000 0.007147 0.000494 0.000907 0.000000 0.001318 0.027632 0.038281 0.075711 0.026878 0.000617 0.002643 0.000876 0.004287 0.005347 0.005998 0.014232 0.004185 0.000000 0.000678 0.000000 0.002043 0.005376 0.014304 0.003618 0.053902 0.000000 0.000000 0.000000 0.000000 0.019229 0.047852 0.054515 0.038890 0.000000 0.002302 0.000000 0.000341 0.003630 0.003596 0.015626 0.001385 0.000000 0.002579 0.002723 0.000000 0.000000 0.004611 0.000292 0.020013 0.000200 0.000847 0.000000 0.000000 0.050716 0.083718 0.095852 0.064045 0.000000 0.001556 0.000517 0.001418 0.009504 0.012696 0.010316 0.007498 0.000000 0.001106 0.001503 0.002716 0.000001 0.004653 0.000434 0.006942 0.000000 0.000000 0.000000 0.000000 0.010619 0.043403 0.029362 0.022641 0.000409 0.000608 0.000132 0.001274 0.003256 0.004605 0.007111 0.001939 0.000000 0.000409 0.000211 0.000219 
0.104564 0.078008 0.167193 0.650236 
0.076593 0.517371 0.238584 0.167452 
0.150047 0.301811 0.042258 0.505884 
0.483679 0.212688 0.068021 0.235612 
0.272188 0.106379 0.125732 0.495701 
0.178556 0.053352 0.000599 0.767493 
0.354675 0.210073 0.110763 0.324488 
0.077158 0.025857 0.889003 0.007982 
0.067468 0.099846 0.670334 0.162351 
0.392638 0.271235 0.214719 0.121408 
0.068542 0.016677 0.200028 0.714752 
0.508817 0.138397 0.297508 0.055279 
0.354520 0.040986 0.394665 0.209829 
0.199566 0.234173 0.062295 0.503966 
0.050771 0.017442 0.732749 0.199038 
0.708867 0.046100 0.167393 0.077640 
0.661230 0.106530 0.081821 0.150419 
0.322341 0.071462 0.246010 0.360187 
0.100492 0.250627 0.598090 0.050791 
0.298214 0.360967 0.020585 0.320234 
0.087025 0.090772 0.008752 0.813450 
0.087214 0.048479 0.345242 0.519065 
0.230915 0.604684 0.159415 0.004986 
0.079395 0.137358 0.014423 0.768823 
0.344188 0.150549 0.005152 0.500111 
0.154044 0.121023 0.106614 0.618319 
0.047565 0.333990 0.006494 0.611952 
0.558850 0.136108 0.143993 0.161049 
0.095542 0.666372 0.102174 0.135911 
0.381013 0.222838 0.064071 0.332077 
0.552190 0.157433 0.218173 0.072204 
0.536593 0.098314 0.077346 0.287747 
0.094042 0.059127 0.006892 0.839939 
0.126407 0.113890 0.300149 0.459554 
0.396006 0.053233 0.481019 0.069742 
0.335488 0.170682 0.428960 0.064871 
0.543260 0.176603 0.095224 0.184913 
0.576192 0.052580 0.107327 0.263901 
0.487631 0.207722 0.058292 0.246355 
0.203618 0.209868 0.177050 0.409464 
0.089560 0.309668 0.003596 0.597176 
0.566451 0.085697 0.168073 0.179780 
0.092516 0.078201 0.193764 0.635520 
0.457559 0.134603 0.117703 0.290135 
0.007355 0.003803 0.586864 0.401977 
0.552438 0.256597 0.036556 0.154409 
0.170543 0.014837 0.670960 0.143660 
0.145238 0.030966 0.128475 0.695322 
0.346999 0.133020 0.366562 0.153420 
0.608319 0.084282 0.038300 0.269099 
0.324179 0.200079 0.366275 0.109467 
0.443652 0.182522 0.253277 0.120549 
0.160731 0.301734 0.041565 0.495970 
0.204833 0.172977 0.014160 0.608030 
0.504642 0.063575 0.151806 0.279978 
0.085786 0.152723 0.724348 0.037142 
0.102076 0.074172 0.049953 0.773799 
0.698106 0.139122 0.091692 0.071081 
0.169640 0.178580 0.461820 0.189959 
0.480922 0.311025 0.102948 0.105105 
0.036017 0.041071 0.045662 0.877251 
0.203511 0.225831 0.037440 0.533218 
0.632175 0.027261 0.053874 0.286690 
0.309942 0.079593 0.281901 0.328564 
0.148945 0.054536 0.449840 0.346679 
0.155730 0.399138 0.054673 0.390459 
0.084197 0.655708 0.212608 0.047488 
0.288403 0.058606 0.257627 0.395364 
0.168202 0.091651 0.044882 0.695265 
0.271054 0.446792 0.018472 0.263682 
0.329182 0.281400 0.281714 0.107705 
0.222067 0.158067 0.125816 0.494050 
0.300466 0.073348 0.348170 0.278016 
0.068991 0.005916 0.903923 0.021171 
0.671215 0.092750 0.043883 0.192152 
0.492877 0.030494 0.029350 0.447279 
0.196345 0.566426 0.162127 0.075102 
0.138235 0.180470 0.047435 0.633860 
0.404557 0.163344 0.028865 0.403234 
0.097131 0.248795 0.038998 0.615075 
0.215159 0.603695 0.073668 0.107478 
0.311198 0.316451 0.111084 0.261267 
0.049315 0.047449 0.214407 0.688829 
0.248078 0.023489 0.000743 0.727690 
0.185799 0.539141 0.082639 0.192421 
0.171132 0.192727 0.031865 0.604276 
0.515075 0.071354 0.032904 0.380667 
0.133622 0.326508 0.189462 0.350407 
0.038679 0.005636 0.182071 0.773614 
0.059697 0.032610 0.528590 0.379103 
0.105588 0.184254 0.657368 0.052790 
0.443083 0.086827 0.219066 0.251023 
0.546204 0.080996 0.047544 0.325256 
0.608421 0.059652 0.104501 0.227426 
0.069937 0.055898 0.360789 0.513375 
0.075005 0.022396 0.806577 0.096022 
0.796927 0.071293 0.041798 0.089983 
0.662375 0.170048 0.049914 0.117663 
0.514729 0.187560 0.091708 0.206002 
0.492015 0.190474 0.037856 0.279655 
0.245813 0.069753 0.105906 0.578528 
0.495295 0.329838 0.112496 0.062370 
0.642794 0.008160 0.104766 0.244281 
0.246677 0.456117 0.174245 0.122961 
0.705583 0.031833 0.062493 0.200091 
0.284504 0.062795 0.465827 0.186873 
0.721033 0.089005 0.059715 0.130247 
0.252817 0.439207 0.080283 0.227693 
0.509995 0.063568 0.340543 0.085894 
0.085200 0.077454 0.029564 0.807782 
0.478050 0.110395 0.067539 0.344015 
0.086674 0.130355 0.017376 0.765594 
0.131817 0.445980 0.074780 0.347423 
0.586824 0.058964 0.152714 0.201498 
0.225267 0.441168 0.072649 0.260916 
0.349770 0.209769 0.033337 0.407123 
0.208171 0.231072 0.030519 0.530238 
0.047197 0.138599 0.039902 0.774302 
0.581393 0.057842 0.024325 0.336440 
0.089189 0.754135 0.024433 0.132243 
0.487136 0.079697 0.045220 0.387948 
0.558407 0.139877 0.029299 0.272418 
0.279904 0.064132 0.046735 0.609230 
0.154201 0.126567 0.119728 0.599504 
0.607481 0.176344 0.036695 0.179480 
0.393119 0.234538 0.232784 0.139559 
0.228511 0.091802 0.033255 0.646432 
0.740289 0.107075 0.077218 0.075418 
0.073363 0.044578 0.372423 0.509636 
0.392754 0.392941 0.058063 0.156241 
0.412634 0.436550 0.043916 0.106900 
0.385113 0.143410 0.391505 0.079972 
0.121379 0.564025 0.089288 0.225308 
0.316095 0.189059 0.466799 0.028048 
0.727930 0.082678 0.133696 0.055696 
0.093866 0.390942 0.121956 0.393236 
0.501629 0.173249 0.072426 0.252696 
0.502570 0.162722 0.094597 0.240111 
0.525680 0.187139 0.181894 0.105287 
0.067365 0.004940 0.773971 0.153725 
0.737613 0.001665 0.141442 0.119280 
0.081256 0.450711 0.275221 0.192812 
0.058985 0.348107 0.483400 0.109508 
0.170126 0.072781 0.087688 0.669405 
0.528968 0.274825 0.099242 0.096966 
0.013859 0.348775 0.469946 0.167420 
0.074756 0.004885 0.421741 0.498617 
0.538995 0.060232 0.020090 0.380683 
0.276359 0.156666 0.050355 0.516620 
0.357039 0.420894 0.033014 0.189053 
0.194600 0.067000 0.405355 0.333045 
0.116827 0.037754 0.160598 0.684821 
0.127094 0.720591 0.025175 0.127140 
0.544715 0.012713 0.050211 0.392361 
0.554061 0.157087 0.127015 0.161837 
0.546748 0.066984 0.042779 0.343489 
0.506252 0.225397 0.009087 0.259264 
0.085074 0.375959 0.523261 0.015706 
0.411257 0.058929 0.045940 0.483873 
0.041851 0.132670 0.098210 0.727268 
0.537411 0.254930 0.104514 0.103145 
0.265437 0.040480 0.021628 0.672455 
0.164426 0.689757 0.028287 0.117531 
0.077263 0.373354 0.264359 0.285025 
0.059166 0.007763 0.887402 0.045669 
0.109592 0.259191 0.472299 0.158918 
0.591448 0.143637 0.165817 0.099098 
0.424853 0.037680 0.045590 0.491877 
0.435948 0.444081 0.049409 0.070562 
0.479559 0.123485 0.122483 0.274473 
0.528072 0.186332 0.109990 0.175605 
0.468746 0.112493 0.075000 0.343760 
0.258654 0.565176 0.034382 0.141788 
0.174139 0.045316 0.558869 0.221676 
0.583866 0.153470 0.006636 0.256027 
0.135709 0.045696 0.401453 0.417142 
0.148549 0.635882 0.047428 0.168141 
0.670592 0.068738 0.064976 0.195693 
0.508460 0.238835 0.181219 0.071487 
0.519788 0.176151 0.031481 0.272580 
0.258788 0.173634 0.455499 0.112080 
0.349341 0.458196 0.138028 0.054435 
0.667691 0.114491 0.147106 0.070712 
0.254442 0.337045 0.026220 0.382293 
0.287322 0.197950 0.083330 0.431398 
0.136839 0.090957 0.272255 0.499949 
0.175666 0.515177 0.031027 0.278130 
0.488870 0.335616 0.093703 0.081811 
0.132005 0.036164 0.636603 0.195229 
0.165295 0.020218 0.402934 0.411552 
0.135021 0.271391 0.545337 0.048251 
0.117748 0.001661 0.135746 0.744845 
0.452581 0.302335 0.052505 0.192579 
0.491940 0.214032 0.094988 0.199040 
0.176812 0.434729 0.049254 0.339205 
0.596904 0.232892 0.044434 0.125770 
0.347258 0.122212 0.401977 0.128553 
0.103687 0.152388 0.323110 0.420815 
0.429474 0.068023 0.363217 0.139285 
0.237350 0.081252 0.310149 0.371249 
0.715668 0.143962 0.098838 0.041532 
0.140715 0.319676 0.019897 0.519712 
0.321991 0.465262 0.036246 0.176501 
0.075699 0.668900 0.079538 0.175863 
0.148655 0.374509 0.046117 0.430719 
0.277322 0.052542 0.129339 0.540796 
0.153381 0.047923 0.357751 0.440945 
0.764141 0.080586 0.033450 0.121823 
0.149850 0.128814 0.014449 0.706887 
0.177650 0.046233 0.157190 0.618926 
0.675148 0.032826 0.027967 0.264059 
0.636790 0.224831 0.058353 0.080026 
0.792968 0.088522 0.020491 0.098020 
0.355171 0.095861 0.443319 0.105649 
0.150325 0.112599 0.058018 0.679058 
0.113005 0.254646 0.158344 0.474005 
0.419230 0.203176 0.079689 0.297905 
0.514342 0.191149 0.079780 0.214729 
0.340351 0.169475 0.055322 0.434852 
0.624433 0.052141 0.024522 0.298903 
0.471610 0.136281 0.348153 0.043955 
0.208455 0.243301 0.006320 0.541925 
0.454675 0.045572 0.050957 0.448796 
0.170629 0.191717 0.025106 0.612548 
0.513057 0.109131 0.162224 0.215588 
0.170616 0.292730 0.007007 0.529648 
0.160520 0.560855 0.214102 0.064523 
0.503545 0.102409 0.086107 0.307939 
0.097888 0.076615 0.094333 0.731165 
0.367384 0.080034 0.321983 0.230599 
0.112684 0.086233 0.659978 0.141105 
0.554294 0.170924 0.022551 0.252232 
0.373755 0.346215 0.026001 0.254028 
0.111402 0.175153 0.226404 0.487042 
0.015263 0.010353 0.349308 0.625076 
0.267949 0.184078 0.103519 0.444454 
0.332468 0.065202 0.455168 0.147163 
0.662166 0.170410 0.114672 0.052753 
0.174647 0.064279 0.011566 0.749508 
0.724634 0.089538 0.163969 0.021860 
0.111248 0.626522 0.169191 0.093039 
0.137692 0.693241 0.011346 0.157721 
0.288299 0.332719 0.320409 0.058573 
0.131714 0.450790 0.052819 0.364676 
0.539088 0.108429 0.043956 0.308527 
0.605213 0.104159 0.091068 0.199560 
0.200635 0.201610 0.067091 0.530663 
0.069143 0.029247 0.527474 0.374135 
0.076255 0.122418 0.462265 0.339062 
0.179212 0.647305 0.106931 0.066553 
0.283995 0.038550 0.397439 0.280016 
0.010480 0.009678 0.607131 0.372711 
0.364974 0.152407 0.038547 0.444071 
0.291492 0.358268 0.108730 0.241510 
0.197127 0.295161 0.225919 0.281793 
0.177104 0.048988 0.148437 0.625472 
0.439899 0.182724 0.050264 0.327113 
0.300120 0.171321 0.032781 0.495779 
0.050923 0.154199 0.009893 0.784984 
0.346559 0.064039 0.007400 0.582002 
0.027133 0.079909 0.643194 0.249764 
0.312843 0.196488 0.025429 0.465239 
0.168966 0.084248 0.029291 0.717496 
0.290846 0.109466 0.070613 0.529075 
0.337436 0.003896 0.191994 0.466674 
0.209062 0.446682 0.038689 0.305566 
0.397427 0.183196 0.036281 0.383096 
0.004957 0.241275 0.741871 0.011897 
0.140194 0.744362 0.028726 0.086717 
0.356137 0.156615 0.170287 0.316961 
0.300475 0.031662 0.222262 0.445600 
0.155316 0.076364 0.066084 0.702237 
0.142517 0.067934 0.165960 0.623589 
0.210168 0.125435 0.653609 0.010788 
0.165961 0.391753 0.037722 0.404564 
0.118539 0.576692 0.033505 0.271263 
0.438515 0.215325 0.145790 0.200371 
0.277303 0.128221 0.003799 0.590677 
0.733947 0.112080 0.034299 0.119674 
0.214734 0.084867 0.227582 0.472817 
0.027707 0.630886 0.042992 0.298415 
0.113649 0.147468 0.069168 0.669715 
0.346176 0.122122 0.024566 0.507135 
0.397062 0.329743 0.035251 0.237944 
0.323596 0.028576 0.080462 0.567366 
0.594356 0.038057 0.108976 0.258610 
0.516310 0.110789 0.344283 0.028618 
0.124858 0.423778 0.167641 0.283723 
0.103502 0.028847 0.801412 0.066239 
0.481378 0.062864 0.064230 0.391529 
0.206710 0.243382 0.005592 0.544316 
0.772705 0.049697 0.084006 0.093592 
0.763450 0.144374 0.045732 0.046444 
0.170644 0.248271 0.062973 0.518112 
0.102343 0.642055 0.050998 0.204604 
0.219042 0.051903 0.701744 0.027312 
0.176077 0.153598 0.235526 0.434799 
0.690451 0.170450 0.050943 0.088156 
0.801351 0.112185 0.035057 0.051408 
0.087120 0.002089 0.779292 0.131499 
0.262925 0.088927 0.140279 0.507869 
0.401931 0.086605 0.025573 0.485891 
0.419912 0.225806 0.056306 0.297976 
0.056174 0.332570 0.244497 0.366760 
0.372239 0.075801 0.203428 0.348532 
0.296075 0.151209 0.036212 0.516504 
0.251271 0.147208 0.533559 0.067961 
0.506909 0.225706 0.227714 0.039670 
0.113462 0.729383 0.038718 0.118437 
0.048955 0.007375 0.746007 0.197663 
0.403833 0.300208 0.046316 0.249642 
0.282985 0.060422 0.089732 0.566861 
0.590155 0.099515 0.044666 0.265664 
0.166990 0.652390 0.074696 0.105924 
0.262945 0.311647 0.054099 0.371309 
0.413551 0.157251 0.110523 0.318675 
0.110793 0.084760 0.006400 0.798047 
0.598570 0.232392 0.053690 0.115348 
0.216170 0.176008 0.474900 0.132922 
0.245241 0.077126 0.007819 0.669815 
0.094378 0.436539 0.011576 0.457507 
0.550548 0.032407 0.011808 0.405238 
0.016596 0.090738 0.113553 0.779113 
0.374467 0.082047 0.386313 0.157173 
0.592300 0.118521 0.021266 0.267912 
0.228392 0.246837 0.007645 0.517125 
0.088195 0.026172 0.070574 0.815059 
0.415163 0.287875 0.175373 0.121589 
0.377440 0.273534 0.162067 0.186959 
0.075833 0.030953 0.563893 0.329321 
0.092661 0.153980 0.178708 0.574651 
0.324399 0.072685 0.135341 0.467575 
0.249553 0.525939 0.054574 0.169934 
0.180240 0.046663 0.027478 0.745619 
0.300937 0.071060 0.275008 0.352995 
0.696218 0.084733 0.051741 0.167308 
0.080231 0.113855 0.122285 0.683629 
0.407231 0.151170 0.111773 0.329827 
0.346192 0.348402 0.172594 0.132813 
0.534385 0.041153 0.022548 0.401914 
0.563951 0.289364 0.091706 0.054979 
0.496927 0.114109 0.090025 0.298939 
0.403662 0.188063 0.003401 0.404874 
0.105327 0.160912 0.003711 0.730050 
0.260369 0.067149 0.010767 0.661714 
0.511647 0.092376 0.014014 0.381963 
0.421134 0.068851 0.035733 0.474283 
0.688048 0.093411 0.030483 0.188059 
0.058202 0.302621 0.156095 0.483082 
0.675117 0.118954 0.118598 0.087332 
0.166780 0.179596 0.433209 0.220416 
0.319192 0.164594 0.266634 0.249580 
0.106333 0.233761 0.585623 0.074283 
0.685573 0.124102 0.115304 0.075021 
0.507642 0.131238 0.103900 0.257220 
0.756326 0.094465 0.069670 0.079539 
0.406101 0.157579 0.040951 0.395368 
0.608785 0.010761 0.231623 0.148831 
0.789116 0.062332 0.113838 0.034714 
0.114631 0.731308 0.062999 0.091062 
0.068198 0.002135 0.797757 0.131911 
0.101874 0.051758 0.667748 0.178620 
0.116838 0.267996 0.546290 0.068876 
0.688728 0.025380 0.040646 0.245246 
0.164424 0.193080 0.147597 0.494899 
0.339117 0.184988 0.053985 0.421911 
0.065152 0.690516 0.017184 0.227148 
0.180321 0.099123 0.116377 0.604179 
0.354737 0.305705 0.014828 0.324731 
0.551130 0.140346 0.214503 0.094022 
0.175522 0.708186 0.075660 0.040633 
0.395791 0.046523 0.061116 0.496570 
0.484032 0.097707 0.075292 0.342969 
0.121347 0.065052 0.109474 0.704128 
0.206993 0.037908 0.002114 0.752985 
0.111787 0.117163 0.074560 0.696489 
0.432183 0.386543 0.033127 0.148146 
0.090166 0.538841 0.176547 0.194446 
0.505134 0.151651 0.034260 0.308955 
0.770643 0.015858 0.048105 0.165394 
0.267945 0.085281 0.028973 0.617801 
0.598098 0.121596 0.176449 0.103856 
0.135412 0.235635 0.064140 0.564813 
0.504033 0.097649 0.255778 0.142540 
0.118378 0.027365 0.151691 0.702566 
0.782108 0.070665 0.103527 0.043699 
0.284777 0.247391 0.078171 0.389660 
0.145111 0.127793 0.124350 0.602745 
0.134862 0.055279 0.700734 0.109126 
0.505329 0.117772 0.055143 0.321755 
0.099317 0.619072 0.085721 0.195890 
0.565018 0.199395 0.106817 0.128771 
0.126023 0.619023 0.101551 0.153403 
0.213914 0.092554 0.115121 0.578411 
0.669976 0.191430 0.124022 0.014571 
0.120385 0.623354 0.062900 0.193361 
0.351937 0.423569 0.120752 0.103742 
0.319667 0.243581 0.303449 0.133302 
0.236999 0.281444 0.027529 0.454029 
0.120335 0.429407 0.050874 0.399383 
0.321868 0.251957 0.309383 0.116792 
0.290436 0.010602 0.524031 0.174931 
0.383249 0.159035 0.026742 0.430975 
0.104648 0.361379 0.041686 0.492287 
0.860945 0.019539 0.049921 0.069595 
0.064289 0.493846 0.027354 0.414511 
0.198713 0.025115 0.017320 0.758852 
0.260428 0.271616 0.029730 0.438226 
0.272924 0.312688 0.028952 0.385436 
0.145119 0.555009 0.047696 0.252176 
0.181368 0.210625 0.003810 0.604196 
0.096934 0.004864 0.878934 0.019269 
0.118139 0.695641 0.113081 0.073138 
0.426420 0.157877 0.127412 0.288291 
0.132342 0.742422 0.038001 0.087235 
0.228914 0.075375 0.171349 0.524362 
0.578498 0.120342 0.070417 0.230744 
0.191302 0.019980 0.706262 0.082456 
0.132810 0.188153 0.241287 0.437750 
0.192207 0.028588 0.572030 0.207175 
0.089825 0.049401 0.690024 0.170750 
0.814336 0.014789 0.096996 0.073880 
0.450745 0.157127 0.051817 0.340310 
0.174623 0.028425 0.141910 0.655042 
0.384255 0.183277 0.060884 0.371584 
0.226345 0.246003 0.015752 0.511899 
0.190832 0.323648 0.279139 0.206381 
0.102399 0.270950 0.009257 0.617394 
0.484197 0.234891 0.111109 0.169803 
0.059575 0.326210 0.049368 0.564847 
0.157856 0.148238 0.036122 0.657784 
0.038049 0.195098 0.185807 0.581046 
0.072740 0.610879 0.161105 0.155276 
0.107435 0.195955 0.256539 0.440071 
0.057521 0.154835 0.108263 0.679381 
0.106637 0.301440 0.392386 0.199537 
0.365909 0.003196 0.132905 0.497990 
0.104458 0.237437 0.061053 0.597051 
0.463385 0.259155 0.029959 0.247501 
0.231738 0.033562 0.380598 0.354102 
0.178985 0.236031 0.166043 0.418942 
0.405588 0.049146 0.047969 0.497297 
0.387520 0.177428 0.029345 0.405707 
0.270064 0.103329 0.355720 0.270888 
0.171846 0.443156 0.014415 0.370583 
0.340849 0.093802 0.335623 0.229726 
0.321397 0.372411 0.018639 0.287553 
0.139309 0.049686 0.806834 0.004171 
0.029482 0.164210 0.273246 0.533062 
0.788541 0.043415 0.039871 0.128173 
0.655693 0.057014 0.250644 0.036648 
0.403355 0.110794 0.132187 0.353664 
0.391092 0.220920 0.360860 0.027128 
0.482472 0.246272 0.058688 0.212568 
0.144267 0.282603 0.349441 0.223689 
0.299651 0.156251 0.020881 0.523217 
0.096710 0.038261 0.303038 0.561990 
0.519080 0.103669 0.216361 0.160890 
0.185157 0.149753 0.047623 0.617467 
0.312977 0.078753 0.148832 0.459438 
0.545681 0.014815 0.157586 0.281919 
0.134984 0.006354 0.548840 0.309822 
0.271625 0.079798 0.089171 0.559406 
0.026812 0.372699 0.583729 0.016760 
0.011845 0.344027 0.186319 0.457809 
0.250217 0.134344 0.020918 0.594522 
0.363599 0.120775 0.069208 0.446418 
0.261244 0.038191 0.049307 0.651259 
0.080247 0.026951 0.246700 0.646101 
0.031202 0.073770 0.115294 0.779734 
0.264782 0.302706 0.003654 0.428858 
0.214254 0.083825 0.337927 0.363993 
0.656508 0.100769 0.133018 0.109705 
0.115532 0.453329 0.401697 0.029442 
0.015187 0.691159 0.120509 0.173145 
0.178772 0.095898 0.036641 0.688690 
0.636954 0.091832 0.054838 0.216375 
0.034682 0.029413 0.191033 0.744873 
0.522262 0.132737 0.228760 0.116241 
0.106137 0.084655 0.002401 0.806807 
0.194925 0.263894 0.107073 0.434107 
0.122998 0.106927 0.403809 0.366265 
0.157627 0.504111 0.230824 0.107438 
0.496115 0.349886 0.085065 0.068934 
0.582161 0.056405 0.034483 0.326951 
0.451407 0.019163 0.511526 0.017904 
0.198642 0.329461 0.005900 0.465997 
0.212898 0.007101 0.748610 0.031391 
0.263591 0.048497 0.019551 0.668361 
0.188326 0.040845 0.412587 0.358242 
0.376354 0.056962 0.374898 0.191786 
0.068400 0.113088 0.395859 0.422653 
0.040762 0.076456 0.030008 0.852774 
0.054478 0.016874 0.513838 0.414811 
0.472541 0.150191 0.226987 0.150281 
0.557731 0.168600 0.102840 0.170830 
0.099010 0.010372 0.717137 0.173480 
0.329921 0.281689 0.089207 0.299184 
0.136837 0.088213 0.093163 0.681786 
0.538882 0.046482 0.040915 0.373721 
1.37554 0.913178 0.792325 1.42218 
