-453872.088761
-453872.088761
-449830.735103
-449830.735103
-448292.721803
-448292.721803
-447183.660392
-447183.660392
-446141.940858
-446141.940858
-444907.943317
-444907.943317
-443160.734481
-443160.734481
-440495.778599
-440495.778599
-436675.711305
-436675.711305
-427704.561751
-427704.561751
-423732.506014
-423732.506014
-418442.800995
-418442.800995
-416141.250501
-416141.250501
-408888.763302
-408888.763302
-407718.883528
-407718.883528
-406908.043436
-406908.043436
-406329.306534
-406329.306534
-405884.849162
-405884.849162
-405513.937761
-405513.937761
-405183.891539
-405183.891539
-403841.504880
-403841.504880
-403569.821556
-403569.821556
-403320.504764
-403320.504764
-403095.796766
-403095.796766
-402896.091461
-402896.091461
-402720.575277
-402720.575277
-402566.788140
-402566.788140
-402431.963497
-402431.963497
-402313.299298
-402313.299298
-402207.879750
-402207.879750
-402113.143950
-402113.143950
-402026.334417
-402026.334417
-401947.326431
-401947.326431
-400819.329125
-400819.329125
-400750.622335
-400750.622335
-400690.951783
-400690.951783
-400638.622506
-400638.622506
-399571.063333
-399571.063333
-399518.326742
-399518.326742
-399473.580818
-399473.580818
-399432.994897
-399432.994897
-399396.232491
-399396.232491
-399362.246630
-399362.246630
-399330.988637
-399330.988637
-399301.752833
-399301.752833
-399273.805921
-399273.805921
-398229.694385
-398229.694385
-398195.857051
-398195.857051
-398169.625394
-398169.625394
-398146.902742
-398146.902742
-398126.642406
-398126.642406
-398107.918660
-398107.918660
-398090.425737
-398090.425737
-398074.237839
-398074.237839
-398059.443820
-398059.443820
-398045.007008
-398045.007008
-398030.709540
-398030.709540
-398016.603172
-398016.603172
-398003.018985
-398003.018985
-397989.859865
-397989.859865
-397977.003314
-397977.003314
-397964.121733
-397964.121733
-397951.479939
-397951.479939
-397939.037467
-397939.037467
-397926.847856
-397926.847856
-397915.311182
-397915.311182
-397903.396105
-397903.396105
-397891.377746
-397891.377746
-397880.492145
-397880.492145
-397869.700508
-397869.700508
-396921.609944
-396921.609944
-396895.436315
-396895.436315
-396876.743935
-396876.743935
-396861.616610
-396861.616610
-396848.440410
-396848.440410
-396836.491928
-396836.491928
-396825.155516
-396825.155516
-396813.962463
-396813.962463
-396802.957413
-396802.957413
-396792.175441
-396792.175441
-396781.091678
-396781.091678
-396769.740791
-396769.740791
-395804.427809
-395804.427809
-395766.053651
-395766.053651
-395744.397898
-395744.397898
-395729.210692
-395729.210692
-395717.184070
-395717.184070
-395706.997233
-395706.997233
-395698.067907
-395698.067907
-395689.949260
-395689.949260
-395682.023860
-395682.023860
-395674.167822
-395674.167822
-395666.543329
-395666.543329
-395659.094102
-395659.094102
-395652.465367
-395652.465367
-395646.437717
-395646.437717
-395640.573054
-395640.573054
-395634.531688
-395634.531688
-395628.118397
-395628.118397
-395621.633388
-395621.633388
-395615.866925
-395615.866925
-395610.140173
-395610.140173
-395604.273415
-395604.273415
-395598.753359
-395598.753359
-395593.317140
-395593.317140
-395587.639513
-395587.639513
-395581.789578
-395581.789578
-395576.285961
-395576.285961
-395571.922151
-395571.922151
-395567.916722
-395567.916722
-395563.877825
-395563.877825
-395559.701573
-395559.701573
-395555.390976
-395555.390976
-395551.159937
-395551.159937
-395546.852189
-395546.852189
-395542.565427
-395542.565427
-395537.666391
-395537.666391
-395533.181148
-395533.181148
-395527.241163
-395527.241163
-395522.041073
-395522.041073
-395516.922541
-395516.922541
-395511.802786
-395511.802786
-395506.856313
-395506.856313
-395502.338812
-395502.338812
-395498.050428
-395498.050428
-395493.658202
-395493.658202
-395488.822348
-395488.822348
-395483.418145
-395483.418145
-395478.490649
-395478.490649
-395473.955077
-395473.955077
-395469.643773
-395469.643773
-395465.042500
-395465.042500
-394763.782094
-394763.782094
-394718.717176
-394718.717176
-394687.257391
-394687.257391
-394662.646903
-394662.646903
-394642.089614
-394642.089614
-394624.206283
-394624.206283
-394608.374667
-394608.374667
-394594.956968
-394594.956968
-394583.463968
-394583.463968
-394573.494474
-394573.494474
-393699.092294
-393699.092294
-393662.786888
-393662.786888
-393642.595063
-393642.595063
-393629.139126
-393629.139126
-393618.903735
-393618.903735
-393610.309722
-393610.309722
-393602.785305
-393602.785305
-393595.596480
-393595.596480
-393588.272766
-393588.272766
-393581.644085
-393581.644085
-393576.042704
-393576.042704
-393570.933365
-393570.933365
-393565.839391
-393565.839391
-393560.471717
-393560.471717
-393554.935228
-393554.935228
-393549.640394
-393549.640394
-393544.836851
-393544.836851
-393540.514018
-393540.514018
-393536.548085
-393536.548085
-393532.837789
-393532.837789
-393529.075417
-393529.075417
-393525.021923
-393525.021923
-393521.013492
-393521.013492
-393517.311984
-393517.311984
-393513.621577
-393513.621577
-393509.870741
-393509.870741
-393506.029922
-393506.029922
-393502.062003
-393502.062003
-393498.078929
-393498.078929
-393494.137387
-393494.137387
-393490.477932
-393490.477932
-393486.606991
-393486.606991
-393482.375551
-393482.375551
-393478.119303
-393478.119303
-393474.005034
-393474.005034
-393471.061872
-393471.061872
-393468.250001
-393468.250001
-393465.306131
-393465.306131
-393462.189457
-393462.189457
-393459.045377
-393459.045377
-393455.635331
-393455.635331
-393452.415414
-393452.415414
-393449.329042
-393449.329042
-393445.866715
-393445.866715
-393441.857364
-393441.857364
-393437.987254
-393437.987254
-393434.642942
-393434.642942
-393431.573769
-393431.573769
-393428.454909
-393428.454909
-393425.326544
-393425.326544
-393422.215083
-393422.215083
-393418.768846
-393418.768846
-393415.361233
-393415.361233
-393412.520969
-393412.520969
-393409.885807
-393409.885807
-393407.316249
-393407.316249
-393404.427726
-393404.427726
-393401.521351
-393401.521351
-393398.603873
-393398.603873
-393395.722310
-393395.722310
-393393.139664
-393393.139664
-393391.108912
-393391.108912
-393388.993908
-393388.993908
-393386.691644
-393386.691644
-393384.190364
-393384.190364
-393381.298218
-393381.298218
-393378.377668
-393378.377668
-393375.583971
-393375.583971
-393373.053381
-393373.053381
-393370.860797
-393370.860797
-393368.751094
-393368.751094
-393366.457234
-393366.457234
-393363.859343
-393363.859343
-392424.267045
-392424.267045
-392407.224660
-392407.224660
-392398.208310
-392398.208310
-392391.833220
-392391.833220
-392387.157053
-392387.157053
-392383.084624
-392383.084624
-392379.081512
-392379.081512
-392375.721441
-392375.721441
-392372.243199
-392372.243199
-392368.480427
-392368.480427
-392365.685234
-392365.685234
-392363.810531
-392363.810531
-392361.908897
-392361.908897
-392359.775594
-392359.775594
-392357.962020
-392357.962020
-392355.896518
-392355.896518
-392353.287149
-392353.287149
-392350.447451
-392350.447451
-392346.943536
-392346.943536
-392344.639767
-392344.639767
-391779.799693
-391779.799693
-391756.100272
-391756.100272
-391743.683561
-391743.683561
-391735.598467
-391735.598467
-391729.789198
-391729.789198
-391725.277776
-391725.277776
-391721.273311
-391721.273311
-391717.784728
-391717.784728
-391714.662563
-391714.662563
-391711.700091
-391711.700091
-391709.013726
-391709.013726
-391706.219186
-391706.219186
-391703.415361
-391703.415361
-391700.961403
-391700.961403
-391698.789096
-391698.789096
-391696.786604
-391696.786604
-391694.745846
-391694.745846
-391693.091395
-391693.091395
-391691.929920
-391691.929920
-391690.841056
-391690.841056
-391689.747018
-391689.747018
-391688.618034
-391688.618034
-391687.405802
-391687.405802
-391686.020972
-391686.020972
-391684.372259
-391684.372259
-391682.836551
-391682.836551
-391681.780574
-391681.780574
-391681.021427
-391681.021427
-391680.333755
-391680.333755
-391679.677108
-391679.677108
-391679.028887
-391679.028887
-391678.380296
-391678.380296
-391677.722414
-391677.722414
-391677.040962
-391677.040962
-391676.309987
-391676.309987
-391675.484222
-391675.484222
-391674.565827
-391674.565827
-391673.829024
-391673.829024
-391673.205457
-391673.205457
-391672.569815
-391672.569815
-391671.898504
-391671.898504
-391671.163098
-391671.163098
-391670.305563
-391670.305563
-391669.241168
-391669.241168
-391668.318640
-391668.318640
-391667.671285
-391667.671285
-391666.987071
-391666.987071
-391666.234794
-391666.234794
-391665.372200
-391665.372200
-391664.313341
-391664.313341
-391662.955444
-391662.955444
-391661.718412
-391661.718412
-391660.402977
-391660.402977
-391658.794354
-391658.794354
-391657.198327
-391657.198327
-391655.723343
-391655.723343
-391654.938839
-391654.938839
-391654.191836
-391654.191836
-391653.352226
-391653.352226
-391652.386092
-391652.386092
-391651.261089
-391651.261089
-391649.855003
-391649.855003
-391648.061849
-391648.061849
-391646.756942
-391646.756942
-391645.860078
-391645.860078
-391645.079860
-391645.079860
-391644.387154
-391644.387154
-391643.587109
-391643.587109
-391642.625206
-391642.625206
-391641.452705
-391641.452705
-391640.039776
-391640.039776
-391638.577930
-391638.577930
-391637.754543
-391637.754543
-391637.276611
-391637.276611
-391636.838754
-391636.838754
-391636.365833
-391636.365833
-391635.793662
-391635.793662
-391635.073275
-391635.073275
-391634.362740
-391634.362740
-391633.863127
-391633.863127
-391633.421026
-391633.421026
-391633.004491
-391633.004491
-391632.537920
-391632.537920
-391631.964377
-391631.964377
-391631.186172
-391631.186172
-391630.090483
-391630.090483
-391629.238249
-391629.238249
-391628.434348
-391628.434348
-391627.750299
-391627.750299
-391627.131797
-391627.131797
-391626.370519
-391626.370519
-391625.402481
-391625.402481
-391624.240756
-391624.240756
-391623.079327
-391623.079327
-391621.782667
-391621.782667
-391620.164049
-391620.164049
-391619.006308
-391619.006308
-391618.569997
-391618.569997
-391618.137740
-391618.137740
-391617.634207
-391617.634207
-391617.018424
-391617.018424
-391616.216864
-391616.216864
-391615.118729
-391615.118729
-391613.868166
-391613.868166
-391612.466538
-391612.466538
-391611.059272
-391611.059272
-391610.404134
-391610.404134
-391609.873977
-391609.873977
-391609.185988
-391609.185988
-391608.255130
-391608.255130
-391607.392223
-391607.392223
-391606.846389
-391606.846389
-391606.240307
-391606.240307
-391605.443247
-391605.443247
-391604.403341
-391604.403341
-391603.373818
-391603.373818
-391602.120497
-391602.120497
-391601.153403
-391601.153403
-391599.933280
-391599.933280
-391598.712592
-391598.712592
-391597.956938
-391597.956938
-391597.630115
-391597.630115
-391597.301921
-391597.301921
-391596.888769
-391596.888769
-391596.325248
-391596.325248
-391595.603950
-391595.603950
-391595.085242
-391595.085242
-391594.514897
-391594.514897
-391594.023397
-391594.023397
-391593.875353
-391593.875353
-391593.728994
-391593.728994
-391593.559596
-391593.559596
-391593.354367
-391593.354367
-391593.090764
-391593.090764
-391592.723727
-391592.723727
-391592.166954
-391592.166954
-391591.449629
-391591.449629
-391590.872656
-391590.872656
-391590.323330
-391590.323330
-391590.150350
-391590.150350
-391589.971818
-391589.971818
-391589.731056
-391589.731056
-391589.369851
-391589.369851
-391588.861327
-391588.861327
-391588.634208
-391588.634208
-391588.583490
-391588.583490
-391588.535069
-391588.535069
-391588.486345
-391588.486345
-391588.437044
-391588.437044
-391588.386999
-391588.386999
-391588.336048
-391588.336048
-391588.284007
-391588.284007
-391588.230662
-391588.230662
-391588.175765
-391588.175765
-391588.119017
-391588.119017
-391588.060050
-391588.060050
-391587.998407
-391587.998407
-391587.933503
-391587.933503
-391587.864569
-391587.864569
-391587.790570
-391587.790570
-391587.710059
-391587.710059
-391587.620939
-391587.620939
-391587.520028
-391587.520028
-391587.402229
-391587.402229
-391587.258859
-391587.258859
-391587.074195
-391587.074195
-391586.819473
-391586.819473
-391586.460563
-391586.460563
-391586.099943
-391586.099943
-391585.914671
-391585.914671
-391585.759231
-391585.759231
-391585.603346
-391585.603346
-391585.462676
-391585.462676
-391585.343762
-391585.343762
-391585.230490
-391585.230490
-391585.108432
-391585.108432
-391584.970544
-391584.970544
-391584.810742
-391584.810742
-391584.620638
-391584.620638
-391584.386773
-391584.386773
-391584.085109
-391584.085109
-391583.666610
-391583.666610
-391583.013389
-391583.013389
-391581.886406
-391581.886406
-391580.724633
-391580.724633
-391579.860378
-391579.860378
-391579.463923
-391579.463923
-391579.165206
-391579.165206
-391578.817467
-391578.817467
-391578.401917
-391578.401917
-391577.907012
-391577.907012
-391577.244992
-391577.244992
-391576.746550
-391576.746550
-391576.556289
-391576.556289
-391576.474948
-391576.474948
-391576.412579
-391576.412579
-391576.347350
-391576.347350
-391576.277285
-391576.277285
-391576.200720
-391576.200720
-391576.115324
-391576.115324
-391576.017540
-391576.017540
-391575.901533
-391575.901533
-391575.756832
-391575.756832
-391575.562156
-391575.562156
-391575.265840
-391575.265840
-391574.709620
-391574.709620
-391573.814575
-391573.814575
-391573.224732
-391573.224732
-391572.982911
-391572.982911
-391572.932331
-391572.932331
-391572.885048
-391572.885048
-391572.836772
-391572.836772
-391572.787215
-391572.787215
-391572.736132
-391572.736132
-391572.683244
-391572.683244
-391572.628229
-391572.628229
-391572.570710
-391572.570710
-391572.510237
-391572.510237
-391572.446264
-391572.446264
-391572.378117
-391572.378117
-391572.304950
-391572.304950
-391572.225678
-391572.225678
-391572.138872
-391572.138872
-391572.042601
-391572.042601
-391571.934158
-391571.934158
-391571.809576
-391571.809576
-391571.662693
-391571.662693
-391571.483162
-391571.483162
-391571.251607
-391571.251607
-391570.925954
-391570.925954
-391570.400326
-391570.400326
-391569.569569
-391569.569569
-391569.243127
-391569.243127
-391569.086244
-391569.086244
-391568.931111
-391568.931111
-391568.769159
-391568.769159
-391568.578557
-391568.578557
-391568.328955
-391568.328955
-391567.970563
-391567.970563
-391567.395170
-391567.395170
-391566.414268
-391566.414268
-391565.544982
-391565.544982
-391565.368860
-391565.368860
-391565.272350
-391565.272350
-391565.165447
-391565.165447
-391565.040771
-391565.040771
-391564.890909
-391564.890909
-391564.703993
-391564.703993
-391564.459149
-391564.459149
-391564.116680
-391564.116680
-391563.599957
-391563.599957
-391562.853413
-391562.853413
-391562.430972
-391562.430972
-391562.368236
-391562.368236
-391562.325085
-391562.325085
-391562.281038
-391562.281038
-391562.234102
-391562.234102
-391562.183351
-391562.183351
-391562.127786
-391562.127786
-391562.066101
-391562.066101
-391561.996494
-391561.996494
-391561.916393
-391561.916393
-391561.821967
-391561.821967
-391561.707219
-391561.707219
-391561.562135
-391561.562135
-391561.368491
-391561.368491
-391561.088922
-391561.088922
-391560.633956
-391560.633956
-391559.804259
-391559.804259
-391559.072837
-391559.072837
-391558.754823
-391558.754823
-391558.664942
-391558.664942
-391558.600486
-391558.600486
-391558.531049
-391558.531049
-391558.454265
-391558.454265
-391558.368247
-391558.368247
-391558.270489
-391558.270489
-391558.157463
-391558.157463
-391558.023984
-391558.023984
-391557.862080
-391557.862080
-391557.659015
-391557.659015
-391557.395044
-391557.395044
-391557.052013
-391557.052013
-391556.687207
-391556.687207
-391556.422023
-391556.422023
-391556.142030
-391556.142030
-391555.740792
-391555.740792
-391555.123071
-391555.123071
-391554.569083
-391554.569083
-391554.377148
-391554.377148
-391554.267824
-391554.267824
-391554.187949
-391554.187949
-391554.113666
-391554.113666
-391554.032496
-391554.032496
-391553.938262
-391553.938262
-391553.825204
-391553.825204
-391553.684956
-391553.684956
-391553.503893
-391553.503893
-391553.260006
-391553.260006
-391552.930285
-391552.930285
-391552.569045
-391552.569045
-391552.292270
-391552.292270
-391551.931197
-391551.931197
-391551.263712
-391551.263712
-391550.739760
-391550.739760
-391550.686218
-391550.686218
-391550.638223
-391550.638223
-391550.585622
-391550.585622
-391550.526770
-391550.526770
-391550.459922
-391550.459922
-391550.382664
-391550.382664
-391550.291454
-391550.291454
-391550.180788
-391550.180788
-391550.041454
-391550.041454
-391549.856480
-391549.856480
-391549.590748
-391549.590748
-391549.167646
-391549.167646
-391548.563276
-391548.563276
-391548.314859
-391548.314859
-391548.172630
-391548.172630
-391547.973931
-391547.973931
-391547.714553
-391547.714553
-391547.531289
-391547.531289
-391547.495580
-391547.495580
-391547.480710
-391547.480710
-391547.467337
-391547.467337
-391547.454897
-391547.454897
-391547.443087
-391547.443087
-391547.431616
-391547.431616
-391547.420219
-391547.420219
-391547.408664
-391547.408664
-391547.396748
-391547.396748
-391547.384281
-391547.384281
-391547.371080
-391547.371080
-391547.356947
-391547.356947
-391547.341664
-391547.341664
-391547.324971
-391547.324971
-391547.306555
-391547.306555
-391547.286018
-391547.286018
-391547.262853
-391547.262853
-391547.236386
-391547.236386
-391547.205710
-391547.205710
-391547.169558
-391547.169558
-391547.126104
-391547.126104
-391547.072602
-391547.072602
-391547.004697
-391547.004697
-391546.914994
-391546.914994
-391546.789761
-391546.789761
-391546.600441
-391546.600441
-391546.281372
-391546.281372
-391545.739669
-391545.739669
-391545.430783
-391545.430783
-391545.394508
-391545.394508
-391545.356933
-391545.356933
-391545.311806
-391545.311806
-391545.256120
-391545.256120
-391545.185571
-391545.185571
-391545.093220
-391545.093220
-391544.967022
-391544.967022
-391544.784488
-391544.784488
-391544.504336
-391544.504336
-391544.105839
-391544.105839
-391543.838917
-391543.838917
-391543.723906
-391543.723906
-391543.602163
-391543.602163
-391543.452965
-391543.452965
-391543.264932
-391543.264932
-391543.021825
-391543.021825
-391542.698937
-391542.698937
-391542.287717
-391542.287717
-391541.932290
-391541.932290
-391541.731395
-391541.731395
-391541.569353
-391541.569353
-391541.434700
-391541.434700
-391541.315963
-391541.315963
-391541.204719
-391541.204719
-391541.100089
-391541.100089
-391541.003009
-391541.003009
-391540.914246
-391540.914246
-391540.834133
-391540.834133
-391540.762609
-391540.762609
-391540.699291
-391540.699291
-391540.643577
-391540.643577
-391540.594722
-391540.594722
-391540.551921
-391540.551921
-391540.514362
-391540.514362
-391540.481269
-391540.481269
-391540.451928
-391540.451928
-391540.425702
-391540.425702
-391540.402035
-391540.402035
-391540.380452
-391540.380452
-391540.360558
-391540.360558
-391540.342024
-391540.342024
-391540.324588
-391540.324588
-391540.308040
-391540.308040
-391540.292214
-391540.292214
-391540.276980
-391540.276980
-391540.262229
-391540.262229
-391540.247862
-391540.247862
-391540.233771
-391540.233771
-391540.219824
-391540.219824
-391540.205844
-391540.205844
-391540.191594
-391540.191594
-391540.176750
-391540.176750
-391540.160878
-391540.160878
-391540.143392
-391540.143392
-391540.123486
-391540.123486
-391540.100011
-391540.100011
-391540.071262
-391540.071262
-391540.034571
-391540.034571
-391539.985521
-391539.985521
-391539.916300
-391539.916300
-391539.812109
-391539.812109
-391539.643719
-391539.643719
-391539.365708
-391539.365708
-391539.058270
-391539.058270
-391538.983653
-391538.983653
-391538.972743
-391538.972743
-391538.966649
-391538.966649
