-2202876.244216
-2202876.244216
-2196505.396061
-2196505.396061
-2192765.798822
-2192765.798822
-2189810.832197
-2189810.832197
-2186693.248953
-2186693.248953
-2181936.152560
-2181936.152560
-2172096.311582
-2172096.311582
-2150778.470754
-2150778.470754
-2117993.006395
-2117993.006395
-2049827.966117
-2049827.966117
-2034280.245028
-2034280.245028
-2020468.320772
-2020468.320772
-2008725.169010
-2008725.169010
-1999886.860386
-1999886.860386
-1993225.339740
-1993225.339740
-1988056.437511
-1988056.437511
-1984259.114375
-1984259.114375
-1978110.512396
-1978110.512396
-1976467.145342
-1976467.145342
-1975369.064448
-1975369.064448
-1974595.231393
-1974595.231393
-1974030.725527
-1974030.725527
-1973612.483996
-1973612.483996
-1973299.405913
-1973299.405913
-1973062.284708
-1973062.284708
-1972878.783616
-1972878.783616
-1972732.634210
-1972732.634210
-1972612.850636
-1972612.850636
-1972511.343275
-1972511.343275
-1968999.860137
-1968999.860137
-1968919.429175
-1968919.429175
-1968847.450681
-1968847.450681
-1968780.744692
-1968780.744692
-1968717.134103
-1968717.134103
-1968655.492190
-1968655.492190
-1968595.529322
-1968595.529322
-1968537.016023
-1968537.016023
-1968479.540430
-1968479.540430
-1968422.356038
-1968422.356038
-1968364.794919
-1968364.794919
-1968307.401886
-1968307.401886
-1968250.370863
-1968250.370863
-1968193.790697
-1968193.790697
-1968136.975404
-1968136.975404
-1968080.103184
-1968080.103184
-1968023.138510
-1968023.138510
-1967965.929411
-1967965.929411
-1967907.999195
-1967907.999195
-1967849.609085
-1967849.609085
-1967791.419344
-1967791.419344
-1967732.757999
-1967732.757999
-1967674.175158
-1967674.175158
-1967615.559428
-1967615.559428
-1967557.636062
-1967557.636062
-1967500.300780
-1967500.300780
-1967443.089145
-1967443.089145
-1967386.005764
-1967386.005764
-1967329.022734
-1967329.022734
-1967272.426800
-1967272.426800
-1967216.735407
-1967216.735407
-1967161.186011
-1967161.186011
-1967106.491332
-1967106.491332
-1967053.010424
-1967053.010424
-1967000.239608
-1967000.239608
-1966948.180140
-1966948.180140
-1966896.840589
-1966896.840589
-1966845.994276
-1966845.994276
-1966797.088956
-1966797.088956
-1963488.987318
-1963488.987318
-1963430.628345
-1963430.628345
-1963382.669086
-1963382.669086
-1963339.272321
-1963339.272321
-1963298.552800
-1963298.552800
-1963259.838240
-1963259.838240
-1963222.887066
-1963222.887066
-1963187.401022
-1963187.401022
-1963152.771716
-1963152.771716
-1963118.625312
-1963118.625312
-1963085.612317
-1963085.612317
-1963053.572968
-1963053.572968
-1963022.522564
-1963022.522564
-1962992.232714
-1962992.232714
-1962962.549062
-1962962.549062
-1962933.404485
-1962933.404485
-1962904.788173
-1962904.788173
-1962876.298054
-1962876.298054
-1962848.312629
-1962848.312629
-1962820.916834
-1962820.916834
-1962793.871285
-1962793.871285
-1962767.212267
-1962767.212267
-1962740.230364
-1962740.230364
-1962714.625619
-1962714.625619
-1962687.796177
-1962687.796177
-1962663.112007
-1962663.112007
-1962638.828213
-1962638.828213
-1962614.517489
-1962614.517489
-1962590.543899
-1962590.543899
-1962566.889116
-1962566.889116
-1962543.063811
-1962543.063811
-1962519.265912
-1962519.265912
-1962495.513860
-1962495.513860
-1962471.881961
-1962471.881961
-1962448.419753
-1962448.419753
-1962424.941458
-1962424.941458
-1962401.890551
-1962401.890551
-1962379.406629
-1962379.406629
-1962357.305132
-1962357.305132
-1962335.991089
-1962335.991089
-1962314.923927
-1962314.923927
-1962293.540323
-1962293.540323
-1962272.587475
-1962272.587475
-1959249.761066
-1959249.761066
-1959170.796724
-1959170.796724
-1959123.735787
-1959123.735787
-1959089.535470
-1959089.535470
-1959062.270927
-1959062.270927
-1959038.352679
-1959038.352679
-1959016.310705
-1959016.310705
-1958995.614536
-1958995.614536
-1958975.770559
-1958975.770559
-1958956.521089
-1958956.521089
-1958937.341958
-1958937.341958
-1958918.372473
-1958918.372473
-1958900.321480
-1958900.321480
-1958882.114872
-1958882.114872
-1958863.718337
-1958863.718337
-1958845.746070
-1958845.746070
-1958828.034198
-1958828.034198
-1958810.868848
-1958810.868848
-1958794.649026
-1958794.649026
-1958778.525550
-1958778.525550
-1958762.326722
-1958762.326722
-1958746.813178
-1958746.813178
-1958732.072825
-1958732.072825
-1958717.503162
-1958717.503162
-1958703.247718
-1958703.247718
-1958689.192956
-1958689.192956
-1958675.851452
-1958675.851452
-1958662.374536
-1958662.374536
-1958648.854501
-1958648.854501
-1958635.274483
-1958635.274483
-1958621.793074
-1958621.793074
-1958608.679956
-1958608.679956
-1958595.879214
-1958595.879214
-1958583.043262
-1958583.043262
-1958569.757486
-1958569.757486
-1958555.858120
-1958555.858120
-1958542.260066
-1958542.260066
-1958528.877782
-1958528.877782
-1958515.651277
-1958515.651277
-1958502.231812
-1958502.231812
-1958488.791126
-1958488.791126
-1958475.480190
-1958475.480190
-1958462.474061
-1958462.474061
-1958448.927700
-1958448.927700
-1958435.770037
-1958435.770037
-1958422.966938
-1958422.966938
-1958410.624542
-1958410.624542
-1958398.493540
-1958398.493540
-1958386.726027
-1958386.726027
-1958374.985593
-1958374.985593
-1958362.860813
-1958362.860813
-1958350.860714
-1958350.860714
-1955366.150132
-1955366.150132
-1955297.822791
-1955297.822791
-1955255.405710
-1955255.405710
-1955225.613014
-1955225.613014
-1955202.243944
-1955202.243944
-1955182.487893
-1955182.487893
-1955165.936774
-1955165.936774
-1955151.404830
-1955151.404830
-1955137.775636
-1955137.775636
-1955124.849288
-1955124.849288
-1952032.047468
-1952032.047468
-1951934.357319
-1951934.357319
-1951891.234025
-1951891.234025
-1951866.538827
-1951866.538827
-1951849.066242
-1951849.066242
-1951834.917608
-1951834.917608
-1951822.490869
-1951822.490869
-1951811.290908
-1951811.290908
-1951800.865419
-1951800.865419
-1951790.796440
-1951790.796440
-1951780.840398
-1951780.840398
-1951771.123302
-1951771.123302
-1951762.230796
-1951762.230796
-1951753.729678
-1951753.729678
-1951745.262519
-1951745.262519
-1951736.911241
-1951736.911241
-1951728.463185
-1951728.463185
-1951720.410628
-1951720.410628
-1951712.114233
-1951712.114233
-1951703.705034
-1951703.705034
-1951696.115137
-1951696.115137
-1951689.123145
-1951689.123145
-1951681.994457
-1951681.994457
-1951674.629270
-1951674.629270
-1951667.259085
-1951667.259085
-1951659.727985
-1951659.727985
-1951652.391457
-1951652.391457
-1951644.904298
-1951644.904298
-1951638.046492
-1951638.046492
-1951631.289278
-1951631.289278
-1951624.421782
-1951624.421782
-1951618.145050
-1951618.145050
-1951612.066032
-1951612.066032
-1951605.768597
-1951605.768597
-1951599.370566
-1951599.370566
-1951593.175367
-1951593.175367
-1951586.703582
-1951586.703582
-1951579.901613
-1951579.901613
-1951572.893376
-1951572.893376
-1951565.327727
-1951565.327727
-1951558.101039
-1951558.101039
-1951551.123206
-1951551.123206
-1951543.921396
-1951543.921396
-1951536.730472
-1951536.730472
-1951529.852628
-1951529.852628
-1951523.038911
-1951523.038911
-1951516.445710
-1951516.445710
-1951510.642195
-1951510.642195
-1951505.375667
-1951505.375667
-1951500.273836
-1951500.273836
-1951495.048842
-1951495.048842
-1951489.443182
-1951489.443182
-1951483.433353
-1951483.433353
-1951477.200430
-1951477.200430
-1951470.319096
-1951470.319096
-1951463.629151
-1951463.629151
-1951457.778151
-1951457.778151
-1951452.117600
-1951452.117600
-1951446.162721
-1951446.162721
-1951439.848290
-1951439.848290
-1951433.675828
-1951433.675828
-1951427.630326
-1951427.630326
-1951421.613669
-1951421.613669
-1951415.947988
-1951415.947988
-1951410.310733
-1951410.310733
-1951404.345675
-1951404.345675
-1951398.168072
-1951398.168072
-1951392.304277
-1951392.304277
-1951386.202176
-1951386.202176
-1951379.667345
-1951379.667345
-1951372.705036
-1951372.705036
-1951366.142899
-1951366.142899
-1951359.812051
-1951359.812051
-1951352.950495
-1951352.950495
-1951346.300310
-1951346.300310
-1951340.277338
-1951340.277338
-1951334.718669
-1951334.718669
-1951328.776638
-1951328.776638
-1951322.547845
-1951322.547845
-1951316.231546
-1951316.231546
-1951309.424894
-1951309.424894
-1951301.859883
-1951301.859883
-1951293.259908
-1951293.259908
-1951284.748382
-1951284.748382
-1951277.580551
-1951277.580551
-1951269.614707
-1951269.614707
-1951263.246961
-1951263.246961
-1951256.946545
-1951256.946545
-1951251.276086
-1951251.276086
-1951246.054333
-1951246.054333
-1951240.796371
-1951240.796371
-1951235.380977
-1951235.380977
-1951229.687719
-1951229.687719
-1951223.707598
-1951223.707598
-1951217.852041
-1951217.852041
-1951212.142720
-1951212.142720
-1951206.752146
-1951206.752146
-1951201.403849
-1951201.403849
-1951195.960166
-1951195.960166
-1951190.329975
-1951190.329975
-1951184.480020
-1951184.480020
-1951178.248158
-1951178.248158
-1951172.611233
-1951172.611233
-1951167.392221
-1951167.392221
-1951161.861571
-1951161.861571
-1951156.039465
-1951156.039465
-1951150.744944
-1951150.744944
-1951145.353839
-1951145.353839
-1951139.579357
-1951139.579357
-1951133.541521
-1951133.541521
-1948147.688381
-1948147.688381
-1948094.376975
-1948094.376975
-1948062.064008
-1948062.064008
-1948039.961223
-1948039.961223
-1948023.954418
-1948023.954418
-1948011.338920
-1948011.338920
-1948000.673113
-1948000.673113
-1947991.514663
-1947991.514663
-1947983.311508
-1947983.311508
-1947975.249432
-1947975.249432
-1947967.515129
-1947967.515129
-1947961.135899
-1947961.135899
-1947955.145901
-1947955.145901
-1947949.300240
-1947949.300240
-1947943.383579
-1947943.383579
-1947937.307226
-1947937.307226
-1947931.112980
-1947931.112980
-1947924.820967
-1947924.820967
-1947918.377057
-1947918.377057
-1947911.908591
-1947911.908591
-1947905.250701
-1947905.250701
-1947899.559179
-1947899.559179
-1947894.623832
-1947894.623832
-1947889.826123
-1947889.826123
-1947884.890260
-1947884.890260
-1947879.776813
-1947879.776813
-1947874.613119
-1947874.613119
-1947869.710478
-1947869.710478
-1947865.141760
-1947865.141760
-1947860.870911
-1947860.870911
-1947856.620978
-1947856.620978
-1947852.456995
-1947852.456995
-1947848.294251
-1947848.294251
-1947844.052205
-1947844.052205
-1947839.525243
-1947839.525243
-1947835.200722
-1947835.200722
-1947831.206434
-1947831.206434
-1947826.987097
-1947826.987097
-1947822.356858
-1947822.356858
-1947817.653675
-1947817.653675
-1947813.414480
-1947813.414480
-1947809.143066
-1947809.143066
-1947804.739762
-1947804.739762
-1947799.987239
-1947799.987239
-1947795.580731
-1947795.580731
-1947791.196616
-1947791.196616
-1947786.630952
-1947786.630952
-1947782.099472
-1947782.099472
-1947777.958979
-1947777.958979
-1947773.681896
-1947773.681896
-1947769.167974
-1947769.167974
-1947764.341333
-1947764.341333
-1947759.405382
-1947759.405382
-1947754.938804
-1947754.938804
-1945044.430893
-1945044.430893
-1944958.757767
-1944958.757767
-1944908.855177
-1944908.855177
-1944874.875853
-1944874.875853
-1944849.909692
-1944849.909692
-1944830.661068
-1944830.661068
-1944814.760792
-1944814.760792
-1944800.817901
-1944800.817901
-1944788.986337
-1944788.986337
-1944778.884740
-1944778.884740
-1944770.225031
-1944770.225031
-1944762.410439
-1944762.410439
-1944755.081207
-1944755.081207
-1944747.992417
-1944747.992417
-1944740.996263
-1944740.996263
-1944734.266472
-1944734.266472
-1944727.958312
-1944727.958312
-1944721.835415
-1944721.835415
-1944715.860421
-1944715.860421
-1944710.183105
-1944710.183105
-1944704.517749
-1944704.517749
-1944698.642820
-1944698.642820
-1944692.502058
-1944692.502058
-1944686.338503
-1944686.338503
-1944680.327808
-1944680.327808
-1944674.511748
-1944674.511748
-1944669.065405
-1944669.065405
-1944664.006805
-1944664.006805
-1944659.588257
-1944659.588257
-1944655.216747
-1944655.216747
-1944650.654630
-1944650.654630
-1944646.078513
-1944646.078513
-1944641.376093
-1944641.376093
-1944636.619332
-1944636.619332
-1944631.969717
-1944631.969717
-1944627.569978
-1944627.569978
-1944623.514567
-1944623.514567
-1944619.492237
-1944619.492237
-1944615.420961
-1944615.420961
-1944611.266103
-1944611.266103
-1944607.004493
-1944607.004493
-1944602.584971
-1944602.584971
-1944598.035146
-1944598.035146
-1944593.668186
-1944593.668186
-1944589.214943
-1944589.214943
-1944584.437464
-1944584.437464
-1944579.374038
-1944579.374038
-1944574.541182
-1944574.541182
-1944569.751351
-1944569.751351
-1944565.205917
-1944565.205917
-1944560.670460
-1944560.670460
-1944555.855014
-1944555.855014
-1944550.603921
-1944550.603921
-1944545.862387
-1944545.862387
-1944541.369141
-1944541.369141
-1944537.136587
-1944537.136587
-1944532.936711
-1944532.936711
-1944528.478227
-1944528.478227
-1944523.777528
-1944523.777528
-1944519.069143
-1944519.069143
-1944514.301499
-1944514.301499
-1944509.153402
-1944509.153402
-1944503.538777
-1944503.538777
-1944497.293608
-1944497.293608
-1944490.119843
-1944490.119843
-1944483.757382
-1944483.757382
-1944478.899605
-1944478.899605
-1944474.557345
-1944474.557345
-1944470.096164
-1944470.096164
-1944465.469619
-1944465.469619
-1944460.540263
-1944460.540263
-1944455.368393
-1944455.368393
-1944451.276456
-1944451.276456
-1944447.391667
-1944447.391667
-1944443.325985
-1944443.325985
-1944438.917320
-1944438.917320
-1944434.107624
-1944434.107624
-1944429.434348
-1944429.434348
-1944424.960236
-1944424.960236
-1944420.914995
-1944420.914995
-1944416.671775
-1944416.671775
-1942149.922743
-1942149.922743
-1942035.385154
-1942035.385154
-1941970.260774
-1941970.260774
-1941926.170180
-1941926.170180
-1941893.580736
-1941893.580736
-1941867.916744
-1941867.916744
-1941846.801144
-1941846.801144
-1941828.908315
-1941828.908315
-1941813.435837
-1941813.435837
-1941799.485183
-1941799.485183
-1941786.564898
-1941786.564898
-1941774.802298
-1941774.802298
-1941763.876058
-1941763.876058
-1941754.003556
-1941754.003556
-1941744.652691
-1941744.652691
-1941735.711660
-1941735.711660
-1941726.805810
-1941726.805810
-1941717.940006
-1941717.940006
-1941709.086155
-1941709.086155
-1941700.031025
-1941700.031025
-1941691.168762
-1941691.168762
-1941682.197682
-1941682.197682
-1941673.316427
-1941673.316427
-1941664.823661
-1941664.823661
-1941656.495633
-1941656.495633
-1941647.839599
-1941647.839599
-1941639.059207
-1941639.059207
-1941630.797020
-1941630.797020
-1941623.099772
-1941623.099772
-1941615.043740
-1941615.043740
-1941607.649701
-1941607.649701
-1941600.368592
-1941600.368592
-1941593.904899
-1941593.904899
-1941587.976033
-1941587.976033
-1941581.996301
-1941581.996301
-1941575.942991
-1941575.942991
-1938667.707487
-1938667.707487
-1938607.537068
-1938607.537068
-1938572.203251
-1938572.203251
-1938548.636106
-1938548.636106
-1938530.875420
-1938530.875420
-1938516.334690
-1938516.334690
-1938504.490697
-1938504.490697
-1938494.260500
-1938494.260500
-1938485.015661
-1938485.015661
-1938476.412354
-1938476.412354
-1938468.092723
-1938468.092723
-1938460.062753
-1938460.062753
-1938452.926157
-1938452.926157
-1938446.112855
-1938446.112855
-1938439.573714
-1938439.573714
-1938433.177360
-1938433.177360
-1938426.874833
-1938426.874833
-1938420.636151
-1938420.636151
-1938414.364568
-1938414.364568
-1935991.199464
-1935991.199464
-1935813.527373
-1935813.527373
-1935714.884602
-1935714.884602
-1935649.929952
-1935649.929952
-1935602.379983
-1935602.379983
-1935565.211598
-1935565.211598
-1935535.647624
-1935535.647624
-1935510.988050
-1935510.988050
-1935489.790676
-1935489.790676
-1935471.109362
-1935471.109362
-1935454.262394
-1935454.262394
-1935438.721100
-1935438.721100
-1935424.372654
-1935424.372654
-1935411.424947
-1935411.424947
-1935399.353820
-1935399.353820
-1935387.520894
-1935387.520894
-1935376.785156
-1935376.785156
-1935367.328212
-1935367.328212
-1935357.889108
-1935357.889108
-1935348.648752
-1935348.648752
-1935339.732667
-1935339.732667
-1935331.221610
-1935331.221610
-1935322.567211
-1935322.567211
-1935313.621584
-1935313.621584
-1935306.130760
-1935306.130760
-1935299.477172
-1935299.477172
-1935293.084331
-1935293.084331
-1935286.694293
-1935286.694293
-1935280.821437
-1935280.821437
-1935275.095991
-1935275.095991
-1935269.472154
-1935269.472154
-1935263.831365
-1935263.831365
-1935258.163531
-1935258.163531
-1935253.277784
-1935253.277784
-1935248.718140
-1935248.718140
-1935244.215035
-1935244.215035
-1935239.640777
-1935239.640777
-1935234.903062
-1935234.903062
-1935229.786752
-1935229.786752
-1935224.575613
-1935224.575613
-1935219.680973
-1935219.680973
-1935214.270093
-1935214.270093
-1935208.229712
-1935208.229712
-1935203.614918
-1935203.614918
-1935199.719192
-1935199.719192
-1935196.035017
-1935196.035017
-1932074.225744
-1932074.225744
-1932030.571068
-1932030.571068
-1932010.608554
-1932010.608554
-1931999.052512
-1931999.052512
-1931990.970761
-1931990.970761
-1931984.338505
-1931984.338505
-1931979.250167
-1931979.250167
-1931975.023066
-1931975.023066
-1931971.093230
-1931971.093230
-1931967.141337
-1931967.141337
-1931962.768419
-1931962.768419
-1931958.744943
-1931958.744943
-1931955.378431
-1931955.378431
-1931952.230332
-1931952.230332
-1931948.999556
-1931948.999556
-1931945.551059
-1931945.551059
-1931942.430531
-1931942.430531
-1931939.092381
-1931939.092381
-1931936.082204
-1931936.082204
-1931933.230229
-1931933.230229
-1931930.951168
-1931930.951168
-1931928.619888
-1931928.619888
-1931926.240304
-1931926.240304
-1931923.859933
-1931923.859933
-1931921.457552
-1931921.457552
-1931918.823171
-1931918.823171
-1931915.910907
-1931915.910907
-1931913.728603
-1931913.728603
-1931911.542069
-1931911.542069
-1931909.043645
-1931909.043645
-1931906.605227
-1931906.605227
-1931904.490596
-1931904.490596
-1931902.254216
-1931902.254216
-1931900.362343
-1931900.362343
-1931898.745708
-1931898.745708
-1931897.161645
-1931897.161645
-1931895.521932
-1931895.521932
-1931893.744897
-1931893.744897
-1931891.629985
-1931891.629985
-1931889.525996
-1931889.525996
-1931888.034675
-1931888.034675
-1931886.501936
-1931886.501936
-1931884.898814
-1931884.898814
-1931883.269768
-1931883.269768
-1931881.688260
-1931881.688260
-1931880.038398
-1931880.038398
-1931878.250749
-1931878.250749
-1931876.564726
-1931876.564726
-1931875.097120
-1931875.097120
-1931873.685625
-1931873.685625
-1931872.311590
-1931872.311590
-1931870.948829
-1931870.948829
-1931869.532286
-1931869.532286
-1931867.989175
-1931867.989175
-1931866.159667
-1931866.159667
-1931863.630731
-1931863.630731
-1931861.315285
-1931861.315285
-1931860.125039
-1931860.125039
-1931858.935895
-1931858.935895
-1931857.707229
-1931857.707229
-1931856.424576
-1931856.424576
-1931855.079989
-1931855.079989
-1931853.700847
-1931853.700847
-1931852.311963
-1931852.311963
-1931850.810564
-1931850.810564
-1931849.421625
-1931849.421625
-1931848.371393
-1931848.371393
-1931847.353009
-1931847.353009
-1931846.352026
-1931846.352026
-1931845.367508
-1931845.367508
-1931844.392808
-1931844.392808
-1931843.420639
-1931843.420639
-1931842.447154
-1931842.447154
-1931841.470656
-1931841.470656
-1931840.490019
-1931840.490019
-1931839.504118
-1931839.504118
-1931838.511681
-1931838.511681
-1931837.511223
-1931837.511223
-1931836.500986
-1931836.500986
-1931835.478850
-1931835.478850
-1931834.442156
-1931834.442156
-1931833.387304
-1931833.387304
-1930250.028568
-1930250.028568
-1930036.461707
-1930036.461707
-1929933.420048
-1929933.420048
-1929873.059931
-1929873.059931
-1929830.143059
-1929830.143059
-1929793.752309
-1929793.752309
-1929760.128073
-1929760.128073
-1929730.284314
-1929730.284314
-1929706.397888
-1929706.397888
-1929688.464600
-1929688.464600
-1929674.726789
-1929674.726789
-1929663.294971
-1929663.294971
-1929652.721679
-1929652.721679
-1929641.975327
-1929641.975327
-1929630.590616
-1929630.590616
-1929618.785733
-1929618.785733
-1929606.994384
-1929606.994384
-1929595.597721
-1929595.597721
-1929584.684127
-1929584.684127
-1929574.780254
-1929574.780254
-1929566.013279
-1929566.013279
-1929558.369814
-1929558.369814
-1929551.790491
-1929551.790491
-1929546.066621
-1929546.066621
-1929540.967243
-1929540.967243
-1929536.305040
-1929536.305040
-1929531.949301
-1929531.949301
-1929527.818470
-1929527.818470
-1929523.865389
-1929523.865389
-1929520.060970
-1929520.060970
-1929516.383350
-1929516.383350
-1929512.814745
-1929512.814745
-1929509.337295
-1929509.337295
-1929505.923580
-1929505.923580
-1929502.519857
-1929502.519857
-1929499.037749
-1929499.037749
-1929495.655623
-1929495.655623
-1929492.618534
-1929492.618534
-1929489.623211
-1929489.623211
-1929486.596164
-1929486.596164
-1929483.456927
-1929483.456927
-1929480.448086
-1929480.448086
-1929477.797044
-1929477.797044
-1929475.182579
-1929475.182579
-1929472.564236
-1929472.564236
-1929469.896547
-1929469.896547
-1929467.112119
-1929467.112119
-1929464.407569
-1929464.407569
-1929462.033488
-1929462.033488
-1929459.710139
-1929459.710139
-1929457.392333
-1929457.392333
-1929455.059604
-1929455.059604
-1929452.682627
-1929452.682627
-1929450.205104
-1929450.205104
-1929447.551527
-1929447.551527
-1929445.031650
-1929445.031650
-1929442.793990
-1929442.793990
-1929440.573861
-1929440.573861
-1929438.373006
-1929438.373006
-1929436.134621
-1929436.134621
-1929433.766779
-1929433.766779
-1929431.209629
-1929431.209629
-1929428.874402
-1929428.874402
-1929426.583327
-1929426.583327
-1929423.870007
-1929423.870007
-1929421.279585
-1929421.279585
-1929418.808743
-1929418.808743
-1929416.808834
-1929416.808834
-1929414.804682
-1929414.804682
-1929412.760837
-1929412.760837
-1929410.612639
-1929410.612639
-1929408.397849
-1929408.397849
-1929406.577403
-1929406.577403
-1929404.849759
-1929404.849759
-1929403.127086
-1929403.127086
-1929401.406775
-1929401.406775
-1929399.686331
-1929399.686331
-1929397.964666
-1929397.964666
-1929396.243816
-1929396.243816
-1929394.528873
-1929394.528873
-1929392.825553
-1929392.825553
-1929391.138575
-1929391.138575
-1929389.470590
-1929389.470590
-1929387.815162
-1929387.815162
-1929386.153050
-1929386.153050
-1929384.461141
-1929384.461141
-1929382.716759
-1929382.716759
-1929380.904705
-1929380.904705
-1929379.115633
-1929379.115633
-1929377.535515
-1929377.535515
-1929376.027546
-1929376.027546
-1929374.532207
-1929374.532207
-1929373.049523
-1929373.049523
-1929371.574538
-1929371.574538
-1929370.093820
-1929370.093820
-1929368.597092
-1929368.597092
-1929367.078053
-1929367.078053
-1929365.522387
-1929365.522387
-1929363.882831
-1929363.882831
-1929362.028080
-1929362.028080
-1929359.863916
-1929359.863916
-1929358.245572
-1929358.245572
-1929356.791936
-1929356.791936
-1929355.309870
-1929355.309870
-1929353.737832
-1929353.737832
-1929351.992451
-1929351.992451
-1929350.201201
-1929350.201201
-1929348.725990
-1929348.725990
-1929347.214119
-1929347.214119
-1929345.637840
-1929345.637840
-1929344.029505
-1929344.029505
-1929342.436077
-1929342.436077
-1929340.899370
-1929340.899370
-1929339.433673
-1929339.433673
-1929338.025495
-1929338.025495
-1929336.652601
-1929336.652601
-1929335.292187
-1929335.292187
-1929333.919388
-1929333.919388
-1929332.502855
-1929332.502855
-1929330.993822
-1929330.993822
-1929329.307311
-1929329.307311
-1929327.480442
-1929327.480442
-1929326.013442
-1929326.013442
-1929324.652724
-1929324.652724
-1929323.321586
-1929323.321586
-1929321.963641
-1929321.963641
-1929320.550483
-1929320.550483
-1929319.151350
-1929319.151350
-1929317.755001
-1929317.755001
-1929316.373565
-1929316.373565
-1929315.108835
-1929315.108835
-1929313.844353
-1929313.844353
-1929312.688497
-1929312.688497
-1929311.682022
-1929311.682022
-1929310.722498
-1929310.722498
-1929309.775962
-1929309.775962
-1929308.829050
-1929308.829050
-1929307.877645
-1929307.877645
-1929306.919707
-1929306.919707
-1929305.953124
-1929305.953124
-1929304.975233
-1929304.975233
-1929303.982520
-1929303.982520
-1929302.970247
-1929302.970247
-1929301.931984
-1929301.931984
-1929300.859366
-1929300.859366
-1929299.743569
-1929299.743569
-1929298.582572
-1929298.582572
-1929297.389939
-1929297.389939
-1929296.156955
-1929296.156955
-1929294.791798
-1929294.791798
-1929293.109031
-1929293.109031
-1929290.986659
-1929290.986659
-1929289.665915
-1929289.665915
-1929288.693077
-1929288.693077
-1929287.745237
-1929287.745237
-1929286.794156
-1929286.794156
-1929285.839445
-1929285.839445
-1929284.877923
-1929284.877923
-1929283.902650
-1929283.902650
-1929282.912961
-1929282.912961
-1929281.916089
-1929281.916089
-1929280.904365
-1929280.904365
-1929279.834303
-1929279.834303
-1929278.621988
-1929278.621988
-1929277.106302
-1929277.106302
-1929520.917261
-1929520.917261
-1929144.162000
-1929144.162000
-1928959.739490
-1928959.739490
-1928841.329328
-1928841.329328
-1928747.950579
-1928747.950579
-1928669.415533
-1928669.415533
-1928606.508179
-1928606.508179
-1928559.222523
-1928559.222523
-1928524.695424
-1928524.695424
-1928498.911666
-1928498.911666
-1928478.930723
-1928478.930723
-1928463.351032
-1928463.351032
-1928450.451334
-1928450.451334
-1928439.102775
-1928439.102775
-1928429.147160
-1928429.147160
-1928420.773179
-1928420.773179
-1928413.692090
-1928413.692090
-1928407.433855
-1928407.433855
-1928401.751221
-1928401.751221
-1928396.550968
-1928396.550968
-1928391.760090
-1928391.760090
-1928387.300517
-1928387.300517
-1928383.092648
-1928383.092648
-1928379.070588
-1928379.070588
-1928375.177269
-1928375.177269
-1928371.354087
-1928371.354087
-1928367.528626
-1928367.528626
-1928363.635370
-1928363.635370
-1928359.866114
-1928359.866114
-1928356.215801
-1928356.215801
-1928352.449238
-1928352.449238
-1928348.998599
-1928348.998599
-1928345.619059
-1928345.619059
-1928342.047655
-1928342.047655
-1928338.361257
-1928338.361257
-1928335.335509
-1928335.335509
-1928332.629592
-1928332.629592
-1928330.014690
-1928330.014690
-1928327.492788
-1928327.492788
-1928325.081076
-1928325.081076
-1928322.798532
-1928322.798532
-1928320.652624
-1928320.652624
-1928318.629006
-1928318.629006
-1928316.701383
-1928316.701383
-1928314.845088
-1928314.845088
-1928313.039445
-1928313.039445
-1928311.266387
-1928311.266387
-1928309.510240
-1928309.510240
-1928307.758348
-1928307.758348
-1928306.001774
-1928306.001774
-1928304.235111
-1928304.235111
-1928302.454052
-1928302.454052
-1928300.651943
-1928300.651943
-1928298.820704
-1928298.820704
-1928296.956245
-1928296.956245
-1928295.062113
-1928295.062113
-1928293.149380
-1928293.149380
-1928291.232900
-1928291.232900
-1928289.325963
-1928289.325963
-1928287.439913
-1928287.439913
-1928285.587392
-1928285.587392
-1928283.782075
-1928283.782075
-1928282.035978
-1928282.035978
-1928280.357650
-1928280.357650
-1928278.751696
-1928278.751696
-1928277.219085
-1928277.219085
-1928275.757849
-1928275.757849
-1928274.363874
-1928274.363874
-1928273.031651
-1928273.031651
-1928271.754895
-1928271.754895
-1928270.527014
-1928270.527014
-1928269.341443
-1928269.341443
-1928268.191868
-1928268.191868
-1928267.072347
-1928267.072347
-1928265.977374
-1928265.977374
-1928264.901883
-1928264.901883
-1928263.841232
-1928263.841232
-1928262.791151
-1928262.791151
-1928261.747696
-1928261.747696
-1928260.707198
-1928260.707198
-1928259.666250
-1928259.666250
-1928258.621813
-1928258.621813
-1928257.571703
-1928257.571703
-1928256.516006
-1928256.516006
-1928255.459986
-1928255.459986
-1928254.415659
-1928254.415659
-1928253.392685
-1928253.392685
-1928252.385346
-1928252.385346
-1928251.381263
-1928251.381263
-1928250.372331
-1928250.372331
-1928249.352635
-1928249.352635
-1928248.316208
-1928248.316208
-1928247.262234
-1928247.262234
-1928246.218281
-1928246.218281
-1928245.243755
-1928245.243755
-1928244.329578
-1928244.329578
-1928243.434076
-1928243.434076
-1928242.546023
-1928242.546023
-1928241.661830
-1928241.661830
-1928240.778072
-1928240.778072
-1928239.890171
-1928239.890171
-1928238.991552
-1928238.991552
-1928238.073696
-1928238.073696
-1928237.133287
-1928237.133287
-1928236.206091
-1928236.206091
-1928235.371912
-1928235.371912
-1928234.606006
-1928234.606006
-1928233.858417
-1928233.858417
-1928233.120723
-1928233.120723
-1928232.391705
-1928232.391705
-1928231.671021
-1928231.671021
-1928230.958501
-1928230.958501
-1928230.253982
-1928230.253982
-1928229.557266
-1928229.557266
-1928228.868109
-1928228.868109
-1928228.186227
-1928228.186227
-1928227.511305
-1928227.511305
-1928226.843007
-1928226.843007
-1928226.180982
-1928226.180982
-1928225.524876
-1928225.524876
-1928224.874336
-1928224.874336
-1928224.229016
-1928224.229016
-1928223.588576
-1928223.588576
-1928222.952687
-1928222.952687
-1928222.321030
-1928222.321030
-1928221.693292
-1928221.693292
-1928221.069165
-1928221.069165
-1928220.448347
-1928220.448347
-1928219.830534
-1928219.830534
-1928219.215423
-1928219.215423
-1928218.602706
-1928218.602706
-1928217.992068
-1928217.992068
-1928217.383183
-1928217.383183
-1928216.775709
-1928216.775709
-1928216.169280
-1928216.169280
-1928215.563500
-1928215.563500
-1928214.957924
-1928214.957924
-1928214.352048
-1928214.352048
-1928213.745291
-1928213.745291
-1928213.136991
-1928213.136991
-1928212.526430
-1928212.526430
-1928211.912976
-1928211.912976
-1928211.296477
-1928211.296477
-1928210.678172
-1928210.678172
-1928210.062157
-1928210.062157
-1928209.455834
-1928209.455834
-1928208.865728
-1928208.865728
-1928208.290965
-1928208.290965
-1928207.725450
-1928207.725450
-1928207.164844
-1928207.164844
-1928206.607688
-1928206.607688
-1928206.053679
-1928206.053679
-1928205.502771
-1928205.502771
-1928204.954939
-1928204.954939
-1928204.410134
-1928204.410134
-1928203.868270
-1928203.868270
-1928203.329233
-1928203.329233
-1928202.792873
-1928202.792873
-1928202.259013
-1928202.259013
-1928201.727449
-1928201.727449
-1928201.197953
-1928201.197953
-1928200.670276
-1928200.670276
-1928200.144149
-1928200.144149
-1928199.619281
-1928199.619281
-1928199.095361
-1928199.095361
-1928198.572047
-1928198.572047
-1928198.048958
-1928198.048958
-1928197.525660
-1928197.525660
-1928197.001632
-1928197.001632
-1928196.476231
-1928196.476231
-1928195.948625
-1928195.948625
-1928195.417691
-1928195.417691
-1928194.881854
-1928194.881854
-1928194.338801
-1928194.338801
-1928193.784961
-1928193.784961
-1928193.214456
-1928193.214456
-1928192.616712
-1928192.616712
-1928191.970191
-1928191.970191
-1928191.222334
-1928191.222334
-1928190.213860
-1928190.213860
-1928188.868300
-1928188.868300
-1928188.054640
-1928188.054640
-1928187.545878
-1928187.545878
-1928187.116821
-1928187.116821
-1928186.693033
-1928186.693033
-1928186.270495
-1928186.270495
-1928185.848807
-1928185.848807
-1928185.427674
-1928185.427674
-1928185.006747
-1928185.006747
-1928184.585603
-1928184.585603
-1928184.163703
-1928184.163703
-1928183.740353
-1928183.740353
-1928183.314634
-1928183.314634
-1928182.885301
-1928182.885301
-1928182.450623
-1928182.450623
-1928182.008115
-1928182.008115
-1928181.554048
-1928181.554048
-1928181.082445
-1928181.082445
-1928180.582840
-1928180.582840
-1928180.034577
-1928180.034577
-1928179.390335
-1928179.390335
-1928178.533862
-1928178.533862
-1928177.526746
-1928177.526746
-1928177.023791
-1928177.023791
-1928176.629355
-1928176.629355
-1928176.246029
-1928176.246029
-1928175.861548
-1928175.861548
-1928175.474138
-1928175.474138
-1928175.082759
-1928175.082759
-1928174.686085
-1928174.686085
-1928174.282225
-1928174.282225
-1928173.868326
-1928173.868326
-1928173.439830
-1928173.439830
-1928172.988958
-1928172.988958
-1928172.501466
-1928172.501466
-1928171.950496
-1928171.950496
-1928171.301361
-1928171.301361
-1928170.666677
-1928170.666677
-1928170.273787
-1928170.273787
-1928169.936108
-1928169.936108
-1928169.605041
-1928169.605041
-1928169.276332
-1928169.276332
-1928168.949168
-1928168.949168
-1928168.623423
-1928168.623423
-1928168.299108
-1928168.299108
-1928167.976255
-1928167.976255
-1928167.654899
-1928167.654899
-1928167.335072
-1928167.335072
-1928167.016800
-1928167.016800
-1928166.700104
-1928166.700104
-1928166.384999
-1928166.384999
-1928166.071491
-1928166.071491
-1928165.759579
-1928165.759579
-1928165.449253
-1928165.449253
-1928165.140493
-1928165.140493
-1928164.833269
-1928164.833269
-1928164.527541
-1928164.527541
-1928164.223257
-1928164.223257
-1928163.920351
-1928163.920351
-1928163.618747
-1928163.618747
-1928163.318354
-1928163.318354
-1928163.019065
-1928163.019065
-1928162.720760
-1928162.720760
-1928162.423298
-1928162.423298
-1928162.126520
-1928162.126520
-1928161.830244
-1928161.830244
-1928161.534262
-1928161.534262
-1928161.238334
-1928161.238334
-1928042.231440
-1928042.231440
-1926793.649533
-1926793.649533
-1926236.222434
-1926236.222434
-1925939.512252
-1925939.512252
-1925760.440761
-1925760.440761
-1925642.606667
-1925642.606667
-1925560.242328
-1925560.242328
-1925499.951534
-1925499.951534
-1925453.954909
-1925453.954909
-1925417.277955
-1925417.277955
-1925386.672197
-1925386.672197
-1925360.612710
-1925360.612710
-1925338.361352
-1925338.361352
-1925319.184792
-1925319.184792
-1925302.591598
-1925302.591598
-1925288.089776
-1925288.089776
-1925275.244256
-1925275.244256
-1925263.682903
-1925263.682903
-1925253.158899
-1925253.158899
-1925244.128405
-1925244.128405
-1925236.218183
-1925236.218183
-1925229.133883
-1925229.133883
-1925222.735229
-1925222.735229
-1925216.916187
-1925216.916187
-1925211.592441
-1925211.592441
-1925206.694125
-1925206.694125
-1925202.154233
-1925202.154233
-1925197.890021
-1925197.890021
-1925193.757056
-1925193.757056
-1925189.472796
-1925189.472796
-1925185.711634
-1925185.711634
-1925182.314718
-1925182.314718
-1925179.085057
-1925179.085057
-1925176.326740
-1925176.326740
-1925174.179767
-1925174.179767
-1925172.182940
-1925172.182940
-1925170.272753
-1925170.272753
-1925168.527237
-1925168.527237
-1925167.008045
-1925167.008045
-1925165.592730
-1925165.592730
-1925164.226908
-1925164.226908
-1925162.889319
-1925162.889319
-1925161.645883
-1925161.645883
-1925160.621917
-1925160.621917
-1925159.714415
-1925159.714415
-1925158.867760
-1925158.867760
-1925158.072419
-1925158.072419
-1925157.323162
-1925157.323162
-1925156.615900
-1925156.615900
-1925155.947077
-1925155.947077
-1925155.313496
-1925155.313496
-1925154.712252
-1925154.712252
-1925154.140685
-1925154.140685
-1925153.596352
-1925153.596352
-1925153.076993
-1925153.076993
-1925152.580501
-1925152.580501
-1925152.104902
-1925152.104902
-1925151.648323
-1925151.648323
-1925151.208973
-1925151.208973
-1925150.785109
-1925150.785109
-1925150.375012
-1925150.375012
-1925149.976945
-1925149.976945
-1925149.589111
-1925149.589111
-1925149.209590
-1925149.209590
-1925148.836251
-1925148.836251
-1925148.466627
-1925148.466627
-1925148.097713
-1925148.097713
-1925147.725638
-1925147.725638
-1925147.345103
-1925147.345103
-1925146.948339
-1925146.948339
-1925146.523129
-1925146.523129
-1925146.049003
-1925146.049003
-1925145.491968
-1925145.491968
-1925144.818539
-1925144.818539
-1925144.093150
-1925144.093150
-1925143.202314
-1925143.202314
-1925142.268430
-1925142.268430
-1925141.761173
-1925141.761173
-1925141.545481
-1925141.545481
-1925141.353158
-1925141.353158
-1925141.164887
-1925141.164887
-1925140.979644
-1925140.979644
-1925140.797047
-1925140.797047
-1925140.616852
-1925140.616852
-1925140.439024
-1925140.439024
-1925140.263816
-1925140.263816
-1925140.091802
-1925140.091802
-1925139.923751
-1925139.923751
-1925139.760238
-1925139.760238
-1925139.601143
-1925139.601143
-1925139.445409
-1925139.445409
-1925139.291283
-1925139.291283
-1925139.136714
-1925139.136714
-1925138.979512
-1925138.979512
-1925138.817138
-1925138.817138
-1925138.646198
-1925138.646198
-1925138.461529
-1925138.461529
-1925138.254365
-1925138.254365
-1925138.008146
-1925138.008146
-1925137.688535
-1925137.688535
-1925137.232666
-1925137.232666
-1925136.740341
-1925136.740341
-1925136.583533
-1925136.583533
-1925136.503147
-1925136.503147
-1925136.434705
-1925136.434705
-1925136.369939
-1925136.369939
-1925136.307108
-1925136.307108
-1925136.245835
-1925136.245835
-1925136.186004
-1925136.186004
-1925136.127546
-1925136.127546
-1925136.070407
-1925136.070407
-1925136.014536
-1925136.014536
-1925135.959884
-1925135.959884
-1925135.906406
-1925135.906406
-1925135.854057
-1925135.854057
-1925135.802797
-1925135.802797
-1925135.752585
-1925135.752585
-1925135.703384
-1925135.703384
-1925135.655158
-1925135.655158
-1925135.607871
-1925135.607871
-1925135.561491
-1925135.561491
-1925135.515986
-1925135.515986
-1925135.471326
-1925135.471326
-1925135.427481
-1925135.427481
-1925135.384424
-1925135.384424
-1925135.342128
-1925135.342128
-1925135.300568
-1925135.300568
-1925135.259718
-1925135.259718
-1925135.219554
-1925135.219554
-1925135.180055
-1925135.180055
-1925135.141198
-1925135.141198
-1925135.102962
-1925135.102962
-1925135.065327
-1925135.065327
-1925135.028273
-1925135.028273
-1925134.991781
-1925134.991781
-1925134.955833
-1925134.955833
-1925134.920411
-1925134.920411
-1925134.885499
-1925134.885499
-1925134.851079
-1925134.851079
-1925134.817138
-1925134.817138
-1925134.783658
-1925134.783658
-1925134.750625
-1925134.750625
-1925134.718025
-1925134.718025
-1925134.685843
-1925134.685843
-1925134.654067
-1925134.654067
-1925134.622683
-1925134.622683
-1925134.591679
-1925134.591679
-1925134.561042
-1925134.561042
-1925134.530760
-1925134.530760
-1925134.500823
-1925134.500823
-1925134.471218
-1925134.471218
-1925134.441934
-1925134.441934
-1925134.412961
-1925134.412961
-1925134.384288
-1925134.384288
-1925134.355906
-1925134.355906
-1925134.327804
-1925134.327804
-1925134.299972
-1925134.299972
-1925134.272402
-1925134.272402
-1925134.245084
-1925134.245084
-1925134.218009
-1925134.218009
-1925134.191168
-1925134.191168
-1925134.164552
-1925134.164552
-1925134.138153
-1925134.138153
-1925134.111963
-1925134.111963
-1925134.085973
-1925134.085973
-1925134.060176
-1925134.060176
-1925134.034563
-1925134.034563
-1925134.009127
-1925134.009127
-1925133.983860
-1925133.983860
-1925133.958754
-1925133.958754
-1925133.933802
-1925133.933802
-1925133.908997
-1925133.908997
-1925133.884332
-1925133.884332
-1925133.859798
-1925133.859798
-1925133.835389
-1925133.835389
-1925133.811097
-1925133.811097
-1925133.786917
-1925133.786917
-1925133.762839
-1925133.762839
-1925133.738859
-1925133.738859
-1925133.714968
-1925133.714968
-1925133.691159
-1925133.691159
-1925133.667426
-1925133.667426
-1925133.643762
-1925133.643762
-1925133.620159
-1925133.620159
-1925133.596611
-1925133.596611
-1925133.573110
-1925133.573110
-1925133.549649
-1925133.549649
-1925133.526221
-1925133.526221
-1925133.502819
-1925133.502819
-1925133.479435
-1925133.479435
-1925133.456062
-1925133.456062
-1925133.432693
-1925133.432693
-1925133.409319
-1925133.409319
-1925133.385933
-1925133.385933
-1925133.362526
-1925133.362526
-1925133.339092
-1925133.339092
-1925133.315621
-1925133.315621
-1925133.292104
-1925133.292104
-1925133.268534
-1925133.268534
-1925133.244900
-1925133.244900
-1925133.221194
-1925133.221194
-1925133.197407
-1925133.197407
-1925133.173527
-1925133.173527
-1925133.149545
-1925133.149545
-1925133.125451
-1925133.125451
-1925133.101232
-1925133.101232
-1925133.076879
-1925133.076879
-1925133.052377
-1925133.052377
-1925133.027715
-1925133.027715
-1925133.002880
-1925133.002880
-1925132.977858
-1925132.977858
-1925132.952634
-1925132.952634
-1925132.927192
-1925132.927192
-1925132.901517
-1925132.901517
-1925132.875591
-1925132.875591
-1925132.849395
-1925132.849395
-1925132.822911
-1925132.822911
-1925132.796117
-1925132.796117
-1925132.768991
-1925132.768991
-1925132.741509
-1925132.741509
-1925132.713646
-1925132.713646
-1925132.685374
-1925132.685374
-1925132.656662
-1925132.656662
-1925132.627478
-1925132.627478
-1925132.597788
-1925132.597788
-1925132.567551
-1925132.567551
-1925132.536725
-1925132.536725
-1925132.505265
-1925132.505265
-1925132.473117
-1925132.473117
-1925132.440225
-1925132.440225
-1925132.406525
-1925132.406525
-1925132.371944
-1925132.371944
-1925132.336402
-1925132.336402
-1925132.299807
-1925132.299807
-1925132.262054
-1925132.262054
-1925132.223023
-1925132.223023
-1925132.182574
-1925132.182574
-1925132.140544
-1925132.140544
-1925132.096740
-1925132.096740
-1925132.050934
-1925132.050934
-1925132.002849
-1925132.002849
-1925131.952147
-1925131.952147
-1925131.898410
-1925131.898410
-1925131.841109
-1925131.841109
-1925131.779562
-1925131.779562
-1925131.712870
-1925131.712870
-1925131.639815
-1925131.639815
-1925131.558682
-1925131.558682
-1925131.466960
-1925131.466960
-1925131.360765
-1925131.360765
-1925131.233649
-1925131.233649
-1925131.073856
-1925131.073856
-1925130.856928
-1925130.856928
-1925130.521757
-1925130.521757
-1925129.888340
-1925129.888340
-1925129.091086
-1925129.091086
-1925128.775456
-1925128.775456
-1925128.720284
-1925128.720284
-1925128.694698
-1925128.694698
-1925128.669980
-1925128.669980
-1925128.644754
-1925128.644754
-1925128.618922
-1925128.618922
-1925128.592438
-1925128.592438
-1925128.565249
-1925128.565249
-1925128.537299
-1925128.537299
-1925128.508528
-1925128.508528
-1925128.478867
-1925128.478867
-1925128.448239
-1925128.448239
-1925128.416560
-1925128.416560
-1925128.383733
-1925128.383733
-1925128.349651
-1925128.349651
-1925128.314189
-1925128.314189
-1925128.277206
-1925128.277206
-1925128.238540
-1925128.238540
-1925128.198002
-1925128.198002
-1925128.155368
-1925128.155368
-1925128.110377
-1925128.110377
-1925128.062714
-1925128.062714
-1925128.011999
-1925128.011999
-1925127.957764
-1925127.957764
-1925127.899426
-1925127.899426
-1925127.836244
-1925127.836244
-1925127.767251
-1925127.767251
-1925127.691157
-1925127.691157
-1925127.606179
-1925127.606179
-1925127.509750
-1925127.509750
-1925127.397985
-1925127.397985
-1925127.264597
-1925127.264597
-1925127.098506
-1925127.098506
-1925126.877963
-1925126.877963
-1925126.555305
-1925126.555305
-1925126.041768
-1925126.041768
-1925125.557062
-1925125.557062
-1925125.428105
-1925125.428105
-1925125.333750
-1925125.333750
-1925125.224336
-1925125.224336
-1925125.081221
-1925125.081221
-1925124.876970
-1925124.876970
-1925124.552540
-1925124.552540
-1925124.046446
-1925124.046446
-1925123.778480
-1925123.778480
-1925123.741743
-1925123.741743
-1925123.728706
-1925123.728706
-1925123.719297
-1925123.719297
