-2195365.984426
-2195365.984426
-2189011.441089
-2189011.441089
-2185335.062223
-2185335.062223
-2182597.192838
-2182597.192838
-2180181.392506
-2180181.392506
-2177603.374567
-2177603.374567
-2174198.797755
-2174198.797755
-2168875.859358
-2168875.859358
-2160048.798894
-2160048.798894
-2146321.567204
-2146321.567204
-2128168.325789
-2128168.325789
-2088987.123951
-2088987.123951
-2072491.949215
-2072491.949215
-2058876.834122
-2058876.834122
-2044331.768018
-2044331.768018
-2031638.377074
-2031638.377074
-2024273.623367
-2024273.623367
-2010729.347673
-2010729.347673
-2005032.106067
-2005032.106067
-1999967.741378
-1999967.741378
-1995742.586439
-1995742.586439
-1989036.125361
-1989036.125361
-1986806.164172
-1986806.164172
-1985184.277896
-1985184.277896
-1983922.906200
-1983922.906200
-1982890.117358
-1982890.117358
-1982024.081257
-1982024.081257
-1981291.656614
-1981291.656614
-1980668.682636
-1980668.682636
-1976860.606239
-1976860.606239
-1976352.547235
-1976352.547235
-1975939.777751
-1975939.777751
-1975590.377950
-1975590.377950
-1975288.718176
-1975288.718176
-1975026.167059
-1975026.167059
-1974794.890421
-1974794.890421
-1974589.993743
-1974589.993743
-1974407.177015
-1974407.177015
-1974243.650579
-1974243.650579
-1974096.022979
-1974096.022979
-1973962.430922
-1973962.430922
-1970694.422736
-1970694.422736
-1970522.036326
-1970522.036326
-1970393.913023
-1970393.913023
-1970286.082295
-1970286.082295
-1970193.804906
-1970193.804906
-1970111.063420
-1970111.063420
-1970034.195311
-1970034.195311
-1969963.457391
-1969963.457391
-1969897.344382
-1969897.344382
-1969834.809322
-1969834.809322
-1969775.841334
-1969775.841334
-1969719.512041
-1969719.512041
-1969665.466510
-1969665.466510
-1969612.967466
-1969612.967466
-1966386.226496
-1966386.226496
-1966273.572617
-1966273.572617
-1966203.866438
-1966203.866438
-1966150.287662
-1966150.287662
-1966103.976754
-1966103.976754
-1966062.199597
-1966062.199597
-1966022.754973
-1966022.754973
-1965985.499911
-1965985.499911
-1965950.649853
-1965950.649853
-1965917.891753
-1965917.891753
-1965886.534364
-1965886.534364
-1965856.632347
-1965856.632347
-1965828.072334
-1965828.072334
-1965800.394719
-1965800.394719
-1965773.208588
-1965773.208588
-1965746.743181
-1965746.743181
-1965720.573467
-1965720.573467
-1965695.052763
-1965695.052763
-1965670.455289
-1965670.455289
-1965646.106681
-1965646.106681
-1965621.927812
-1965621.927812
-1965598.977884
-1965598.977884
-1962664.238938
-1962664.238938
-1962540.000137
-1962540.000137
-1962470.437748
-1962470.437748
-1962422.436370
-1962422.436370
-1962384.674794
-1962384.674794
-1962353.101698
-1962353.101698
-1962326.326036
-1962326.326036
-1962303.019870
-1962303.019870
-1962281.876130
-1962281.876130
-1962262.076047
-1962262.076047
-1962243.135981
-1962243.135981
-1962225.082854
-1962225.082854
-1962207.826617
-1962207.826617
-1959241.787221
-1959241.787221
-1959129.631700
-1959129.631700
-1959068.884566
-1959068.884566
-1959030.385494
-1959030.385494
-1959002.421554
-1959002.421554
-1958979.593942
-1958979.593942
-1958960.440252
-1958960.440252
-1958943.554902
-1958943.554902
-1958927.497743
-1958927.497743
-1958913.103464
-1958913.103464
-1958899.458312
-1958899.458312
-1958886.256986
-1958886.256986
-1958874.041446
-1958874.041446
-1958862.559035
-1958862.559035
-1958851.202270
-1958851.202270
-1958839.620784
-1958839.620784
-1958827.639913
-1958827.639913
-1958815.376288
-1958815.376288
-1958804.646546
-1958804.646546
-1958794.192751
-1958794.192751
-1958783.591356
-1958783.591356
-1958772.697759
-1958772.697759
-1958761.645046
-1958761.645046
-1958751.131151
-1958751.131151
-1958740.859724
-1958740.859724
-1958730.459687
-1958730.459687
-1958719.741252
-1958719.741252
-1958709.805770
-1958709.805770
-1958700.325482
-1958700.325482
-1958691.020137
-1958691.020137
-1958681.678976
-1958681.678976
-1958672.022802
-1958672.022802
-1955794.581284
-1955794.581284
-1955700.976522
-1955700.976522
-1955642.306435
-1955642.306435
-1955600.093475
-1955600.093475
-1955566.716555
-1955566.716555
-1955538.538175
-1955538.538175
-1955513.989059
-1955513.989059
-1955492.448587
-1955492.448587
-1955473.957742
-1955473.957742
-1955457.562264
-1955457.562264
-1955442.583590
-1955442.583590
-1955428.967142
-1955428.967142
-1955416.419969
-1955416.419969
-1955404.688726
-1955404.688726
-1955393.466575
-1955393.466575
-1955382.624551
-1955382.624551
-1955372.314611
-1955372.314611
-1955362.238724
-1955362.238724
-1955352.389685
-1955352.389685
-1955342.863012
-1955342.863012
-1955333.540662
-1955333.540662
-1955324.471112
-1955324.471112
-1955315.600123
-1955315.600123
-1955306.814272
-1955306.814272
-1955297.994566
-1955297.994566
-1955289.051887
-1955289.051887
-1955280.070242
-1955280.070242
-1955271.590273
-1955271.590273
-1955263.694476
-1955263.694476
-1955255.983777
-1955255.983777
-1955248.251719
-1955248.251719
-1955240.438086
-1955240.438086
-1955232.658537
-1955232.658537
-1955224.880082
-1955224.880082
-1955217.064159
-1955217.064159
-1955209.257336
-1955209.257336
-1955201.431333
-1955201.431333
-1955193.492239
-1955193.492239
-1955185.576589
-1955185.576589
-1955177.583521
-1955177.583521
-1955169.372834
-1955169.372834
-1955161.258590
-1955161.258590
-1955153.358270
-1955153.358270
-1955145.554425
-1955145.554425
-1955137.759377
-1955137.759377
-1955130.064902
-1955130.064902
-1955122.390886
-1955122.390886
-1955114.713747
-1955114.713747
-1955107.034783
-1955107.034783
-1955099.231298
-1955099.231298
-1955091.151971
-1955091.151971
-1955082.900555
-1955082.900555
-1955074.706091
-1955074.706091
-1955066.102405
-1955066.102405
-1952214.672894
-1952214.672894
-1952093.158408
-1952093.158408
-1952023.222995
-1952023.222995
-1951977.294093
-1951977.294093
-1951943.895846
-1951943.895846
-1951918.284183
-1951918.284183
-1951897.854488
-1951897.854488
-1951880.629346
-1951880.629346
-1951865.471845
-1951865.471845
-1951852.243961
-1951852.243961
-1951840.359367
-1951840.359367
-1951829.203819
-1951829.203819
-1951818.503869
-1951818.503869
-1951807.937687
-1951807.937687
-1951797.381854
-1951797.381854
-1951786.849670
-1951786.849670
-1951776.646757
-1951776.646757
-1948935.575423
-1948935.575423
-1948821.313701
-1948821.313701
-1948758.878273
-1948758.878273
-1948716.203934
-1948716.203934
-1948683.986715
-1948683.986715
-1948658.219188
-1948658.219188
-1948636.633836
-1948636.633836
-1948617.745631
-1948617.745631
-1948600.515910
-1948600.515910
-1948584.402724
-1948584.402724
-1945752.138250
-1945752.138250
-1945617.867866
-1945617.867866
-1945549.709152
-1945549.709152
-1945509.337091
-1945509.337091
-1945482.133359
-1945482.133359
-1945461.767414
-1945461.767414
-1945445.408209
-1945445.408209
-1945431.415098
-1945431.415098
-1945419.157740
-1945419.157740
-1945408.206461
-1945408.206461
-1945397.936198
-1945397.936198
-1945388.103557
-1945388.103557
-1945378.676694
-1945378.676694
-1945369.814253
-1945369.814253
-1945361.965301
-1945361.965301
-1945354.573581
-1945354.573581
-1945347.334001
-1945347.334001
-1945340.229216
-1945340.229216
-1945333.189822
-1945333.189822
-1945326.397273
-1945326.397273
-1945319.925436
-1945319.925436
-1945313.829189
-1945313.829189
-1945307.763399
-1945307.763399
-1945301.634232
-1945301.634232
-1945295.547151
-1945295.547151
-1945289.743838
-1945289.743838
-1945284.004786
-1945284.004786
-1945278.206018
-1945278.206018
-1945272.102691
-1945272.102691
-1945265.697623
-1945265.697623
-1945258.822399
-1945258.822399
-1945252.224343
-1945252.224343
-1945245.946461
-1945245.946461
-1945239.946136
-1945239.946136
-1945233.977525
-1945233.977525
-1945228.311030
-1945228.311030
-1945222.916200
-1945222.916200
-1945217.711810
-1945217.711810
-1945212.370552
-1945212.370552
-1945207.078195
-1945207.078195
-1945201.936447
-1945201.936447
-1945197.008712
-1945197.008712
-1945192.098719
-1945192.098719
-1945187.030508
-1945187.030508
-1945181.971562
-1945181.971562
-1945177.397942
-1945177.397942
-1945172.808922
-1945172.808922
-1945168.365610
-1945168.365610
-1945164.153559
-1945164.153559
-1945159.989128
-1945159.989128
-1945155.985738
-1945155.985738
-1945151.994303
-1945151.994303
-1945147.769506
-1945147.769506
-1945143.326176
-1945143.326176
-1945139.040400
-1945139.040400
-1945134.989868
-1945134.989868
-1945130.940877
-1945130.940877
-1945126.893241
-1945126.893241
-1945122.753056
-1945122.753056
-1945118.265042
-1945118.265042
-1945113.499824
-1945113.499824
-1945108.965301
-1945108.965301
-1945105.007449
-1945105.007449
-1945101.050792
-1945101.050792
-1945096.784967
-1945096.784967
-1945092.130042
-1945092.130042
-1943219.295662
-1943219.295662
-1943107.668497
-1943107.668497
-1943028.063571
-1943028.063571
-1942964.051279
-1942964.051279
-1942909.466193
-1942909.466193
-1942861.226344
-1942861.226344
-1942817.806767
-1942817.806767
-1942778.293704
-1942778.293704
-1942741.902908
-1942741.902908
-1942708.297290
-1942708.297290
-1942677.312625
-1942677.312625
-1942648.702101
-1942648.702101
-1942622.144859
-1942622.144859
-1942597.806260
-1942597.806260
-1942575.585315
-1942575.585315
-1942555.331988
-1942555.331988
-1942537.015207
-1942537.015207
-1942520.420908
-1942520.420908
-1942505.313206
-1942505.313206
-1942491.378785
-1942491.378785
-1942478.443125
-1942478.443125
-1942466.343222
-1942466.343222
-1942454.909627
-1942454.909627
-1942443.981476
-1942443.981476
-1942433.511673
-1942433.511673
-1942423.671908
-1942423.671908
-1942414.379925
-1942414.379925
-1942405.580527
-1942405.580527
-1942397.318008
-1942397.318008
-1942389.599420
-1942389.599420
-1942382.719255
-1942382.719255
-1942376.226436
-1942376.226436
-1942369.851765
-1942369.851765
-1942363.669189
-1942363.669189
-1942357.853094
-1942357.853094
-1942352.293193
-1942352.293193
-1942346.906278
-1942346.906278
-1942341.663599
-1942341.663599
-1942336.405101
-1942336.405101
-1942331.228237
-1942331.228237
-1942326.764366
-1942326.764366
-1942322.689681
-1942322.689681
-1942318.654113
-1942318.654113
-1942314.565506
-1942314.565506
-1942310.378334
-1942310.378334
-1942306.282207
-1942306.282207
-1942302.653746
-1942302.653746
-1942299.345465
-1942299.345465
-1942296.057731
-1942296.057731
-1942292.661852
-1942292.661852
-1942289.271683
-1942289.271683
-1942285.972284
-1942285.972284
-1942282.628748
-1942282.628748
-1942279.392486
-1942279.392486
-1942276.277604
-1942276.277604
-1942273.192349
-1942273.192349
-1942270.101407
-1942270.101407
-1942267.384565
-1942267.384565
-1942265.053428
-1942265.053428
-1942263.084147
-1942263.084147
-1942261.254563
-1942261.254563
-1942259.479063
-1942259.479063
-1942257.823908
-1942257.823908
-1942256.240590
-1942256.240590
-1942254.687077
-1942254.687077
-1942253.151036
-1942253.151036
-1942251.561955
-1942251.561955
-1942249.884415
-1942249.884415
-1942248.221205
-1942248.221205
-1942246.577318
-1942246.577318
-1942244.935484
-1942244.935484
-1942243.181626
-1942243.181626
-1942241.173673
-1942241.173673
-1942238.996782
-1942238.996782
-1942236.920994
-1942236.920994
-1942234.909608
-1942234.909608
-1942233.079849
-1942233.079849
-1942231.318263
-1942231.318263
-1942229.456804
-1942229.456804
-1942227.795932
-1942227.795932
-1942226.131190
-1942226.131190
-1942224.416174
-1942224.416174
-1942222.634260
-1942222.634260
-1942221.006545
-1942221.006545
-1942219.666455
-1942219.666455
-1942218.353647
-1942218.353647
-1942217.057263
-1942217.057263
-1942215.751843
-1942215.751843
-1942214.461445
-1942214.461445
-1942213.089913
-1942213.089913
-1942211.839326
-1942211.839326
-1942210.856496
-1942210.856496
-1942210.126885
-1942210.126885
-1942209.375024
-1942209.375024
-1942208.533457
-1942208.533457
-1942207.562490
-1942207.562490
-1942206.423480
-1942206.423480
-1942205.180904
-1942205.180904
-1942204.118356
-1942204.118356
-1942203.235228
-1942203.235228
-1942202.326396
-1942202.326396
-1942201.349631
-1942201.349631
-1942200.271523
-1942200.271523
-1942199.030493
-1942199.030493
-1942197.564699
-1942197.564699
-1942195.972837
-1942195.972837
-1942194.488580
-1942194.488580
-1942193.109554
-1942193.109554
-1942191.715294
-1942191.715294
-1942190.497767
-1942190.497767
-1942189.339723
-1942189.339723
-1942188.301220
-1942188.301220
-1942187.327002
-1942187.327002
-1942186.352538
-1942186.352538
-1942185.298440
-1942185.298440
-1942184.042175
-1942184.042175
-1942182.573515
-1942182.573515
-1942181.067718
-1942181.067718
-1942179.477818
-1942179.477818
-1942178.134244
-1942178.134244
-1942177.147085
-1942177.147085
-1942176.116211
-1942176.116211
-1942175.046175
-1942175.046175
-1942174.051093
-1942174.051093
-1942172.946982
-1942172.946982
-1942171.634725
-1942171.634725
-1942169.965180
-1942169.965180
-1942167.842219
-1942167.842219
-1942165.703724
-1942165.703724
-1942164.031997
-1942164.031997
-1942162.671339
-1942162.671339
-1942161.497998
-1942161.497998
-1942160.693957
-1942160.693957
-1942159.981260
-1942159.981260
-1942159.107034
-1942159.107034
-1942157.884454
-1942157.884454
-1942156.354332
-1942156.354332
-1942155.310387
-1942155.310387
-1942154.210478
-1942154.210478
-1942152.897132
-1942152.897132
-1942151.445504
-1942151.445504
-1942150.225077
-1942150.225077
-1942149.115662
-1942149.115662
-1942148.020262
-1942148.020262
-1942147.101438
-1942147.101438
-1942146.266679
-1942146.266679
-1942145.361326
-1942145.361326
-1942144.346135
-1942144.346135
-1942143.143019
-1942143.143019
-1942141.710987
-1942141.710987
-1942140.311893
-1942140.311893
-1942139.154036
-1942139.154036
-1942138.060173
-1942138.060173
-1942137.115959
-1942137.115959
-1942136.206419
-1942136.206419
-1942135.183204
-1942135.183204
-1942134.296668
-1942134.296668
-1942133.668214
-1942133.668214
-1942133.063220
-1942133.063220
-1942132.375013
-1942132.375013
-1942131.512357
-1942131.512357
-1942130.331280
-1942130.331280
-1942128.754251
-1942128.754251
-1942127.279154
-1942127.279154
-1942125.811021
-1942125.811021
-1942124.414699
-1942124.414699
-1942122.761764
-1942122.761764
-1942120.999358
-1942120.999358
-1942119.442412
-1942119.442412
-1942118.281235
-1942118.281235
-1942117.712556
-1942117.712556
-1942117.219979
-1942117.219979
-1942116.691943
-1942116.691943
-1942116.071005
-1942116.071005
-1942115.293339
-1942115.293339
-1942114.284988
-1942114.284988
-1942113.103009
-1942113.103009
-1942112.091219
-1942112.091219
-1942111.327719
-1942111.327719
-1942110.543819
-1942110.543819
-1942109.597086
-1942109.597086
-1942108.513061
-1942108.513061
-1942107.594383
-1942107.594383
-1942106.961051
-1942106.961051
-1942106.304188
-1942106.304188
-1942105.512825
-1942105.512825
-1942104.597765
-1942104.597765
-1942104.073256
-1942104.073256
-1942103.585019
-1942103.585019
-1942102.979871
-1942102.979871
-1942102.272361
-1942102.272361
-1942101.670579
-1942101.670579
-1942101.140464
-1942101.140464
-1942100.568325
-1942100.568325
-1942099.865266
-1942099.865266
-1942099.206542
-1942099.206542
-1942098.706022
-1942098.706022
-1942098.234376
-1942098.234376
-1942097.806361
-1942097.806361
-1942097.359929
-1942097.359929
-1942096.863494
-1942096.863494
-1942096.291479
-1942096.291479
-1942095.552617
-1942095.552617
-1942094.699889
-1942094.699889
-1942093.940718
-1942093.940718
-1942093.290640
-1942093.290640
-1942092.726292
-1942092.726292
-1942092.006343
-1942092.006343
-1942091.259757
-1942091.259757
-1942090.583308
-1942090.583308
-1942089.711509
-1942089.711509
-1942088.810781
-1942088.810781
-1942088.024247
-1942088.024247
-1942087.372166
-1942087.372166
-1942086.560406
-1942086.560406
-1942085.464027
-1942085.464027
-1942084.320926
-1942084.320926
-1942083.545691
-1942083.545691
-1942082.751187
-1942082.751187
-1942081.891322
-1942081.891322
-1942081.272522
-1942081.272522
-1942080.795354
-1942080.795354
-1942080.325661
-1942080.325661
-1942079.857393
-1942079.857393
-1942079.428256
-1942079.428256
-1942079.032237
-1942079.032237
-1942078.650563
-1942078.650563
-1942078.281243
-1942078.281243
-1942077.877895
-1942077.877895
-1942077.447456
-1942077.447456
-1942077.053484
-1942077.053484
-1942076.692171
-1942076.692171
-1942076.282124
-1942076.282124
-1942075.734897
-1942075.734897
-1942075.146613
-1942075.146613
-1942074.776002
-1942074.776002
-1942074.386998
-1942074.386998
-1942073.913380
-1942073.913380
-1942073.316167
-1942073.316167
-1942072.719105
-1942072.719105
-1942072.392544
-1942072.392544
-1942072.150230
-1942072.150230
-1942071.910081
-1942071.910081
-1942071.634723
-1942071.634723
-1942071.317736
-1942071.317736
-1942070.987657
-1942070.987657
-1942070.697717
-1942070.697717
-1942070.420454
-1942070.420454
-1942070.107729
-1942070.107729
-1942069.744731
-1942069.744731
-1942069.334888
-1942069.334888
-1942068.904158
-1942068.904158
-1942068.448445
-1942068.448445
-1942067.908950
-1942067.908950
-1942067.259397
-1942067.259397
-1942066.573994
-1942066.573994
-1942065.978545
-1942065.978545
-1942065.446025
-1942065.446025
-1942064.904443
-1942064.904443
-1942064.235198
-1942064.235198
-1942063.425349
-1942063.425349
-1942062.802237
-1942062.802237
-1942062.255387
-1942062.255387
-1942061.668614
-1942061.668614
-1942060.969090
-1942060.969090
-1942060.408883
-1942060.408883
-1942059.842345
-1942059.842345
-1942059.106738
-1942059.106738
-1942058.408261
-1942058.408261
-1942058.089690
-1942058.089690
-1942057.821439
-1942057.821439
-1942057.483932
-1942057.483932
-1942057.022639
-1942057.022639
-1942056.435131
-1942056.435131
-1942056.029578
-1942056.029578
-1942055.701865
-1942055.701865
-1942055.306179
-1942055.306179
-1942054.823660
-1942054.823660
-1942054.268212
-1942054.268212
-1942053.646821
-1942053.646821
-1942052.831505
-1942052.831505
-1942051.859120
-1942051.859120
-1942051.041329
-1942051.041329
-1942050.464676
-1942050.464676
-1942049.962248
-1942049.962248
-1942049.258194
-1942049.258194
-1942048.439156
-1942048.439156
-1942047.629966
-1942047.629966
-1942046.582232
-1942046.582232
-1942046.192207
-1942046.192207
-1942046.038349
-1942046.038349
-1942045.932291
-1942045.932291
-1942045.820952
-1942045.820952
-1942045.694294
-1942045.694294
-1942045.545200
-1942045.545200
-1942045.364048
-1942045.364048
-1942045.143518
-1942045.143518
-1942044.908325
-1942044.908325
-1942044.738474
-1942044.738474
-1942044.626238
-1942044.626238
-1942044.512169
-1942044.512169
-1942044.381845
-1942044.381845
-1942044.226824
-1942044.226824
-1942044.032704
-1942044.032704
-1942043.772000
-1942043.772000
-1942043.392910
-1942043.392910
-1942042.870361
-1942042.870361
-1942042.489653
-1942042.489653
-1942042.167109
-1942042.167109
-1942041.715964
-1942041.715964
-1942041.402371
-1942041.402371
-1942041.251975
-1942041.251975
-1942041.081919
-1942041.081919
-1942040.875390
-1942040.875390
-1942040.625192
-1942040.625192
-1942040.356708
-1942040.356708
-1942040.130333
-1942040.130333
-1942039.917655
-1942039.917655
-1942039.654096
-1942039.654096
-1942039.290028
-1942039.290028
-1942038.786118
-1942038.786118
-1942038.402102
-1942038.402102
-1942038.217674
-1942038.217674
-1942038.009395
-1942038.009395
-1942037.749278
-1942037.749278
-1942037.400937
-1942037.400937
-1942036.884562
-1942036.884562
-1942036.081802
-1942036.081802
-1942035.402862
-1942035.402862
-1942034.975731
-1942034.975731
-1942034.854493
-1942034.854493
-1942034.781222
-1942034.781222
-1942034.696944
-1942034.696944
-1942034.595421
-1942034.595421
-1942034.468121
-1942034.468121
-1942034.306540
-1942034.306540
-1942034.120756
-1942034.120756
-1942033.964203
-1942033.964203
-1942033.851347
-1942033.851347
-1942033.735000
-1942033.735000
-1942033.593899
-1942033.593899
-1942033.415017
-1942033.415017
-1942033.183330
-1942033.183330
-1942032.897856
-1942032.897856
-1942032.612875
-1942032.612875
-1942032.378465
-1942032.378465
-1942032.174481
-1942032.174481
-1942031.957660
-1942031.957660
-1942031.644544
-1942031.644544
-1942031.235132
-1942031.235132
-1942031.057580
-1942031.057580
-1942030.995054
-1942030.995054
-1942030.931511
-1942030.931511
-1942030.864962
-1942030.864962
-1942030.794882
-1942030.794882
-1942030.720665
-1942030.720665
-1942030.641548
-1942030.641548
-1942030.556548
-1942030.556548
-1942030.464355
-1942030.464355
-1942030.363182
-1942030.363182
-1942030.250524
-1942030.250524
-1942030.122796
-1942030.122796
-1942029.974892
-1942029.974892
-1942029.800192
-1942029.800192
-1942029.593965
-1942029.593965
-1942029.369859
-1942029.369859
-1942029.179610
-1942029.179610
-1942029.038240
-1942029.038240
-1942028.895264
-1942028.895264
-1942028.723391
-1942028.723391
-1942028.504019
-1942028.504019
-1942028.207307
-1942028.207307
-1942027.780685
-1942027.780685
-1942027.188832
-1942027.188832
-1942026.752418
-1942026.752418
-1942026.600860
-1942026.600860
-1942026.488205
-1942026.488205
-1942026.361453
-1942026.361453
-1942026.209925
-1942026.209925
-1942026.023211
-1942026.023211
-1942025.785516
-1942025.785516
-1942025.474675
-1942025.474675
-1942025.072418
-1942025.072418
-1942024.593289
-1942024.593289
-1942024.015222
-1942024.015222
-1942023.311003
-1942023.311003
-1942022.846654
-1942022.846654
-1942022.484101
-1942022.484101
-1942022.016139
-1942022.016139
-1942021.367805
-1942021.367805
-1942020.841829
-1942020.841829
-1942020.439175
-1942020.439175
-1942020.090224
-1942020.090224
-1942019.804671
-1942019.804671
-1942019.474470
-1942019.474470
-1942019.077381
-1942019.077381
-1942018.728471
-1942018.728471
-1942018.523791
-1942018.523791
-1942018.356763
-1942018.356763
-1942018.156299
-1942018.156299
-1942017.898229
-1942017.898229
-1942017.553121
-1942017.553121
-1942017.082323
-1942017.082323
-1942016.502600
-1942016.502600
-1942016.161957
-1942016.161957
-1942015.996947
-1942015.996947
-1942015.800661
-1942015.800661
-1942015.552980
-1942015.552980
-1942015.240735
-1942015.240735
-1942014.871191
-1942014.871191
-1942014.482958
-1942014.482958
-1942014.112222
-1942014.112222
-1942013.844392
-1942013.844392
-1942013.648185
-1942013.648185
-1942013.416876
-1942013.416876
-1942013.134361
-1942013.134361
-1942012.865784
-1942012.865784
-1942012.717456
-1942012.717456
-1942012.650736
-1942012.650736
-1942012.587324
-1942012.587324
-1942012.511379
-1942012.511379
-1942012.415027
-1942012.415027
-1942012.286164
-1942012.286164
-1942012.108998
-1942012.108998
-1942011.883773
-1942011.883773
-1942011.674983
-1942011.674983
-1942011.544044
-1942011.544044
-1942011.471033
-1942011.471033
-1942011.416244
-1942011.416244
-1942011.360514
-1942011.360514
-1942011.300696
-1942011.300696
-1942011.235459
-1942011.235459
-1942011.163196
-1942011.163196
-1942011.081703
-1942011.081703
-1942010.987854
-1942010.987854
-1942010.877115
-1942010.877115
-1942010.742992
-1942010.742992
-1942010.577278
-1942010.577278
-1942010.375495
-1942010.375495
-1942010.157752
-1942010.157752
-1942009.970476
-1942009.970476
-1942009.795253
-1942009.795253
-1942009.604691
-1942009.604691
-1942009.468560
-1942009.468560
-1942009.402345
-1942009.402345
-1942009.346039
-1942009.346039
-1942009.286005
-1942009.286005
-1942009.220585
-1942009.220585
-1942009.148192
-1942009.148192
-1942009.066581
-1942009.066581
-1942008.972351
-1942008.972351
-1942008.860080
-1942008.860080
-1942008.720631
-1942008.720631
-1942008.538321
-1942008.538321
-1942008.291232
-1942008.291232
-1942007.999464
-1942007.999464
-1942007.838795
-1942007.838795
-1942007.791809
-1942007.791809
-1942007.753351
-1942007.753351
-1942007.713514
-1942007.713514
-1942007.670707
-1942007.670707
-1942007.623783
-1942007.623783
-1942007.571321
-1942007.571321
-1942007.511247
-1942007.511247
-1942007.440338
-1942007.440338
-1942007.353291
-1942007.353291
-1942007.240741
-1942007.240741
-1942007.084800
-1942007.084800
-1942006.849117
-1942006.849117
-1942006.474828
-1942006.474828
-1942006.084370
-1942006.084370
-1942005.973126
-1942005.973126
-1942005.890261
-1942005.890261
-1942005.790111
-1942005.790111
-1942005.666179
-1942005.666179
-1942005.516060
-1942005.516060
-1942005.361442
-1942005.361442
-1942005.258480
-1942005.258480
-1942005.208649
-1942005.208649
-1942005.168798
-1942005.168798
-1942005.127113
-1942005.127113
-1942005.082267
-1942005.082267
-1942005.033463
-1942005.033463
-1942004.979677
-1942004.979677
-1942004.919520
-1942004.919520
-1942004.851060
-1942004.851060
-1942004.771542
-1942004.771542
-1942004.676971
-1942004.676971
-1942004.561542
-1942004.561542
-1942004.417406
-1942004.417406
-1942004.237616
-1942004.237616
-1942004.032407
-1942004.032407
-1942003.851870
-1942003.851870
-1942003.712527
-1942003.712527
-1942003.569582
-1942003.569582
-1942003.438765
-1942003.438765
-1942003.365817
-1942003.365817
-1942003.326901
-1942003.326901
-1942003.291171
-1942003.291171
-1942003.253454
-1942003.253454
-1942003.212951
-1942003.212951
-1942003.168924
-1942003.168924
-1942003.120388
-1942003.120388
-1942003.065978
-1942003.065978
-1942003.003759
-1942003.003759
-1942002.930909
-1942002.930909
-1942002.843268
-1942002.843268
-1942002.734811
-1942002.734811
-1942002.598064
-1942002.598064
-1942002.430645
-1942002.430645
-1942002.259843
-1942002.259843
-1942002.141669
-1942002.141669
-1942002.055332
-1942002.055332
-1942001.949533
-1942001.949533
-1942001.811362
-1942001.811362
-1942001.668434
-1942001.668434
-1942001.562376
-1942001.562376
-1942001.460925
-1942001.460925
-1942001.326787
-1942001.326787
-1942001.137137
-1942001.137137
-1942000.876747
-1942000.876747
-1942000.593184
-1942000.593184
-1942000.407106
-1942000.407106
-1942000.334745
-1942000.334745
-1942000.292305
-1942000.292305
-1942000.248044
-1942000.248044
-1942000.198561
-1942000.198561
-1942000.141715
-1942000.141715
-1942000.074414
-1942000.074414
-1941999.992039
-1941999.992039
-1941999.888161
-1941999.888161
-1941999.756905
-1941999.756905
-1941999.607158
-1941999.607158
-1941999.487969
-1941999.487969
-1941999.431017
-1941999.431017
-1941999.395547
-1941999.395547
-1941999.360830
-1941999.360830
-1941999.324736
-1941999.324736
-1941999.286909
-1941999.286909
-1941999.247000
-1941999.247000
-1941999.204577
-1941999.204577
-1941999.159087
-1941999.159087
-1941999.109804
-1941999.109804
-1941999.055757
-1941999.055757
-1941998.995614
-1941998.995614
-1941998.927496
-1941998.927496
-1941998.848686
-1941998.848686
-1941998.755187
-1941998.755187
-1941998.641197
-1941998.641197
-1941998.499489
-1941998.499489
-1941998.328007
-1941998.328007
-1941998.156479
-1941998.156479
-1941998.049807
-1941998.049807
-1941997.993049
-1941997.993049
-1941997.940016
-1941997.940016
-1941997.881320
-1941997.881320
-1941997.814710
-1941997.814710
-1941997.737430
-1941997.737430
-1941997.645313
-1941997.645313
-1941997.531680
-1941997.531680
-1941997.385112
-1941997.385112
-1941997.184519
-1941997.184519
-1941996.888957
-1941996.888957
-1941996.441509
-1941996.441509
-1941996.006687
-1941996.006687
-1941995.815186
-1941995.815186
-1941995.667736
-1941995.667736
-1941995.597810
-1941995.597810
-1941995.568487
-1941995.568487
-1941995.543397
-1941995.543397
-1941995.518314
-1941995.518314
-1941995.493064
-1941995.493064
-1941995.467627
-1941995.467627
-1941995.441985
-1941995.441985
-1941995.416124
-1941995.416124
-1941995.390029
-1941995.390029
-1941995.363684
-1941995.363684
-1941995.337073
-1941995.337073
-1941995.310179
-1941995.310179
-1941995.282981
-1941995.282981
-1941995.255460
-1941995.255460
-1941995.227593
-1941995.227593
-1941995.199357
-1941995.199357
-1941995.170725
-1941995.170725
-1941995.141668
-1941995.141668
-1941995.112157
-1941995.112157
-1941995.082154
-1941995.082154
-1941995.051623
-1941995.051623
-1941995.020521
-1941995.020521
-1941994.988800
-1941994.988800
-1941994.956408
-1941994.956408
-1941994.923285
-1941994.923285
-1941994.889365
-1941994.889365
-1941994.854572
-1941994.854572
-1941994.818821
-1941994.818821
-1941994.782012
-1941994.782012
-1941994.744035
-1941994.744035
-1941994.704759
-1941994.704759
-1941994.664032
-1941994.664032
-1941994.621678
-1941994.621678
-1941994.577490
-1941994.577490
-1941994.531221
-1941994.531221
-1941994.482572
-1941994.482572
-1941994.431187
-1941994.431187
-1941994.376627
-1941994.376627
-1941994.318348
-1941994.318348
-1941994.255669
-1941994.255669
-1941994.187718
-1941994.187718
-1941994.113361
-1941994.113361
-1941994.031088
-1941994.031088
-1941993.938837
-1941993.938837
-1941993.833691
-1941993.833691
-1941993.711359
-1941993.711359
-1941993.565190
-1941993.565190
-1941993.384176
-1941993.384176
-1941993.148559
-1941993.148559
-1941992.820142
-1941992.820142
-1941992.335232
-1941992.335232
-1941991.788100
-1941991.788100
-1941991.520128
-1941991.520128
-1941991.318090
-1941991.318090
-1941991.184511
-1941991.184511
-1941991.076306
-1941991.076306
-1941990.952333
-1941990.952333
-1941990.798810
-1941990.798810
-1941990.597166
-1941990.597166
-1941990.311045
-1941990.311045
-1941989.884371
-1941989.884371
-1941989.444976
-1941989.444976
-1941989.271897
-1941989.271897
-1941989.115155
-1941989.115155
-1941988.936709
-1941988.936709
-1941988.757803
-1941988.757803
-1941988.615662
-1941988.615662
-1941988.501445
-1941988.501445
-1941988.380718
-1941988.380718
-1941988.243577
-1941988.243577
-1941988.105124
-1941988.105124
-1941988.006487
-1941988.006487
-1941987.958052
-1941987.958052
-1941987.926918
-1941987.926918
-1941987.898267
-1941987.898267
-1941987.869715
-1941987.869715
-1941987.840754
-1941987.840754
-1941987.811188
-1941987.811188
-1941987.780898
-1941987.780898
-1941987.749779
-1941987.749779
-1941987.717725
-1941987.717725
-1941987.684607
-1941987.684607
-1941987.650281
-1941987.650281
-1941987.614566
-1941987.614566
-1941987.577246
-1941987.577246
-1941987.538054
-1941987.538054
-1941987.496654
-1941987.496654
-1941987.452616
-1941987.452616
-1941987.405383
-1941987.405383
-1941987.354216
-1941987.354216
-1941987.298105
-1941987.298105
-1941987.235638
-1941987.235638
-1941987.164775
-1941987.164775
-1941987.082479
-1941987.082479
-1941986.984121
-1941986.984121
-1941986.862775
-1941986.862775
-1941986.709969
-1941986.709969
-1941986.527329
-1941986.527329
-1941986.367770
-1941986.367770
-1941986.299904
-1941986.299904
-1941986.274438
-1941986.274438
-1941986.254702
-1941986.254702
-1941986.236153
-1941986.236153
-1941986.217987
-1941986.217987
-1941986.199954
-1941986.199954
-1941986.181974
-1941986.181974
-1941986.164018
-1941986.164018
-1941986.146076
-1941986.146076
-1941986.128144
-1941986.128144
-1941986.110218
-1941986.110218
-1941986.092298
-1941986.092298
-1941986.074382
-1941986.074382
-1941986.056467
-1941986.056467
-1941986.038554
-1941986.038554
-1941986.020641
-1941986.020641
-1941986.002726
-1941986.002726
-1941985.984808
-1941985.984808
-1941985.966886
-1941985.966886
-1941985.948959
-1941985.948959
-1941985.931026
-1941985.931026
-1941985.913085
-1941985.913085
-1941985.895135
-1941985.895135
-1941985.877174
-1941985.877174
-1941985.859201
-1941985.859201
-1941985.841215
-1941985.841215
-1941985.823213
-1941985.823213
-1941985.805193
-1941985.805193
-1941985.787155
-1941985.787155
-1941985.769095
-1941985.769095
-1941985.751011
-1941985.751011
-1941985.732901
-1941985.732901
-1941985.714761
-1941985.714761
-1941985.696589
-1941985.696589
-1941985.678380
-1941985.678380
-1941985.660131
-1941985.660131
-1941985.641837
-1941985.641837
-1941985.623492
-1941985.623492
-1941985.605090
-1941985.605090
-1941985.586625
-1941985.586625
-1941985.568088
-1941985.568088
-1941985.549470
-1941985.549470
-1941985.530760
-1941985.530760
-1941985.511944
-1941985.511944
-1941985.493007
-1941985.493007
-1941985.473930
-1941985.473930
-1941985.454690
-1941985.454690
-1941985.435261
-1941985.435261
-1941985.415607
-1941985.415607
-1941985.395688
-1941985.395688
-1941985.375451
-1941985.375451
-1941985.354830
-1941985.354830
-1941985.333741
-1941985.333741
-1941985.312076
-1941985.312076
-1941985.289692
-1941985.289692
-1941985.266399
-1941985.266399
-1941985.241944
-1941985.241944
-1941985.215973
-1941985.215973
-1941985.187997
-1941985.187997
-1941985.157309
-1941985.157309
-1941985.122870
-1941985.122870
-1941985.083111
-1941985.083111
-1941985.035580
-1941985.035580
-1941984.976340
-1941984.976340
-1941984.898949
-1941984.898949
-1941984.793238
-1941984.793238
-1941984.647367
-1941984.647367
-1941984.472683
-1941984.472683
-1941984.354333
-1941984.354333
-1941984.319177
-1941984.319177
-1941984.299610
-1941984.299610
-1941984.280557
-1941984.280557
-1941984.261458
-1941984.261458
-1941984.242282
-1941984.242282
-1941984.223018
-1941984.223018
-1941984.203653
-1941984.203653
-1941984.184177
-1941984.184177
-1941984.164577
-1941984.164577
-1941984.144840
-1941984.144840
-1941984.124949
-1941984.124949
-1941984.104887
-1941984.104887
-1941984.084632
-1941984.084632
-1941984.064160
-1941984.064160
-1941984.043440
-1941984.043440
-1941984.022438
-1941984.022438
-1941984.001111
-1941984.001111
-1941983.979408
-1941983.979408
-1941983.957269
-1941983.957269
-1941983.934617
-1941983.934617
-1941983.911356
-1941983.911356
-1941983.887370
-1941983.887370
-1941983.862510
-1941983.862510
-1941983.836584
-1941983.836584
-1941983.809345
-1941983.809345
-1941983.780465
-1941983.780465
-1941983.749504
-1941983.749504
-1941983.715861
-1941983.715861
-1941983.678691
-1941983.678691
-1941983.636774
-1941983.636774
-1941983.588287
-1941983.588287
-1941983.530390
-1941983.530390
-1941983.458417
-1941983.458417
-1941983.364189
-1941983.364189
-1941983.232192
-1941983.232192
-1941983.030775
-1941983.030775
-1941982.702290
-1941982.702290
-1941982.306582
-1941982.306582
-1941982.210100
-1941982.210100
-1941982.189594
-1941982.189594
-1941982.169672
-1941982.169672
-1941982.149811
-1941982.149811
-1941982.129932
-1941982.129932
-1941982.109998
-1941982.109998
-1941982.089985
-1941982.089985
-1941982.069875
-1941982.069875
-1941982.049653
-1941982.049653
-1941982.029303
-1941982.029303
-1941982.008811
-1941982.008811
-1941981.988161
-1941981.988161
-1941981.967334
-1941981.967334
-1941981.946310
-1941981.946310
-1941981.925066
-1941981.925066
-1941981.903576
-1941981.903576
-1941981.881810
-1941981.881810
-1941981.859735
-1941981.859735
-1941981.837311
-1941981.837311
-1941981.814494
-1941981.814494
-1941981.791231
-1941981.791231
-1941981.767460
-1941981.767460
-1941981.743108
-1941981.743108
-1941981.718090
-1941981.718090
-1941981.692302
-1941981.692302
-1941981.665619
-1941981.665619
-1941981.637890
-1941981.637890
-1941981.608928
-1941981.608928
-1941981.578503
-1941981.578503
-1941981.546322
-1941981.546322
-1941981.512017
-1941981.512017
-1941981.475109
-1941981.475109
-1941981.434970
-1941981.434970
-1941981.390759
-1941981.390759
-1941981.341324
-1941981.341324
-1941981.285044
-1941981.285044
-1941981.219558
-1941981.219558
-1941981.141293
-1941981.141293
-1941981.044556
-1941981.044556
-1941980.919679
-1941980.919679
-1941980.748932
-1941980.748932
-1941980.497458
-1941980.497458
-1941980.105138
-1941980.105138
-1941979.637438
-1941979.637438
-1941979.413319
-1941979.413319
-1941979.172627
-1941979.172627
-1941978.792121
-1941978.792121
-1941978.437547
-1941978.437547
-1941978.386030
-1941978.386030
-1941978.365256
-1941978.365256
-1941978.344587
-1941978.344587
-1941978.323891
-1941978.323891
-1941978.303144
-1941978.303144
-1941978.282338
-1941978.282338
-1941978.261466
-1941978.261466
-1941978.240523
-1941978.240523
-1941978.219504
-1941978.219504
-1941978.198406
-1941978.198406
-1941978.177224
-1941978.177224
-1941978.155953
-1941978.155953
-1941978.134591
-1941978.134591
-1941978.113134
-1941978.113134
-1941978.091577
-1941978.091577
-1941978.069917
-1941978.069917
-1941978.048149
-1941978.048149
-1941978.026270
-1941978.026270
-1941978.004275
-1941978.004275
-1941977.982160
-1941977.982160
-1941977.959921
-1941977.959921
-1941977.937552
-1941977.937552
-1941977.915049
-1941977.915049
-1941977.892407
-1941977.892407
-1941977.869620
-1941977.869620
-1941977.846682
-1941977.846682
-1941977.823589
-1941977.823589
-1941977.800333
-1941977.800333
-1941977.776907
-1941977.776907
-1941977.753306
-1941977.753306
-1941977.729522
-1941977.729522
-1941977.705547
-1941977.705547
-1941977.681372
-1941977.681372
-1941977.656990
-1941977.656990
-1941977.632391
-1941977.632391
-1941977.607565
-1941977.607565
-1941977.582502
-1941977.582502
-1941977.557191
-1941977.557191
-1941977.531620
-1941977.531620
-1941977.505776
-1941977.505776
-1941977.479646
-1941977.479646
-1941977.453214
-1941977.453214
-1941977.426466
-1941977.426466
-1941977.399384
-1941977.399384
-1941977.371950
-1941977.371950
-1941977.344145
-1941977.344145
-1941977.315945
-1941977.315945
-1941977.287329
-1941977.287329
-1941977.258271
-1941977.258271
-1941977.228742
-1941977.228742
-1941977.198713
-1941977.198713
-1941977.168149
-1941977.168149
-1941977.137013
-1941977.137013
-1941977.105264
-1941977.105264
-1941977.072855
-1941977.072855
-1941977.039736
-1941977.039736
-1941977.005849
-1941977.005849
-1941976.971130
-1941976.971130
-1941976.935504
-1941976.935504
-1941976.898887
-1941976.898887
-1941976.861184
-1941976.861184
-1941976.822284
-1941976.822284
-1941976.782056
-1941976.782056
-1941976.740350
-1941976.740350
-1941976.696986
-1941976.696986
-1941976.651750
-1941976.651750
-1941976.604383
-1941976.604383
-1941976.554568
-1941976.554568
-1941976.501912
-1941976.501912
-1941976.445921
-1941976.445921
-1941976.385961
-1941976.385961
-1941976.321203
-1941976.321203
-1941976.250541
-1941976.250541
-1941976.172452
-1941976.172452
-1941976.084784
-1941976.084784
-1941975.984376
-1941975.984376
-1941975.866399
-1941975.866399
-1941975.723137
-1941975.723137
-1941975.541841
-1941975.541841
-1941975.302256
-1941975.302256
-1941974.986311
-1941974.986311
-1941974.658415
-1941974.658415
-1941974.438961
-1941974.438961
-1941974.244297
-1941974.244297
-1941974.112799
-1941974.112799
-1941974.057324
-1941974.057324
-1941974.013283
-1941974.013283
-1941973.967959
-1941973.967959
-1941973.920643
-1941973.920643
-1941973.871019
-1941973.871019
-1941973.818738
-1941973.818738
-1941973.763378
-1941973.763378
-1941973.704417
-1941973.704417
-1941973.641195
-1941973.641195
-1941973.572864
-1941973.572864
-1941973.498311
-1941973.498311
-1941973.416045
-1941973.416045
-1941973.324031
-1941973.324031
-1941973.219463
-1941973.219463
-1941973.098541
-1941973.098541
-1941972.956680
-1941972.956680
-1941972.791061
-1941972.791061
-1941972.610625
-1941972.610625
-1941972.448495
-1941972.448495
-1941972.322890
-1941972.322890
-1941972.199335
-1941972.199335
-1941972.050512
-1941972.050512
-1941971.872760
-1941971.872760
-1941971.706116
-1941971.706116
-1941971.620522
-1941971.620522
-1941971.582840
-1941971.582840
-1941971.548733
-1941971.548733
-1941971.510560
-1941971.510560
-1941971.465889
-1941971.465889
-1941971.412072
-1941971.412072
-1941971.345346
-1941971.345346
-1941971.260098
-1941971.260098
-1941971.148596
-1941971.148596
-1941971.005129
-1941971.005129
-1941970.849825
-1941970.849825
-1941970.755444
-1941970.755444
-1941970.731592
-1941970.731592
-1941970.721827
-1941970.721827
