-1986206.294898
0
0.000688 0.000224 0.000137 0.000142 0.000117 0.000052 0.000146 0.000633 0.008093 0.002569 0.005397 0.003853 0.000000 0.000111 0.000435 0.000000 0.001280 0.000449 0.000460 0.001748 0.000000 0.000032 0.000169 0.000132 0.000465 0.000088 0.000000 0.000307 0.000000 0.000405 0.000000 0.000101 0.014649 0.002936 0.006357 0.008916 0.000019 0.000646 0.000000 0.000392 0.000686 0.000442 0.000569 0.000374 0.000132 0.000058 0.000080 0.000164 0.000369 0.000033 0.000047 0.000000 0.000000 0.000000 0.000000 0.000177 0.006861 0.002195 0.000840 0.003320 0.000051 0.000141 0.000000 0.000068 0.000000 0.000098 0.000000 0.000454 0.000000 0.000049 0.000068 0.000101 0.014532 0.005788 0.001583 0.011281 0.037750 0.000000 0.001507 0.066152 0.419048 0.082653 0.050812 0.227092 0.000226 0.000000 0.000027 0.000260 0.000090 0.000527 0.000386 0.000536 0.000115 0.000000 0.000105 0.000000 
0.021310 0.016517 0.006036 0.014042 0.011886 0.006774 0.002744 0.010203 0.021059 0.011387 0.052896 0.012907 0.006668 0.005346 0.008053 0.008262 0.019337 0.008471 0.015723 0.015381 0.002041 0.001557 0.004235 0.003671 0.019614 0.021521 0.003389 0.018993 0.008437 0.007710 0.003343 0.010820 0.020421 0.015515 0.032225 0.018386 0.005305 0.007764 0.014434 0.009831 0.008025 0.008920 0.011702 0.011651 0.001146 0.003093 0.005871 0.006232 0.017065 0.016403 0.006653 0.013067 0.006287 0.006749 0.002290 0.007312 0.017926 0.016206 0.033166 0.014904 0.004633 0.003605 0.007431 0.004931 0.010987 0.006357 0.007715 0.009293 0.001406 0.001098 0.006093 0.002761 0.017669 0.023014 0.004556 0.021819 0.004361 0.009716 0.001658 0.009348 0.000000 0.013203 0.021374 0.005711 0.006797 0.005616 0.005723 0.008260 0.009712 0.008134 0.008353 0.009703 0.003134 0.003358 0.005605 0.007985 
0.127431 0.872569 
0.958022 0.041978 
0.034560 0.965440 
0.044154 0.955846 
0.038828 0.961172 
0.042364 0.957636 
0.029721 0.970279 
0.189853 0.810147 
0.732947 0.267053 
0.360030 0.639970 
0.034671 0.965329 
0.037144 0.962856 
0.987372 0.012628 
0.023385 0.976615 
0.054395 0.945605 
0.020428 0.979572 
0.001955 0.998045 
0.045980 0.954020 
0.002281 0.997719 
0.094438 0.905562 
0.519316 0.480684 
0.080372 0.919628 
0.059085 0.940915 
0.430858 0.569142 
0.040292 0.959708 
0.045687 0.954313 
0.010888 0.989112 
0.015121 0.984879 
0.032083 0.967917 
0.619859 0.380141 
0.016615 0.983385 
0.022075 0.977925 
0.779767 0.220233 
0.029163 0.970837 
0.037730 0.962270 
0.822818 0.177182 
0.042343 0.957657 
0.019216 0.980784 
0.042773 0.957227 
0.064163 0.935837 
0.026435 0.973565 
0.044635 0.955365 
0.046078 0.953922 
0.129001 0.870999 
0.114328 0.885672 
0.030931 0.969069 
0.018738 0.981262 
0.087172 0.912828 
0.219431 0.780569 
0.946847 0.053153 
0.997268 0.002732 
0.013221 0.986779 
0.021252 0.978748 
0.845475 0.154525 
0.043746 0.956254 
0.875814 0.124186 
0.055218 0.944782 
0.869733 0.130267 
0.103431 0.896569 
0.026778 0.973222 
0.014807 0.985193 
0.040146 0.959854 
0.044718 0.955282 
0.634129 0.365871 
0.070726 0.929274 
0.008157 0.991843 
0.036172 0.963828 
0.945390 0.054610 
0.001740 0.998260 
0.897687 0.102313 
0.172645 0.827355 
0.019455 0.980545 
0.011278 0.988722 
0.043323 0.956677 
0.009546 0.990454 
0.345702 0.654298 
0.055988 0.944012 
0.128728 0.871272 
0.018654 0.981346 
0.078795 0.921205 
0.064265 0.935735 
0.023870 0.976130 
0.192142 0.807858 
0.020444 0.979556 
0.073116 0.926884 
0.995641 0.004359 
0.029233 0.970767 
0.530134 0.469866 
0.029944 0.970056 
0.015102 0.984898 
0.031856 0.968144 
0.041457 0.958543 
0.670627 0.329373 
0.105491 0.894509 
0.056367 0.943633 
0.163664 0.836336 
0.727518 0.272482 
0.029985 0.970015 
0.019642 0.980358 
0.015482 0.984518 
0.179943 0.820057 
0.024439 0.975561 
0.022342 0.977658 
0.967423 0.032577 
0.037641 0.962359 
0.264819 0.735181 
0.023213 0.976787 
0.053171 0.946829 
0.009045 0.990955 
0.010618 0.989382 
0.165469 0.834531 
0.895664 0.104336 
0.025729 0.974271 
0.478548 0.521452 
0.011656 0.988344 
0.047576 0.952424 
0.031400 0.968600 
0.952820 0.047180 
0.022322 0.977678 
0.043954 0.956046 
0.045241 0.954759 
0.861825 0.138175 
0.029011 0.970989 
0.369656 0.630344 
0.024972 0.975028 
0.042938 0.957062 
0.035712 0.964288 
0.825733 0.174267 
0.029247 0.970753 
0.028507 0.971493 
0.020211 0.979789 
0.882579 0.117421 
0.022080 0.977920 
0.102313 0.897687 
0.628968 0.371032 
0.390413 0.609587 
0.610946 0.389054 
0.008026 0.991974 
0.047927 0.952073 
0.453494 0.546506 
0.211280 0.788720 
0.003185 0.996815 
0.006971 0.993029 
0.089220 0.910780 
0.287576 0.712424 
0.018306 0.981694 
0.062864 0.937136 
0.038792 0.961208 
0.007176 0.992824 
0.005263 0.994737 
0.040455 0.959545 
0.010684 0.989316 
0.040425 0.959575 
0.085619 0.914381 
0.006919 0.993081 
0.009855 0.990145 
0.117037 0.882963 
0.028129 0.971871 
0.597195 0.402805 
0.026706 0.973294 
0.038734 0.961266 
0.049074 0.950926 
0.029524 0.970476 
0.986415 0.013585 
0.026306 0.973694 
0.002841 0.997159 
0.039202 0.960798 
0.023500 0.976500 
0.304795 0.695205 
0.037687 0.962313 
0.158640 0.841360 
0.031291 0.968709 
0.006587 0.993413 
0.006556 0.993444 
0.016586 0.983414 
0.057544 0.942456 
0.033782 0.966218 
0.044592 0.955408 
0.435806 0.564194 
0.016808 0.983192 
0.048472 0.951528 
0.025716 0.974284 
0.057873 0.942127 
0.017155 0.982845 
0.141277 0.858723 
0.005481 0.994519 
0.021175 0.978825 
0.675329 0.324671 
0.024792 0.975208 
0.532758 0.467242 
0.145308 0.854692 
0.998233 0.001767 
0.433228 0.566772 
0.007401 0.992599 
0.064701 0.935299 
0.008281 0.991719 
0.025242 0.974758 
0.806226 0.193774 
0.983783 0.016217 
0.025011 0.974989 
0.033515 0.966485 
0.038267 0.961733 
0.064296 0.935704 
0.318854 0.681146 
0.015140 0.984860 
0.040295 0.959705 
0.023382 0.976618 
0.034717 0.965283 
0.864463 0.135537 
0.024908 0.975092 
0.018102 0.981898 
0.035803 0.964197 
0.033454 0.966546 
0.020085 0.979915 
0.016235 0.983765 
0.748765 0.251235 
0.078771 0.921229 
0.752801 0.247199 
0.002125 0.997875 
0.044318 0.955682 
0.037188 0.962812 
0.831238 0.168762 
0.635416 0.364584 
0.023239 0.976761 
0.029222 0.970778 
0.036797 0.963203 
0.006598 0.993402 
0.030117 0.969883 
0.042373 0.957627 
0.036941 0.963059 
0.015434 0.984566 
0.597804 0.402196 
0.033628 0.966372 
0.029811 0.970189 
0.026479 0.973521 
0.989948 0.010052 
0.442203 0.557797 
0.681339 0.318661 
0.817184 0.182816 
0.043723 0.956277 
0.021841 0.978159 
0.043123 0.956877 
0.851322 0.148678 
0.850200 0.149800 
0.207862 0.792138 
0.284776 0.715224 
0.023652 0.976348 
0.326969 0.673031 
0.005004 0.994996 
0.204607 0.795393 
0.024785 0.975215 
0.860677 0.139323 
0.941431 0.058569 
0.025825 0.974175 
0.993249 0.006751 
0.012810 0.987190 
0.020392 0.979608 
0.027496 0.972504 
0.014775 0.985225 
0.014211 0.985789 
0.027320 0.972680 
0.039192 0.960808 
0.832199 0.167801 
0.030315 0.969685 
0.046804 0.953196 
0.889896 0.110104 
0.041923 0.958077 
0.009404 0.990596 
0.034369 0.965631 
0.152673 0.847327 
0.437229 0.562771 
0.431945 0.568055 
0.015383 0.984617 
0.014041 0.985959 
0.025401 0.974599 
0.946796 0.053204 
0.022291 0.977709 
0.992263 0.007737 
0.112029 0.887971 
0.482283 0.517717 
0.016744 0.983256 
0.588024 0.411976 
0.075015 0.924985 
0.062206 0.937794 
0.014048 0.985952 
0.056990 0.943010 
0.003144 0.996856 
0.009381 0.990619 
0.867555 0.132445 
0.033888 0.966112 
0.067119 0.932881 
0.381036 0.618964 
0.999036 0.000964 
0.023568 0.976432 
0.979781 0.020219 
0.020636 0.979364 
0.007421 0.992579 
0.424518 0.575482 
0.464660 0.535340 
0.560776 0.439224 
0.010639 0.989361 
0.620910 0.379090 
0.095608 0.904392 
0.042948 0.957052 
0.101965 0.898035 
0.008586 0.991414 
0.266778 0.733222 
0.068102 0.931898 
0.022995 0.977005 
0.024496 0.975504 
0.024099 0.975901 
0.017142 0.982858 
0.069750 0.930250 
0.003070 0.996930 
0.011579 0.988421 
0.460474 0.539526 
0.897928 0.102072 
0.009472 0.990528 
0.049514 0.950486 
0.019161 0.980839 
0.025401 0.974599 
0.013059 0.986941 
0.334126 0.665874 
0.924162 0.075838 
0.990395 0.009605 
0.847275 0.152725 
0.412927 0.587073 
0.024345 0.975655 
0.027896 0.972104 
0.923009 0.076991 
0.143633 0.856367 
0.016627 0.983373 
0.063252 0.936748 
0.982521 0.017479 
0.987026 0.012974 
0.018587 0.981413 
0.966219 0.033781 
0.112507 0.887493 
0.030655 0.969345 
0.350747 0.649253 
0.999031 0.000969 
0.021349 0.978651 
0.067801 0.932199 
0.407791 0.592209 
0.679448 0.320552 
0.041560 0.958440 
0.022037 0.977963 
0.027102 0.972898 
0.024184 0.975816 
0.282844 0.717156 
0.018461 0.981539 
0.081771 0.918229 
0.023818 0.976182 
0.014094 0.985906 
0.030668 0.969332 
0.052146 0.947854 
0.005962 0.994038 
0.013733 0.986267 
0.006560 0.993440 
0.034150 0.965850 
0.708600 0.291400 
0.109894 0.890106 
0.211752 0.788248 
0.031440 0.968560 
0.982367 0.017633 
0.964635 0.035365 
0.040106 0.959894 
0.038780 0.961220 
0.023876 0.976124 
0.024135 0.975865 
0.034643 0.965357 
0.022282 0.977718 
0.023751 0.976249 
0.099292 0.900708 
0.018848 0.981152 
0.043778 0.956222 
0.028363 0.971637 
0.032426 0.967574 
0.028358 0.971642 
0.403219 0.596781 
0.029804 0.970196 
0.938561 0.061439 
0.015789 0.984211 
0.509169 0.490831 
0.006328 0.993672 
0.001753 0.998247 
0.007722 0.992278 
0.109390 0.890610 
0.978188 0.021812 
0.061870 0.938130 
0.020297 0.979703 
0.016268 0.983732 
0.041574 0.958426 
0.039707 0.960293 
0.141353 0.858647 
0.003312 0.996688 
0.032499 0.967501 
0.032657 0.967343 
0.057176 0.942824 
0.320183 0.679817 
0.983126 0.016874 
0.011049 0.988951 
0.030574 0.969426 
0.024636 0.975364 
0.047642 0.952358 
0.026947 0.973053 
0.200990 0.799010 
0.053578 0.946422 
0.686497 0.313503 
0.025201 0.974799 
0.079175 0.920825 
0.028129 0.971871 
0.029814 0.970186 
0.023975 0.976025 
0.152587 0.847413 
0.021034 0.978966 
0.029173 0.970827 
0.024811 0.975189 
0.038594 0.961406 
0.617964 0.382036 
0.066287 0.933713 
0.019066 0.980934 
0.012015 0.987985 
0.022351 0.977649 
0.962935 0.037065 
0.996984 0.003016 
0.516279 0.483721 
0.253443 0.746557 
0.006299 0.993701 
0.063808 0.936192 
0.007842 0.992158 
0.043819 0.956181 
0.353472 0.646528 
0.398829 0.601171 
0.003949 0.996051 
0.009475 0.990525 
0.741071 0.258929 
0.028177 0.971823 
0.029694 0.970306 
0.053012 0.946988 
0.057259 0.942741 
0.024098 0.975902 
0.984698 0.015302 
0.984423 0.015577 
0.047447 0.952553 
0.018049 0.981951 
0.690159 0.309841 
0.026316 0.973684 
0.005822 0.994178 
0.763532 0.236468 
0.260882 0.739118 
0.007473 0.992527 
0.521413 0.478587 
0.039936 0.960064 
0.007867 0.992133 
0.054046 0.945954 
0.044911 0.955089 
0.004874 0.995126 
0.025138 0.974862 
0.008639 0.991361 
0.989098 0.010902 
0.026097 0.973903 
0.012464 0.987536 
0.897104 0.102896 
0.027048 0.972952 
0.030600 0.969400 
0.593968 0.406032 
0.989616 0.010384 
0.106759 0.893241 
0.031699 0.968301 
0.030328 0.969672 
0.035316 0.964684 
0.026364 0.973636 
0.026324 0.973676 
0.048223 0.951777 
0.409747 0.590253 
0.303738 0.696262 
0.969476 0.030524 
0.252579 0.747421 
0.029935 0.970065 
0.040025 0.959975 
0.019703 0.980297 
0.020108 0.979892 
0.029431 0.970569 
0.053676 0.946324 
0.018146 0.981854 
0.024634 0.975366 
0.036324 0.963676 
0.023590 0.976410 
0.023865 0.976135 
0.984217 0.015783 
0.036587 0.963413 
0.022783 0.977217 
0.020785 0.979215 
0.004667 0.995333 
0.040270 0.959730 
0.990823 0.009177 
0.031638 0.968362 
0.022212 0.977788 
0.018996 0.981004 
0.342191 0.853317 
