-899752.083128
-899752.083128
-895728.211013
-895728.211013
-893585.588366
-893585.588366
-891936.736182
-891936.736182
-890261.799772
-890261.799772
-887966.903909
-887966.903909
-883939.567438
-883939.567438
-876838.442385
-876838.442385
-867686.963283
-867686.963283
-852101.521508
-852101.521508
-844800.465167
-844800.465167
-838561.392423
-838561.392423
-820947.759714
-820947.759714
-818112.888370
-818112.888370
-816084.245400
-816084.245400
-814525.321217
-814525.321217
-813276.759342
-813276.759342
-812264.350298
-812264.350298
-811438.115713
-811438.115713
-810753.878744
-810753.878744
-810173.677560
-810173.677560
-809668.471337
-809668.471337
-809220.144207
-809220.144207
-808819.799439
-808819.799439
-808462.870075
-808462.870075
-808148.257675
-808148.257675
-807872.621425
-807872.621425
-805943.790799
-805943.790799
-805733.907462
-805733.907462
-803928.136369
-803928.136369
-803761.072398
-803761.072398
-803628.612418
-803628.612418
-803517.129689
-803517.129689
-803421.089556
-803421.089556
-803336.521212
-803336.521212
-803260.146397
-803260.146397
-803190.951327
-803190.951327
-803129.483164
-803129.483164
-801425.806151
-801425.806151
-801365.507364
-801365.507364
-801315.306999
-801315.306999
-801270.215587
-801270.215587
-801228.571860
-801228.571860
-801189.510138
-801189.510138
-801153.123403
-801153.123403
-801119.229176
-801119.229176
-801086.818328
-801086.818328
-801055.349655
-801055.349655
-801024.891782
-801024.891782
-800995.973520
-800995.973520
-800968.094160
-800968.094160
-800941.022227
-800941.022227
-800914.728140
-800914.728140
-800889.317424
-800889.317424
-800864.770746
-800864.770746
-799228.358582
-799228.358582
-799194.184919
-799194.184919
-799167.974993
-799167.974993
-799145.241026
-799145.241026
-799124.333753
-799124.333753
-799104.646518
-799104.646518
-799086.071149
-799086.071149
-799068.134638
-799068.134638
-799050.517126
-799050.517126
-799033.215164
-799033.215164
-799016.641446
-799016.641446
-799000.926015
-799000.926015
-798985.503529
-798985.503529
-798970.139688
-798970.139688
-798954.731685
-798954.731685
-798939.404007
-798939.404007
-798924.443388
-798924.443388
-798910.532877
-798910.532877
-798897.188631
-798897.188631
-798884.047677
-798884.047677
-798871.052077
-798871.052077
-798858.048011
-798858.048011
-798844.970473
-798844.970473
-798832.206255
-798832.206255
-798820.007635
-798820.007635
-798808.246870
-798808.246870
-798796.667029
-798796.667029
-798785.194329
-798785.194329
-797330.486006
-797330.486006
-797270.453217
-797270.453217
-797236.644284
-797236.644284
-797213.910039
-797213.910039
-797196.681177
-797196.681177
-797182.471110
-797182.471110
-797170.065132
-797170.065132
-797158.870571
-797158.870571
-797148.592182
-797148.592182
-797138.984483
-797138.984483
-797129.784995
-797129.784995
-797120.908256
-797120.908256
-797112.240468
-797112.240468
-797104.142325
-797104.142325
-797096.411110
-797096.411110
-797088.762673
-797088.762673
-797081.109193
-797081.109193
-795699.619694
-795699.619694
-795660.976547
-795660.976547
-795635.110802
-795635.110802
-795615.279597
-795615.279597
-795598.910802
-795598.910802
-795584.906526
-795584.906526
-795572.455880
-795572.455880
-795561.345972
-795561.345972
-795551.170066
-795551.170066
-795541.485847
-795541.485847
-795532.311712
-795532.311712
-795523.996370
-795523.996370
-795516.156211
-795516.156211
-795508.674327
-795508.674327
-795501.300849
-795501.300849
-795493.963330
-795493.963330
-795486.881426
-795486.881426
-795480.372711
-795480.372711
-795474.278234
-795474.278234
-795468.783344
-795468.783344
-795463.563561
-795463.563561
-795458.521083
-795458.521083
-795453.564111
-795453.564111
-795448.603545
-795448.603545
-795443.588765
-795443.588765
-795438.493576
-795438.493576
-795433.306686
-795433.306686
-795428.070845
-795428.070845
-795422.995313
-795422.995313
-795417.931366
-795417.931366
-795412.709080
-795412.709080
-795407.202166
-795407.202166
-795401.422120
-795401.422120
-795395.587481
-795395.587481
-795390.051207
-795390.051207
-795384.509648
-795384.509648
-795378.796094
-795378.796094
-794088.593519
-794088.593519
-794048.980175
-794048.980175
-794020.012381
-794020.012381
-793996.328630
-793996.328630
-793976.010357
-793976.010357
-793958.191073
-793958.191073
-793942.344190
-793942.344190
-793928.169939
-793928.169939
-793915.810020
-793915.810020
-793904.924196
-793904.924196
-793895.107455
-793895.107455
-793886.139158
-793886.139158
-793877.919724
-793877.919724
-793870.452139
-793870.452139
-793863.600746
-793863.600746
-793857.163641
-793857.163641
-793851.043617
-793851.043617
-793845.219743
-793845.219743
-793839.721488
-793839.721488
-793834.343317
-793834.343317
-793829.095592
-793829.095592
-793824.251488
-793824.251488
-793819.795551
-793819.795551
-793815.556000
-793815.556000
-793811.464728
-793811.464728
-793807.524641
-793807.524641
-793803.763555
-793803.763555
-793800.080934
-793800.080934
-793796.426856
-793796.426856
-793792.740631
-793792.740631
-793789.044309
-793789.044309
-793785.348420
-793785.348420
-793781.566542
-793781.566542
-793777.683570
-793777.683570
-793773.707294
-793773.707294
-793769.958273
-793769.958273
-793766.926737
-793766.926737
-793764.128083
-793764.128083
-793761.292084
-793761.292084
-793758.405686
-793758.405686
-793755.576339
-793755.576339
-793752.978548
-793752.978548
-793750.504484
-793750.504484
-793747.975258
-793747.975258
-793745.431949
-793745.431949
-793742.925917
-793742.925917
-793740.605908
-793740.605908
-793738.478726
-793738.478726
-793736.402223
-793736.402223
-793734.295675
-793734.295675
-793732.110284
-793732.110284
-793729.856328
-793729.856328
-793727.489334
-793727.489334
-793724.972555
-793724.972555
-793722.322466
-793722.322466
-793719.484503
-793719.484503
-793716.453168
-793716.453168
-793713.088002
-793713.088002
-793709.334614
-793709.334614
-793705.477778
-793705.477778
-793702.080140
-793702.080140
-793699.201810
-793699.201810
-793696.704075
-793696.704075
-793694.298566
-793694.298566
-793692.008559
-793692.008559
-793689.876461
-793689.876461
-793687.860870
-793687.860870
-793685.789084
-793685.789084
-793683.657504
-793683.657504
-793681.594607
-793681.594607
-793679.469330
-793679.469330
-793677.175090
-793677.175090
-793674.813003
-793674.813003
-793672.390384
-793672.390384
-793669.839297
-793669.839297
-793667.232019
-793667.232019
-793664.567365
-793664.567365
-793661.961548
-793661.961548
-793659.361093
-793659.361093
-793656.636300
-793656.636300
-793653.674086
-793653.674086
-793650.351121
-793650.351121
-793647.280890
-793647.280890
-793644.453777
-793644.453777
-792410.224045
-792410.224045
-792307.398377
-792307.398377
-792253.434650
-792253.434650
-792220.636369
-792220.636369
-792198.958188
-792198.958188
-792183.653830
-792183.653830
-792172.177898
-792172.177898
-792163.099236
-792163.099236
-792155.558134
-792155.558134
-792149.016838
-792149.016838
-792143.231983
-792143.231983
-792138.115294
-792138.115294
-792133.404633
-792133.404633
-792129.005342
-792129.005342
-792124.809499
-792124.809499
-792120.455009
-792120.455009
-792115.922862
-792115.922862
-792111.228152
-792111.228152
-792106.842085
-792106.842085
-792103.635393
-792103.635393
-792101.202887
-792101.202887
-792098.817480
-792098.817480
-792096.320110
-792096.320110
-792093.601680
-792093.601680
-792090.669759
-792090.669759
-792088.007387
-792088.007387
-792085.549456
-792085.549456
-792083.391554
-792083.391554
-792081.423215
-792081.423215
-792079.482670
-792079.482670
-792077.494111
-792077.494111
-792075.457235
-792075.457235
-792073.468793
-792073.468793
-792071.560775
-792071.560775
-792069.753275
-792069.753275
-792067.952660
-792067.952660
-792066.087405
-792066.087405
-792064.188403
-792064.188403
-792062.524689
-792062.524689
-792060.922794
-792060.922794
-792059.108569
-792059.108569
-792056.991149
-792056.991149
-792054.588551
-792054.588551
-792051.989068
-792051.989068
-792049.212608
-792049.212608
-792046.745907
-792046.745907
-792044.197042
-792044.197042
-792041.582860
-792041.582860
-792039.346519
-792039.346519
-792037.047748
-792037.047748
-792034.713462
-792034.713462
-792032.414756
-792032.414756
-792030.117939
-792030.117939
-792027.764460
-792027.764460
-792025.382392
-792025.382392
-792023.212079
-792023.212079
-792021.429196
-792021.429196
-792020.146613
-792020.146613
-792018.869763
-792018.869763
-792017.533872
-792017.533872
-792016.450496
-792016.450496
-792015.443152
-792015.443152
-792014.275219
-792014.275219
-792012.980934
-792012.980934
-792011.708726
-792011.708726
-792010.488824
-792010.488824
-792009.225802
-792009.225802
-792007.859690
-792007.859690
-792006.188109
-792006.188109
-792004.583422
-792004.583422
-792003.246590
-792003.246590
-792001.998009
-792001.998009
-792000.630435
-792000.630435
-791999.163709
-791999.163709
-791997.371198
-791997.371198
-791995.177905
-791995.177905
-791993.346223
-791993.346223
-791991.490861
-791991.490861
-791989.513224
-791989.513224
-791987.621292
-791987.621292
-791985.964146
-791985.964146
-791984.548830
-791984.548830
-791983.590918
-791983.590918
-791982.696864
-791982.696864
-791981.683041
-791981.683041
-791980.696708
-791980.696708
-791979.951860
-791979.951860
-791979.320807
-791979.320807
-791978.666012
-791978.666012
-791977.996868
-791977.996868
-791977.304940
-791977.304940
-791976.551893
-791976.551893
-791975.708943
-791975.708943
-791974.749870
-791974.749870
-791973.628808
-791973.628808
-791972.233078
-791972.233078
-791970.407575
-791970.407575
-791968.615953
-791968.615953
-791966.967314
-791966.967314
-791965.086195
-791965.086195
-791962.791885
-791962.791885
-791961.168028
-791961.168028
-791959.813806
-791959.813806
-791958.217104
-791958.217104
-791956.467839
-791956.467839
-791955.121118
-791955.121118
-791953.900570
-791953.900570
-791952.289927
-791952.289927
-791950.531572
-791950.531572
-791949.516644
-791949.516644
-791948.354604
-791948.354604
-791946.821016
-791946.821016
-791945.659568
-791945.659568
-791944.879259
-791944.879259
-791944.045670
-791944.045670
-791943.085959
-791943.085959
-791942.020490
-791942.020490
-791941.108991
-791941.108991
-791940.249117
-791940.249117
-791939.234544
-791939.234544
-791937.892282
-791937.892282
-791936.905071
-791936.905071
-791936.299251
-791936.299251
-791935.599792
-791935.599792
-791934.784339
-791934.784339
-791934.030803
-791934.030803
-791933.442919
-791933.442919
-791932.957638
-791932.957638
-791932.508545
-791932.508545
-791932.025949
-791932.025949
-791931.497464
-791931.497464
-791930.910166
-791930.910166
-791930.240843
-791930.240843
-791929.458345
-791929.458345
-791928.592076
-791928.592076
-791927.915508
-791927.915508
-791927.386697
-791927.386697
-791926.847745
-791926.847745
-791926.266814
-791926.266814
-791925.640971
-791925.640971
-791924.968703
-791924.968703
-791924.197415
-791924.197415
-791923.209792
-791923.209792
-791921.778063
-791921.778063
-791920.033516
-791920.033516
-791919.193424
-791919.193424
-791918.398889
-791918.398889
-791917.429207
-791917.429207
-791916.342138
-791916.342138
-791915.418378
-791915.418378
-791914.434776
-791914.434776
-791913.140376
-791913.140376
-791911.772301
-791911.772301
-791910.561000
-791910.561000
-791909.173593
-791909.173593
-791907.532253
-791907.532253
-791905.746747
-791905.746747
-791903.501627
-791903.501627
-791901.340252
-791901.340252
-791899.792754
-791899.792754
-791898.623045
-791898.623045
-791897.664385
-791897.664385
-791897.144751
-791897.144751
-791896.596423
-791896.596423
-791895.964060
-791895.964060
-791895.297806
-791895.297806
-791894.623037
-791894.623037
-791894.180226
-791894.180226
-791893.797863
-791893.797863
-791893.351354
-791893.351354
-791892.799398
-791892.799398
-791892.082978
-791892.082978
-791891.301490
-791891.301490
-791890.680622
-791890.680622
-791889.892395
-791889.892395
-791888.704709
-791888.704709
-791887.566566
-791887.566566
-791886.799177
-791886.799177
-791886.380121
-791886.380121
-791886.020746
-791886.020746
-791885.630997
-791885.630997
-791885.218723
-791885.218723
-791884.812202
-791884.812202
-791884.406520
-791884.406520
-791883.958375
-791883.958375
-791883.429601
-791883.429601
-791882.761609
-791882.761609
-791881.817285
-791881.817285
-791880.876087
-791880.876087
-791880.419884
-791880.419884
-791879.916666
-791879.916666
-791879.300338
-791879.300338
-791878.546597
-791878.546597
-791877.965498
-791877.965498
-791877.512354
-791877.512354
-791877.001061
-791877.001061
-791876.407196
-791876.407196
-791875.729801
-791875.729801
-791875.035132
-791875.035132
-791874.243795
-791874.243795
-791873.092416
-791873.092416
-791871.929575
-791871.929575
-791870.964519
-791870.964519
-791869.837556
-791869.837556
-791869.381606
-791869.381606
-791869.002087
-791869.002087
-791868.599882
-791868.599882
-791868.163915
-791868.163915
-791867.690098
-791867.690098
-791867.197703
-791867.197703
-791866.740716
-791866.740716
-791866.360633
-791866.360633
-791866.023398
-791866.023398
-791865.675452
-791865.675452
-791865.276142
-791865.276142
-791864.793058
-791864.793058
-791864.229050
-791864.229050
-791863.690780
-791863.690780
-791863.263264
-791863.263264
-791862.846687
-791862.846687
-791862.376372
-791862.376372
-791861.832945
-791861.832945
-791861.184446
-791861.184446
-791860.398316
-791860.398316
-791859.490853
-791859.490853
-791858.597883
-791858.597883
-791858.281545
-791858.281545
-791857.958353
-791857.958353
-791857.582606
-791857.582606
-791857.127665
-791857.127665
-791856.560151
-791856.560151
-791855.896985
-791855.896985
-791855.305180
-791855.305180
-791854.862609
-791854.862609
-791854.422754
-791854.422754
-791853.908568
-791853.908568
-791853.355861
-791853.355861
-791852.746730
-791852.746730
-791852.372854
-791852.372854
-791852.143273
-791852.143273
-791851.906071
-791851.906071
-791851.658921
-791851.658921
-791851.403966
-791851.403966
-791851.144364
-791851.144364
-791850.880288
-791850.880288
-791850.605807
-791850.605807
-791850.311375
-791850.311375
-791849.986931
-791849.986931
-791849.620720
-791849.620720
-791849.195935
-791849.195935
-791848.693300
-791848.693300
-791848.146274
-791848.146274
-791847.696340
-791847.696340
-791847.275309
-791847.275309
-791846.777734
-791846.777734
-791846.174623
-791846.174623
-791845.591441
-791845.591441
-791845.239513
-791845.239513
-791844.952184
-791844.952184
-791844.650692
-791844.650692
-791844.317263
-791844.317263
-791843.940143
-791843.940143
-791843.503710
-791843.503710
-791842.987597
-791842.987597
-791842.381822
-791842.381822
-791841.756810
-791841.756810
-791841.250726
-791841.250726
-791840.835575
-791840.835575
-791840.423333
-791840.423333
-791839.952226
-791839.952226
-791839.348772
-791839.348772
-791838.448870
-791838.448870
-791837.446009
-791837.446009
-791837.001258
-791837.001258
-791836.536897
-791836.536897
-791836.055427
-791836.055427
-791835.546020
-791835.546020
-791834.916344
-791834.916344
-791834.063410
-791834.063410
-791833.039530
-791833.039530
-791832.334003
-791832.334003
-791831.733132
-791831.733132
-791830.966658
-791830.966658
-791829.879171
-791829.879171
-791829.337193
-791829.337193
-791828.879939
-791828.879939
-791828.472191
-791828.472191
-791828.152142
-791828.152142
-791827.816688
-791827.816688
-791827.458979
-791827.458979
-791827.127993
-791827.127993
-791826.843431
-791826.843431
-791826.554254
-791826.554254
-791826.233050
-791826.233050
-791825.865752
-791825.865752
-791825.430972
-791825.430972
-791824.888630
-791824.888630
-791824.163948
-791824.163948
-791823.202641
-791823.202641
-791822.137466
-791822.137466
-791821.330992
-791821.330992
-791820.976306
-791820.976306
-791820.737660
-791820.737660
-791820.509172
-791820.509172
-791820.264926
-791820.264926
-791819.999644
-791819.999644
-791819.708638
-791819.708638
-791819.384906
-791819.384906
-791819.017080
-791819.017080
-791818.585985
-791818.585985
-791818.055019
-791818.055019
-791817.366470
-791817.366470
-791816.696447
-791816.696447
-791816.243978
-791816.243978
-791815.675270
-791815.675270
-791814.874857
-791814.874857
-791814.027368
-791814.027368
-791813.463173
-791813.463173
-791813.169928
-791813.169928
-791812.889596
-791812.889596
-791812.578429
-791812.578429
-791812.263681
-791812.263681
-791812.004883
-791812.004883
-791811.781104
-791811.781104
-791811.543554
-791811.543554
-791811.275782
-791811.275782
-791810.962418
-791810.962418
-791810.574919
-791810.574919
-791810.048915
-791810.048915
-791809.219629
-791809.219629
-791808.189950
-791808.189950
-791807.739417
-791807.739417
-791807.246012
-791807.246012
-791806.811583
-791806.811583
-791806.456093
-791806.456093
-791806.057939
-791806.057939
-791805.601951
-791805.601951
-791805.100601
-791805.100601
-791804.584781
-791804.584781
-791804.014897
-791804.014897
-791803.745604
-791803.745604
-791803.592236
-791803.592236
-791803.432077
-791803.432077
-791803.262362
-791803.262362
-791803.080234
-791803.080234
-791802.880499
-791802.880499
-791802.653723
-791802.653723
-791802.384138
-791802.384138
-791802.052893
-791802.052893
-791801.677447
-791801.677447
-791801.356714
-791801.356714
-791801.062338
-791801.062338
-791800.719074
-791800.719074
-791800.358732
-791800.358732
-791800.060311
-791800.060311
-791799.783858
-791799.783858
-791799.491528
-791799.491528
-791799.184946
-791799.184946
-791798.891245
-791798.891245
-791798.665507
-791798.665507
-791798.478449
-791798.478449
-791798.277461
-791798.277461
-791798.044836
-791798.044836
-791797.763929
-791797.763929
-791797.412745
-791797.412745
-791796.991285
-791796.991285
-791796.607083
-791796.607083
-791796.333806
-791796.333806
-791796.141605
-791796.141605
-791795.992380
-791795.992380
-791795.845339
-791795.845339
-791795.692386
-791795.692386
-791795.531847
-791795.531847
-791795.362523
-791795.362523
-791795.182989
-791795.182989
-791794.991498
-791794.991498
-791794.786655
-791794.786655
-791794.569659
-791794.569659
-791794.347364
-791794.347364
-791794.128955
-791794.128955
-791793.911868
-791793.911868
-791793.680023
-791793.680023
-791793.416686
-791793.416686
-791793.107464
-791793.107464
-791792.747069
-791792.747069
-791792.371805
-791792.371805
-791792.024847
-791792.024847
-791791.621071
-791791.621071
-791791.014714
-791791.014714
-791790.007765
-791790.007765
-791789.429235
-791789.429235
-791789.011705
-791789.011705
-791788.325387
-791788.325387
-791787.399479
-791787.399479
-791787.152237
-791787.152237
-791786.941772
-791786.941772
-791786.703686
-791786.703686
-791786.423036
-791786.423036
-791786.076703
-791786.076703
-791785.649951
-791785.649951
-791785.252230
-791785.252230
-791784.993068
-791784.993068
-791784.730884
-791784.730884
-791784.423438
-791784.423438
-791784.062104
-791784.062104
-791783.674737
-791783.674737
-791783.324399
-791783.324399
-791782.972902
-791782.972902
-791782.566503
-791782.566503
-791782.134407
-791782.134407
-791781.728567
-791781.728567
-791781.306732
-791781.306732
-791780.991404
-791780.991404
-791780.819407
-791780.819407
-791780.663652
-791780.663652
-791780.511244
-791780.511244
-791780.361213
-791780.361213
-791780.211296
-791780.211296
-791780.058485
-791780.058485
-791779.900046
-791779.900046
-791779.733942
-791779.733942
-791779.558689
-791779.558689
-791779.373092
-791779.373092
-791779.176052
-791779.176052
-791778.966457
-791778.966457
-791778.743600
-791778.743600
-791778.509452
-791778.509452
-791778.273702
-791778.273702
-791778.053473
-791778.053473
-791777.854434
-791777.854434
-791777.664601
-791777.664601
-791777.475868
-791777.475868
-791777.287679
-791777.287679
-791777.100537
-791777.100537
-791776.913705
-791776.913705
-791776.725799
-791776.725799
-791776.535571
-791776.535571
-791776.341290
-791776.341290
-791776.139413
-791776.139413
-791775.924286
-791775.924286
-791775.688622
-791775.688622
-791775.422797
-791775.422797
-791775.111260
-791775.111260
-791774.723290
-791774.723290
-791774.199242
-791774.199242
-791773.594581
-791773.594581
-791773.337580
-791773.337580
-791773.175775
-791773.175775
-791773.021240
-791773.021240
-791772.869213
-791772.869213
-791772.716188
-791772.716188
-791772.560711
-791772.560711
-791772.402426
-791772.402426
-791772.240971
-791772.240971
-791772.075869
-791772.075869
-791771.907344
-791771.907344
-791771.737187
-791771.737187
-791771.568442
-791771.568442
-791771.403085
-791771.403085
-791771.239515
-791771.239515
-791771.073356
-791771.073356
-791770.900193
-791770.900193
-791770.716464
-791770.716464
-791770.518652
-791770.518652
-791770.302277
-791770.302277
-791770.060965
-791770.060965
-791769.785466
-791769.785466
-791769.463625
-791769.463625
-791769.088732
-791769.088732
-791768.701178
-791768.701178
-791768.403601
-791768.403601
-791768.184519
-791768.184519
-791767.985639
-791767.985639
-791767.782404
-791767.782404
-791767.563362
-791767.563362
-791767.320742
-791767.320742
-791767.044008
-791767.044008
-791766.717050
-791766.717050
-791766.325491
-791766.325491
-791765.920594
-791765.920594
-791765.635190
-791765.635190
-791765.406609
-791765.406609
-791765.178733
-791765.178733
-791764.945573
-791764.945573
-791764.702021
-791764.702021
-791764.444105
-791764.444105
-791764.170155
-791764.170155
-791763.880583
-791763.880583
-791763.577827
-791763.577827
-791763.264722
-791763.264722
-791762.932626
-791762.932626
-791762.544048
-791762.544048
-791762.039612
-791762.039612
-791761.480054
-791761.480054
-791761.148895
-791761.148895
-791760.855755
-791760.855755
-791760.521492
-791760.521492
-791760.123188
-791760.123188
-791759.612220
-791759.612220
-791758.858520
-791758.858520
-791757.722353
-791757.722353
-791757.219112
-791757.219112
-791756.823137
-791756.823137
-791756.350709
-791756.350709
-791755.792251
-791755.792251
-791755.273657
-791755.273657
-791754.923802
-791754.923802
-791754.691172
-791754.691172
-791754.481164
-791754.481164
-791754.264017
-791754.264017
-791754.035807
-791754.035807
-791753.793564
-791753.793564
-791753.533015
-791753.533015
-791753.247439
-791753.247439
-791752.925181
-791752.925181
-791752.543037
-791752.543037
-791752.049969
-791752.049969
-791751.387527
-791751.387527
-791750.942112
-791750.942112
-791750.763084
-791750.763084
-791750.607435
-791750.607435
-791750.451533
-791750.451533
-791750.290172
-791750.290172
-791750.121301
-791750.121301
-791749.943330
-791749.943330
-791749.754691
-791749.754691
-791749.554042
-791749.554042
-791749.341020
-791749.341020
-791749.117809
-791749.117809
-791748.891275
-791748.891275
-791748.673258
-791748.673258
-791748.475188
-791748.475188
-791748.300737
-791748.300737
-791748.147309
-791748.147309
-791748.011615
-791748.011615
-791747.888536
-791747.888536
-791747.771338
-791747.771338
-791747.655541
-791747.655541
-791747.539408
-791747.539408
-791747.422402
-791747.422402
-791747.304317
-791747.304317
-791747.185005
-791747.185005
-791747.064316
-791747.064316
-791746.942089
-791746.942089
-791746.818135
-791746.818135
-791746.692240
-791746.692240
-791746.564151
-791746.564151
-791746.433571
-791746.433571
-791746.300149
-791746.300149
-791746.163461
-791746.163461
-791746.022996
-791746.022996
-791745.878129
-791745.878129
-791745.728086
-791745.728086
-791745.571903
-791745.571903
-791745.408367
-791745.408367
-791745.235945
-791745.235945
-791745.052696
-791745.052696
-791744.856198
-791744.856198
-791744.643512
-791744.643512
-791744.411296
-791744.411296
-791744.155991
-791744.155991
-791743.873323
-791743.873323
-791743.555195
-791743.555195
-791743.189795
-791743.189795
-791742.812139
-791742.812139
-791742.549963
-791742.549963
-791742.352459
-791742.352459
-791742.147181
-791742.147181
-791741.932072
-791741.932072
-791741.724416
-791741.724416
-791741.542454
-791741.542454
-791741.376081
-791741.376081
-791741.205162
-791741.205162
-791741.019785
-791741.019785
-791740.812212
-791740.812212
-791740.571413
-791740.571413
-791740.291814
-791740.291814
-791740.021736
-791740.021736
-791739.846481
-791739.846481
-791739.715358
-791739.715358
-791739.585836
-791739.585836
-791739.454301
-791739.454301
-791739.320246
-791739.320246
-791739.183186
-791739.183186
-791739.042523
-791739.042523
-791738.897489
-791738.897489
-791738.747051
-791738.747051
-791738.589782
-791738.589782
-791738.423645
-791738.423645
-791738.245620
-791738.245620
-791738.051071
-791738.051071
-791737.832673
-791737.832673
-791737.579046
-791737.579046
-791737.276249
-791737.276249
-791736.931526
-791736.931526
-791736.629405
-791736.629405
-791736.400289
-791736.400289
-791736.163859
-791736.163859
-791735.890341
-791735.890341
-791735.557272
-791735.557272
-791735.129136
-791735.129136
-791734.584504
-791734.584504
-791734.079535
-791734.079535
-791733.796239
-791733.796239
-791733.655591
-791733.655591
-791733.534118
-791733.534118
-791733.412635
-791733.412635
-791733.290510
-791733.290510
-791733.167629
-791733.167629
-791733.043928
-791733.043928
-791732.919352
-791732.919352
-791732.793847
-791732.793847
-791732.667360
-791732.667360
-791732.539833
-791732.539833
-791732.411206
-791732.411206
-791732.281413
-791732.281413
-791732.150385
-791732.150385
-791732.018043
-791732.018043
-791731.884303
-791731.884303
-791731.749071
-791731.749071
-791731.612241
-791731.612241
-791731.473697
-791731.473697
-791731.333304
-791731.333304
-791731.190911
-791731.190911
-791731.046344
-791731.046344
-791730.899404
-791730.899404
-791730.749857
-791730.749857
-791730.597431
-791730.597431
-791730.441801
-791730.441801
-791730.282580
-791730.282580
-791730.119298
-791730.119298
-791729.951379
-791729.951379
-791729.778098
-791729.778098
-791729.598535
-791729.598535
-791729.411487
-791729.411487
-791729.215338
-791729.215338
-791729.007839
-791729.007839
-791728.785719
-791728.785719
-791728.543944
-791728.543944
-791728.274187
-791728.274187
-791727.961348
-791727.961348
-791727.575088
-791727.575088
-791727.053826
-791727.053826
-791726.393129
-791726.393129
-791726.035851
-791726.035851
-791725.804983
-791725.804983
-791725.560595
-791725.560595
-791725.299902
-791725.299902
-791725.022679
-791725.022679
-791724.731818
-791724.731818
-791724.434886
-791724.434886
-791724.145700
-791724.145700
-791723.884290
-791723.884290
-791723.661848
-791723.661848
-791723.460402
-791723.460402
-791723.248683
-791723.248683
-791723.006763
-791723.006763
-791722.750706
-791722.750706
-791722.544842
-791722.544842
-791722.382240
-791722.382240
-791722.224083
-791722.224083
-791722.064129
-791722.064129
-791721.901922
-791721.901922
-791721.737238
-791721.737238
-791721.569849
-791721.569849
-791721.399504
-791721.399504
-791721.225918
-791721.225918
-791721.048765
-791721.048765
-791720.867663
-791720.867663
-791720.682168
-791720.682168
-791720.491757
-791720.491757
-791720.295806
-791720.295806
-791720.093573
-791720.093573
-791719.884161
-791719.884161
-791719.666493
-791719.666493
-791719.439272
-791719.439272
-791719.200973
-791719.200973
-791718.949870
-791718.949870
-791718.684225
-791718.684225
-791718.402753
-791718.402753
-791718.105493
-791718.105493
-791717.794458
-791717.794458
-791717.471834
-791717.471834
-791717.134492
-791717.134492
-791716.770807
-791716.770807
-791716.363487
-791716.363487
-791715.889605
-791715.889605
-791715.312954
-791715.312954
-791714.574902
-791714.574902
-791713.665352
-791713.665352
-791712.779335
-791712.779335
-791711.591538
-791711.591538
-791710.640021
-791710.640021
-791710.121155
-791710.121155
-791709.748988
-791709.748988
-791709.404080
-791709.404080
-791709.001168
-791709.001168
-791708.492896
-791708.492896
-791707.803180
-791707.803180
-791707.067437
-791707.067437
-791706.675283
-791706.675283
-791706.321744
-791706.321744
-791705.948889
-791705.948889
-791705.538082
-791705.538082
-791705.099129
-791705.099129
-791704.689566
-791704.689566
-791704.381313
-791704.381313
-791704.152876
-791704.152876
-791703.941737
-791703.941737
-791703.726976
-791703.726976
-791703.504468
-791703.504468
-791703.271981
-791703.271981
-791703.027044
-791703.027044
-791702.766887
-791702.766887
-791702.489366
-791702.489366
-791702.195641
-791702.195641
-791701.893425
-791701.893425
-791701.591626
-791701.591626
-791701.284545
-791701.284545
-791700.953655
-791700.953655
-791700.578168
-791700.578168
-791700.126358
-791700.126358
-791699.524597
-791699.524597
-791698.571337
-791698.571337
-791697.503180
-791697.503180
-791697.060037
-791697.060037
-791696.561049
-791696.561049
-791695.958736
-791695.958736
-791695.257827
-791695.257827
-791694.566853
-791694.566853
-791693.955635
-791693.955635
-791693.578940
-791693.578940
-791693.342925
-791693.342925
-791693.142144
-791693.142144
-791692.943470
-791692.943470
-791692.739272
-791692.739272
-791692.527121
-791692.527121
-791692.304488
-791692.304488
-791692.067826
-791692.067826
-791691.812090
-791691.812090
-791691.530588
-791691.530588
-791691.216904
-791691.216904
-791690.874315
-791690.874315
-791690.534624
-791690.534624
-791690.246705
-791690.246705
-791690.021613
-791690.021613
-791689.829118
-791689.829118
-791689.642393
-791689.642393
-791689.454299
-791689.454299
-791689.263732
-791689.263732
-791689.070261
-791689.070261
-791688.873460
-791688.873460
-791688.672819
-791688.672819
-791688.467709
-791688.467709
-791688.257341
-791688.257341
-791688.040723
-791688.040723
-791687.816605
-791687.816605
-791687.583436
-791687.583436
-791687.339364
-791687.339364
-791687.082375
-791687.082375
-791686.810735
-791686.810735
-791686.523741
-791686.523741
-791686.221685
-791686.221685
-791685.901910
-791685.901910
-791685.551388
-791685.551388
-791685.153076
-791685.153076
-791684.751360
-791684.751360
-791684.475869
-791684.475869
-791684.264203
-791684.264203
-791684.053509
-791684.053509
-791683.839841
-791683.839841
-791683.622825
-791683.622825
-791683.402104
-791683.402104
-791683.177268
-791683.177268
-791682.947825
-791682.947825
-791682.713177
-791682.713177
-791682.472584
-791682.472584
-791682.225118
-791682.225118
-791681.969592
-791681.969592
-791681.704464
-791681.704464
-791681.427695
-791681.427695
-791681.136545
-791681.136545
-791680.827308
-791680.827308
-791680.495003
-791680.495003
-791680.133259
-791680.133259
-791679.735009
-791679.735009
-791679.294790
-791679.294790
-791678.812439
-791678.812439
-791678.322797
-791678.322797
-791677.950574
-791677.950574
-791677.656163
-791677.656163
-791677.346359
-791677.346359
-791677.002382
-791677.002382
-791676.607087
-791676.607087
-791676.149999
-791676.149999
-791675.710689
-791675.710689
-791675.412468
-791675.412468
-791675.151213
-791675.151213
-791674.881829
-791674.881829
-791674.601152
-791674.601152
-791674.306914
-791674.306914
-791673.996317
-791673.996317
-791673.665990
-791673.665990
-791673.312206
-791673.312206
-791672.931660
-791672.931660
-791672.522916
-791672.522916
-791672.087542
-791672.087542
-791671.631409
-791671.631409
-791671.172217
-791671.172217
-791670.724111
-791670.724111
-791670.250957
-791670.250957
-791669.708984
-791669.708984
-791669.117515
-791669.117515
-791668.606395
-791668.606395
-791668.166126
-791668.166126
-791667.753879
-791667.753879
-791667.350646
-791667.350646
-791666.900424
-791666.900424
-791666.376722
-791666.376722
-791665.858115
-791665.858115
-791665.459387
-791665.459387
-791665.065161
-791665.065161
-791664.618599
-791664.618599
-791664.085966
-791664.085966
-791663.401703
-791663.401703
-791662.466722
-791662.466722
-791661.594804
-791661.594804
-791661.186983
-791661.186983
-791660.869968
-791660.869968
-791660.539809
-791660.539809
-791660.183688
-791660.183688
-791659.792199
-791659.792199
-791659.352705
-791659.352705
-791658.849242
-791658.849242
-791658.268627
-791658.268627
-791657.624664
-791657.624664
-791657.039545
-791657.039545
-791656.660897
-791656.660897
-791656.363150
-791656.363150
-791656.076202
-791656.076202
-791655.782758
-791655.782758
-791655.478672
-791655.478672
-791655.161458
-791655.161458
-791654.828027
-791654.828027
-791654.474094
-791654.474094
-791654.093443
-791654.093443
-791653.676614
-791653.676614
-791653.208424
-791653.208424
-791652.663734
-791652.663734
-791652.007459
-791652.007459
-791651.263741
-791651.263741
-791650.629412
-791650.629412
-791650.035192
-791650.035192
-791649.415776
-791649.415776
-791648.771357
-791648.771357
-791647.938348
-791647.938348
-791646.741509
-791646.741509
-791646.291115
-791646.291115
-791139.195662
-791139.195662
-790950.204354
-790950.204354
-790846.147897
-790846.147897
-790779.873112
-790779.873112
-790734.277327
-790734.277327
-790701.325589
-790701.325589
-790676.150676
-790676.150676
-790655.769373
-790655.769373
-790638.879074
-790638.879074
-790624.892614
-790624.892614
-790613.152180
-790613.152180
-790603.089402
-790603.089402
-790594.207774
-790594.207774
-790586.105800
-790586.105800
-790578.869779
-790578.869779
-790572.869093
-790572.869093
-790567.502710
-790567.502710
-790562.577086
-790562.577086
-790557.983129
-790557.983129
-790553.656487
-790553.656487
-790549.788366
-790549.788366
-790546.322344
-790546.322344
-790543.043109
-790543.043109
-790539.893537
-790539.893537
-790536.919189
-790536.919189
-790534.088918
-790534.088918
-790531.352981
-790531.352981
-790528.830506
-790528.830506
-790526.783388
-790526.783388
-790524.891916
-790524.891916
-790523.019517
-790523.019517
-790521.080370
-790521.080370
-790519.001590
-790519.001590
-790516.793451
-790516.793451
-790514.647105
-790514.647105
-790512.644040
-790512.644040
-790510.658014
-790510.658014
-790508.619226
-790508.619226
-790506.464674
-790506.464674
-790504.339063
-790504.339063
-790502.530219
-790502.530219
-790501.000000
-790501.000000
-790499.434611
-790499.434611
-790497.688127
-790497.688127
-790495.744519
-790495.744519
-790493.636744
-790493.636744
-790491.410500
-790491.410500
-790489.077725
-790489.077725
-790486.640683
-790486.640683
-790484.110243
-790484.110243
-790481.313924
-790481.313924
-790479.112838
-790479.112838
-790477.304248
-790477.304248
-790475.340815
-790475.340815
-790473.188328
-790473.188328
-790470.828439
-790470.828439
-790468.252819
-790468.252819
-790465.465817
-790465.465817
-790462.542851
-790462.542851
-790459.674130
-790459.674130
-790456.806651
-790456.806651
-790453.859610
-790453.859610
-790450.824573
-790450.824573
-790447.819944
-790447.819944
-790444.786888
-790444.786888
-790441.762094
-790441.762094
-790438.844037
-790438.844037
-790435.747948
-790435.747948
-790432.694486
-790432.694486
-790429.952653
-790429.952653
-790427.242904
-790427.242904
-790424.512583
-790424.512583
-790421.724076
-790421.724076
-790418.835058
-790418.835058
-790415.803595
-790415.803595
-790412.584876
-790412.584876
-790409.130262
-790409.130262
-790405.498854
-790405.498854
-790401.915337
-790401.915337
-790398.866645
-790398.866645
-790396.251240
-790396.251240
-790393.971652
-790393.971652
-790391.786784
-790391.786784
-790389.684700
-790389.684700
-790387.667165
-790387.667165
-790385.730847
-790385.730847
-790383.865855
-790383.865855
-790382.055656
-790382.055656
-790380.270446
-790380.270446
-790378.440079
-790378.440079
-790376.404354
-790376.404354
-790374.156990
-790374.156990
-790372.413968
-790372.413968
-790370.941788
-790370.941788
-790369.556728
-790369.556728
-790368.165738
-790368.165738
-790366.765506
-790366.765506
-790365.356996
-790365.356996
-790363.939353
-790363.939353
-790362.506708
-790362.506708
-790361.043966
-790361.043966
-790359.520536
-790359.520536
-790357.883316
-790357.883316
-790356.077988
-790356.077988
-790354.222257
-790354.222257
-790352.702311
-790352.702311
-790351.343279
-790351.343279
-790349.851302
-790349.851302
-790348.191928
-790348.191928
-790346.905681
-790346.905681
-790345.978882
-790345.978882
-790345.086842
-790345.086842
-790344.204228
-790344.204228
-790343.324507
-790343.324507
-790342.441155
-790342.441155
-790341.544031
-790341.544031
-790340.615499
-790340.615499
-790339.629279
-790339.629279
-790338.605756
-790338.605756
-790337.751118
-790337.751118
-790337.020056
-790337.020056
-790336.285319
-790336.285319
-790335.524986
-790335.524986
-790334.712653
-790334.712653
-790333.827065
-790333.827065
-790332.992572
-790332.992572
-790332.350882
-790332.350882
-790331.734675
-790331.734675
-790331.105287
-790331.105287
-790330.452920
-790330.452920
-790329.761426
-790329.761426
-790329.003455
-790329.003455
-790328.163553
-790328.163553
-790327.386184
-790327.386184
-790326.756789
-790326.756789
-790326.140505
-790326.140505
-790325.519622
-790325.519622
-790324.892713
-790324.892713
-790324.257512
-790324.257512
-790323.610207
-790323.610207
-790322.944596
-790322.944596
-790322.250655
-790322.250655
-790321.511832
-790321.511832
-790320.699612
-790320.699612
-790319.762451
-790319.762451
-790318.610680
-790318.610680
-790317.184791
-790317.184791
-790315.902389
-790315.902389
-790315.174752
-790315.174752
-790314.520924
-790314.520924
-790313.803221
-790313.803221
-790312.979432
-790312.979432
-790311.984653
-790311.984653
-790310.803420
-790310.803420
-790309.809633
-790309.809633
-790309.028843
-790309.028843
-790308.077927
-790308.077927
-790306.743452
-790306.743452
-790304.977221
-790304.977221
-790303.742240
-790303.742240
-790303.014681
-790303.014681
-790302.318398
-790302.318398
-790301.410923
-790301.410923
-790300.133762
-790300.133762
-790298.507540
-790298.507540
-790297.479560
-790297.479560
-790296.514514
-790296.514514
-790295.956697
-790295.956697
-790295.432768
-790295.432768
-790295.123682
-790295.123682
-790294.884958
-790294.884958
-790294.623368
-790294.623368
-790294.322127
-790294.322127
-790293.953443
-790293.953443
-790293.470700
-790293.470700
-790292.858899
-790292.858899
-790292.279929
-790292.279929
-790291.769212
-790291.769212
-790291.494855
-790291.494855
-790291.282198
-790291.282198
-790291.058231
-790291.058231
-790290.813761
-790290.813761
-790290.540359
-790290.540359
-790290.225560
-790290.225560
-790289.848579
-790289.848579
-790289.371282
-790289.371282
-790288.716982
-790288.716982
-790287.756268
-790287.756268
-790286.770052
-790286.770052
-790286.315969
-790286.315969
-790285.984775
-790285.984775
-790285.579898
-790285.579898
-790284.931366
-790284.931366
-790284.247667
-790284.247667
-790284.022690
-790284.022690
-790283.856953
-790283.856953
-790283.684577
-790283.684577
-790283.507060
-790283.507060
-790283.342215
-790283.342215
-790283.202566
-790283.202566
-790283.074733
-790283.074733
-790282.941033
-790282.941033
-790282.792754
-790282.792754
-790282.623073
-790282.623073
-790282.421716
-790282.421716
-790282.169773
-790282.169773
-790281.832781
-790281.832781
-790281.399074
-790281.399074
-790281.113118
-790281.113118
-790280.999092
-790280.999092
-790280.884540
-790280.884540
-790280.757018
-790280.757018
-790280.611162
-790280.611162
-790280.439679
-790280.439679
-790280.231468
-790280.231468
-790279.968173
-790279.968173
-790279.617012
-790279.617012
-790279.116123
-790279.116123
-790278.366532
-790278.366532
-790277.467054
-790277.467054
-790276.935352
-790276.935352
-790276.610009
-790276.610009
-790276.542198
-790276.542198
-790276.504224
-790276.504224
-790276.466173
-790276.466173
-790276.427533
-790276.427533
-790276.388088
-790276.388088
-790276.347636
-790276.347636
-790276.305943
-790276.305943
-790276.262728
-790276.262728
-790276.217647
-790276.217647
-790276.170265
-790276.170265
-790276.120027
-790276.120027
-790276.066209
-790276.066209
-790276.007844
-790276.007844
-790275.943612
-790275.943612
-790275.871679
-790275.871679
-790275.789466
-790275.789466
-790275.693382
-790275.693382
-790275.578857
-790275.578857
-790275.442207
-790275.442207
-790275.289168
-790275.289168
-790275.150507
-790275.150507
-790275.057072
-790275.057072
-790274.986721
-790274.986721
-790274.914701
-790274.914701
-790274.834993
-790274.834993
-790274.744947
-790274.744947
-790274.641163
-790274.641163
-790274.518499
-790274.518499
-790274.368605
-790274.368605
-790274.176770
-790274.176770
-790273.914334
-790273.914334
-790273.521644
-790273.521644
-790272.934735
-790272.934735
-790272.520125
-790272.520125
-790272.263219
-790272.263219
-790271.891438
-790271.891438
-790271.580472
-790271.580472
-790271.526930
-790271.526930
-790271.498077
-790271.498077
-790271.468924
-790271.468924
-790271.439218
-790271.439218
-790271.408873
-790271.408873
-790271.377813
-790271.377813
-790271.345963
-790271.345963
-790271.313236
-790271.313236
-790271.279536
-790271.279536
-790271.244757
-790271.244757
-790271.208775
-790271.208775
-790271.171448
-790271.171448
-790271.132613
-790271.132613
-790271.092078
-790271.092078
-790271.049617
-790271.049617
-790271.004960
-790271.004960
-790270.957778
-790270.957778
-790270.907670
-790270.907670
-790270.854136
-790270.854136
-790270.796541
-790270.796541
-790270.734060
-790270.734060
-790270.665599
-790270.665599
-790270.589657
-790270.589657
-790270.504101
-790270.504101
-790270.405765
-790270.405765
-790270.289678
-790270.289678
-790270.147484
-790270.147484
-790269.963973
-790269.963973
-790269.709520
-790269.709520
-790269.334607
-790269.334607
-790268.905214
-790268.905214
-790268.743578
-790268.743578
-790268.646495
-790268.646495
-790268.538613
-790268.538613
-790268.417110
-790268.417110
-790268.280522
-790268.280522
-790268.130775
-790268.130775
-790267.977624
-790267.977624
-790267.836493
-790267.836493
-790267.708714
-790267.708714
-790267.576540
-790267.576540
-790267.423886
-790267.423886
-790267.238710
-790267.238710
-790267.004722
-790267.004722
-790266.692940
-790266.692940
-790266.247154
-790266.247154
-790265.575304
-790265.575304
-790264.786511
-790264.786511
-790264.387021
-790264.387021
-790264.255750
-790264.255750
-790264.159461
-790264.159461
-790264.085574
-790264.085574
-790264.017913
-790264.017913
-790263.946785
-790263.946785
-790263.869124
-790263.869124
-790263.783195
-790263.783195
-790263.687128
-790263.687128
-790263.578889
-790263.578889
-790263.457142
-790263.457142
-790263.324137
-790263.324137
-790263.191457
-790263.191457
-790263.079331
-790263.079331
-790262.992936
-790262.992936
-790262.914966
-790262.914966
-790262.832571
-790262.832571
-790262.741419
-790262.741419
-790262.638876
-790262.638876
-790262.521624
-790262.521624
-790262.384739
-790262.384739
-790262.220374
-790262.220374
-790262.015026
-790262.015026
-790261.743674
-790261.743674
-790261.362067
-790261.362067
-790260.870942
-790260.870942
-790260.561731
-790260.561731
-790260.347833
-790260.347833
-790260.055191
-790260.055191
-790259.580556
-790259.580556
-790258.802877
-790258.802877
-790258.399918
-790258.399918
-790258.174292
-790258.174292
-790257.864402
-790257.864402
-790257.445697
-790257.445697
-790257.269890
-790257.269890
-790257.225825
-790257.225825
-790257.177346
-790257.177346
-790257.119893
-790257.119893
-790257.049283
-790257.049283
-790256.958529
-790256.958529
-790256.834865
-790256.834865
-790256.652955
-790256.652955
-790256.363176
-790256.363176
-790255.952559
-790255.952559
-790255.773679
-790255.773679
-790255.753744
-790255.753744
-790255.736047
-790255.736047
-790255.717695
-790255.717695
-790255.698406
-790255.698406
-790255.677919
-790255.677919
-790255.655930
-790255.655930
-790255.632056
-790255.632056
-790255.605800
-790255.605800
-790255.576505
-790255.576505
-790255.543273
-790255.543273
-790255.504858
-790255.504858
-790255.459488
-790255.459488
-790255.404611
-790255.404611
-790255.336589
-790255.336589
-790255.250665
-790255.250665
-790255.142881
-790255.142881
-790255.019641
-790255.019641
-790254.916062
-790254.916062
-790254.866281
-790254.866281
-790254.844494
-790254.844494
-790254.826221
-790254.826221
-790254.807506
-790254.807506
-790254.788018
-790254.788018
-790254.767647
-790254.767647
-790254.746288
-790254.746288
-790254.723822
-790254.723822
-790254.700115
-790254.700115
-790254.675017
-790254.675017
-790254.648359
-790254.648359
-790254.619958
-790254.619958
-790254.589620
-790254.589620
-790254.557160
-790254.557160
-790254.522433
-790254.522433
-790254.485394
-790254.485394
-790254.446204
-790254.446204
-790254.405371
-790254.405371
-790254.363896
-790254.363896
-790254.323257
-790254.323257
-790254.284991
-790254.284991
-790254.249871
-790254.249871
-790254.217254
-790254.217254
-790254.185346
-790254.185346
-790254.152075
-790254.152075
-790254.115622
-790254.115622
-790254.074362
-790254.074362
-790254.026542
-790254.026542
-790253.969887
-790253.969887
-790253.901108
-790253.901108
-790253.815064
-790253.815064
-790253.703127
-790253.703127
-790253.549556
-790253.549556
-790253.323289
-790253.323289
-790252.968195
-790252.968195
-790252.529999
-790252.529999
-790252.375245
-790252.375245
-790252.289793
-790252.289793
-790252.184377
-790252.184377
-790252.077838
-790252.077838
-790252.012210
-790252.012210
-790251.987578
-790251.987578
-790251.972890
-790251.972890
-790251.958617
-790251.958617
-790251.943856
-790251.943856
-790251.928495
-790251.928495
-790251.912458
-790251.912458
-790251.895666
-790251.895666
-790251.878029
-790251.878029
-790251.859443
-790251.859443
-790251.839788
-790251.839788
-790251.818923
-790251.818923
-790251.796680
-790251.796680
-790251.772859
-790251.772859
-790251.747217
-790251.747217
-790251.719460
-790251.719460
-790251.689221
-790251.689221
-790251.656041
-790251.656041
-790251.619338
-790251.619338
-790251.578360
-790251.578360
-790251.532128
-790251.532128
-790251.479354
-790251.479354
-790251.418354
-790251.418354
-790251.347016
-790251.347016
-790251.263084
-790251.263084
-790251.165597
-790251.165597
-790251.059392
-790251.059392
-790250.961966
-790250.961966
-790250.894393
-790250.894393
-790250.851130
-790250.851130
-790250.812600
-790250.812600
-790250.770338
-790250.770338
-790250.721756
-790250.721756
-790250.664647
-790250.664647
-790250.595826
-790250.595826
-790250.510178
-790250.510178
-790250.398847
-790250.398847
-790250.245120
-790250.245120
-790250.015000
-790250.015000
-790249.650754
-790249.650754
-790249.264664
-790249.264664
-790249.197863
-790249.197863
-790249.182170
-790249.182170
-790249.166155
-790249.166155
-790249.149410
-790249.149410
-790249.131814
-790249.131814
-790249.113258
-790249.113258
-790249.093618
-790249.093618
-790249.072750
-790249.072750
-790249.050485
-790249.050485
-790249.026618
-790249.026618
-790249.000904
-790249.000904
-790248.973042
-790248.973042
-790248.942661
-790248.942661
-790248.909299
-790248.909299
-790248.872366
-790248.872366
-790248.831106
-790248.831106
-790248.784523
-790248.784523
-790248.731286
-790248.731286
-790248.669573
-790248.669573
-790248.596833
-790248.596833
-790248.509441
-790248.509441
-790248.402248
-790248.402248
-790248.268503
-790248.268503
-790248.102588
-790248.102588
-790247.914073
-790247.914073
-790247.749327
-790247.749327
-790247.634358
-790247.634358
-790247.532990
-790247.532990
-790247.443745
-790247.443745
-790247.390115
-790247.390115
-790247.367759
-790247.367759
-790247.354909
-790247.354909
-790247.343159
-790247.343159
-790247.331304
-790247.331304
-790247.319219
-790247.319219
-790247.306872
-790247.306872
-790247.294244
-790247.294244
-790247.281315
-790247.281315
-790247.268065
-790247.268065
-790247.254473
-790247.254473
-790247.240517
-790247.240517
-790247.226171
-790247.226171
-790247.211410
-790247.211410
-790247.196204
-790247.196204
-790247.180522
-790247.180522
-790247.164330
-790247.164330
-790247.147590
-790247.147590
-790247.130259
-790247.130259
-790247.112293
-790247.112293
-790247.093639
-790247.093639
-790247.074240
-790247.074240
-790247.054033
-790247.054033
-790247.032947
-790247.032947
-790247.010901
-790247.010901
-790246.987805
-790246.987805
-790246.963554
-790246.963554
-790246.938031
-790246.938031
-790246.911101
-790246.911101
-790246.882605
-790246.882605
-790246.852362
-790246.852362
-790246.820159
-790246.820159
-790246.785740
-790246.785740
-790246.748807
-790246.748807
-790246.708996
-790246.708996
-790246.665865
-790246.665865
-790246.618872
-790246.618872
-790246.567340
-790246.567340
-790246.510412
-790246.510412
-790246.446987
-790246.446987
-790246.375628
-790246.375628
-790246.294425
-790246.294425
-790246.200808
-790246.200808
-790246.091290
-790246.091290
-790245.961244
-790245.961244
-790245.805088
-790245.805088
-790245.618589
-790245.618589
-790245.408337
-790245.408337
-790245.212740
-790245.212740
-790245.093392
-790245.093392
-790245.047004
-790245.047004
-790245.022083
-790245.022083
-790244.998071
-790244.998071
-790244.971777
-790244.971777
-790244.942289
-790244.942289
-790244.908669
-790244.908669
-790244.869647
-790244.869647
-790244.823416
-790244.823416
-790244.767346
-790244.767346
-790244.697563
-790244.697563
-790244.608551
-790244.608551
-790244.493928
-790244.493928
-790244.353730
-790244.353730
-790244.217753
-790244.217753
-790244.137914
-790244.137914
-790244.097038
-790244.097038
-790244.058667
-790244.058667
-790244.014941
-790244.014941
-790243.963690
-790243.963690
-790243.902334
-790243.902334
-790243.827093
-790243.827093
-790243.732176
-790243.732176
-790243.608375
-790243.608375
-790243.440499
-790243.440499
-790243.203115
-790243.203115
-790242.856309
-790242.856309
-790242.366834
-790242.366834
-790241.962222
-790241.962222
-790241.906061
-790241.906061
-790241.884885
-790241.884885
-790241.863371
-790241.863371
-790241.840746
-790241.840746
-790241.816772
-790241.816772
-790241.791219
-790241.791219
-790241.763814
-790241.763814
-790241.734219
-790241.734219
-790241.702010
-790241.702010
-790241.666634
-790241.666634
-790241.627362
-790241.627362
-790241.583209
-790241.583209
-790241.532805
-790241.532805
-790241.474198
-790241.474198
-790241.404535
-790241.404535
-790241.319590
-790241.319590
-790241.213271
-790241.213271
-790241.078360
-790241.078360
-790240.914795
-790240.914795
-790240.757151
-790240.757151
-790240.662311
-790240.662311
-790240.605410
-790240.605410
-790240.548826
-790240.548826
-790240.485828
-790240.485828
-790240.414516
-790240.414516
-790240.332597
-790240.332597
-790240.236769
-790240.236769
-790240.121998
-790240.121998
-790239.980088
-790239.980088
-790239.796543
-790239.796543
-790239.543171
-790239.543171
-790239.163384
-790239.163384
-790238.620432
-790238.620432
-790238.281479
-790238.281479
-790238.093688
-790238.093688
-790237.867832
-790237.867832
-790237.597586
-790237.597586
-790237.293919
-790237.293919
-790236.948950
-790236.948950
-790236.480055
-790236.480055
-790235.943421
-790235.943421
-790235.794214
-790235.794214
-790235.769593
-790235.769593
-790235.757268
-790235.757268
-790235.745916
-790235.745916
-790235.734326
-790235.734326
-790235.722357
-790235.722357
-790235.709936
-790235.709936
-790235.696994
-790235.696994
-790235.683453
-790235.683453
-790235.669223
-790235.669223
-790235.654201
-790235.654201
-790235.638260
-790235.638260
-790235.621249
-790235.621249
-790235.602982
-790235.602982
-790235.583229
-790235.583229
-790235.561701
-790235.561701
-790235.538025
-790235.538025
-790235.511721
-790235.511721
-790235.482147
-790235.482147
-790235.448431
-790235.448431
-790235.409353
-790235.409353
-790235.363147
-790235.363147
-790235.307144
-790235.307144
-790235.237095
-790235.237095
-790235.145780
-790235.145780
-790235.019845
-790235.019845
-790234.832151
-790234.832151
-790234.525951
-790234.525951
-790234.068288
-790234.068288
-790233.866311
-790233.866311
-790233.845889
-790233.845889
-790233.826821
-790233.826821
-790233.806522
-790233.806522
-790233.784678
-790233.784678
-790233.760995
-790233.760995
-790233.735118
-790233.735118
-790233.706597
-790233.706597
-790233.674852
-790233.674852
-790233.639114
-790233.639114
-790233.598346
-790233.598346
-790233.551122
-790233.551122
-790233.495451
-790233.495451
-790233.428554
-790233.428554
-790233.346768
-790233.346768
-790233.246416
-790233.246416
-790233.129004
-790233.129004
-790233.016342
-790233.016342
-790232.950818
-790232.950818
-790232.931033
-790232.931033
-790232.923115
-790232.923115
